-1.3263
-1.7469
-1.7115
-1.6967
-1.8808
-1.9378
-1.9601
-2.0934
-2.1628
-2.1613
-2.1899
-2.2044
-2.2528
-2.3144
-2.4651
-2.4916
-2.6302
-2.842
-2.8878
-2.8967
-2.8202
-2.839
-2.668
-2.6963
-2.8169
-2.6881
-2.4787
-2.5163
-2.506
-2.4832
-2.5788
-2.4454
-2.368
-2.4278
-2.4766
-2.4361
-2.3031
-2.3586
-2.3485
-2.3285
-2.3103
-2.3051
-2.346
-2.3413
-2.3196
-2.3058
-2.3811
-2.3358
-2.2859
-2.1646
-2.3089
-2.1576
-2.0885
-2.1942
-2.3712
-2.3292
-2.3072
-2.2286
-2.2742
-2.3723
-2.286
-2.2888
-2.3036
-2.4901
-2.4099
-2.5747
-2.6586
-2.4804
-2.3662
-2.23
-2.1706
-1.862
-1.8519
-1.8648
-1.5567
-1.5423
-1.5274
-1.4581
-1.5171
-1.3659
-1.3129
-1.3595
-1.3808
-1.4458
-1.4498
-1.683
-1.6857
-1.6585
-1.9724
-2.0095
-2.0079
-2.0423
-2.0495
-2.3783
-2.5587
-2.5898
-2.5175
-2.4553
-2.3528
-2.3603
-2.3631
-2.4182
-2.4374
-2.402
-2.4148
-2.5224
-2.418
-2.4295
-2.4454
-2.4536
-2.5835
-2.4945
-2.6864
-2.6788
-2.6456
-2.6225
-2.5901
-2.6518
-2.6182
-2.6545
-2.7652
-2.7822
-2.8111
-2.7536
-2.7231
-2.9764
-2.9262
-2.8768
-2.9312
-2.9103
-3.1694
-3.1697
-3.4024
-3.3441
-3.3343
-3.2714
-3.2601
-3.2504
-3.239
-3.1191
-3.2117
-3.3511
-3.2873
-3.3392
-3.2508
-3.2942
-3.165
-3.1204
-3.1586
-3.1798
-3.1344
-3.2353
-3.3432
-3.32
-3.361
-3.3334
-3.3923
-3.4298
-3.5969
-3.6191
-3.7831
-3.9408
-3.9224
-3.9843
-4.1285
-3.9618
-3.8745
-4.2119
-4.133
-4.1967
-4.0601
-3.874
-3.8742
-3.8302
-3.8473
-3.8422
-3.8766
-3.8799
-3.6434
-3.7933
-3.8807
-3.8811
-3.8592
-3.7611
-3.826
-3.8928
-3.8879
-3.7839
-3.5662
-3.5321
-3.5261
-3.5003
-3.7236
-3.4699
-3.4601
-3.3958
-3.4463
-3.4879
-3.4465
-3.514
-3.4792
-3.4865
-3.6546
-3.6817
-3.6958
-3.689
-3.722
-3.9665
-3.846
-3.936
-3.932
-3.9669
-4.0519
-4.0861
-4.1069
-4.2438
-4.3292
-4.3259
-4.3141
-4.35
-4.2591
-4.3684
-4.5672
-4.5641
-4.6226
-4.5771
-4.7145
-4.7021
-4.7857
-4.7881
-4.7751
-4.8166
-4.7146
-4.6999
-4.6327
-4.6596
-4.6775
-4.7076
-4.4723
-4.5648
-4.3511
-4.3382
-4.2316
-4.2909
-4.219
-4.0638
-4.0479
-4.1002
-4.0756
-3.9323
-3.8575
-3.8503
-3.8973
-3.835
-3.9576
-3.7643
-3.8354
-3.7939
-3.8455
-3.937
-3.9408
-3.9261
-4.0033
-4.1451
-4.2468
-4.0995
-4.1309
-4.1677
-4.1443
-4.4579
-4.4149
-4.4387
-4.4635
-4.5838
-4.4793
-4.4031
-4.3859
-4.4023
-4.4142
-4.3866
-4.4632
-4.4396
-4.4106
-4.4081
-4.4552
-4.428
-4.4261
-4.3517
-4.4468
-4.5527
-4.6358
-4.366
-4.3448
-4.4415
-4.387
-4.4707
-4.5213
-4.3982
-4.4239
-4.472
-4.4532
-4.4396
-4.5534
-4.4335
-4.4037
-4.5048
-4.5252
-4.5134
-4.5599
-4.4805
-4.4833
-4.5706
-4.5602
-4.4823
-4.4562
-4.514
-4.3789
-4.3923
-4.4141
-4.4856
-4.5028
-4.6618
-4.6259
-4.6846
-4.569
-4.5662
-4.5641
-4.6121
-4.6622
-4.716
-4.9363
-4.8818
-4.8822
-4.8192
-4.6353
-4.5537
-4.5098
-4.5519
-4.6397
-4.5399
-4.557
-4.5995
-4.6037
-4.4843
-4.4162
-4.4154
-4.4278
-4.4976
-4.5822
-4.6574
-4.5807
-4.5676
-4.5776
-4.6149
-4.5549
-4.4863
-4.2627
-4.3591
-4.3824
-4.4341
-4.3957
-4.4063
-4.467
-4.3914
-4.4896
-4.4993
-4.3077
-4.3971
-4.4028
-4.4727
-4.7369
-4.5425
-4.5775
-4.4093
-4.4458
-4.4057
-4.3923
-4.4676
-4.4196
-4.3043
-4.4484
-4.4341
-4.4774
-4.4595
-4.4126
-4.4883
-4.478
-4.7123
-4.7296
-4.7268
-4.7053
-4.7145
-4.7632
-4.7848
-4.8613
-4.8751
-4.7531
-4.7084
-4.7276
-4.8061
-4.8379
-4.6417
-4.4091
-4.3988
-4.4082
-4.3845
-4.3768
-4.4893
-4.3816
-4.2941
-4.319
-4.3766
-4.3806
-4.2876
-4.285
-4.4659
-4.6487
-4.7759
-4.6964
-4.7177
-4.7978
-4.7576
-4.9308
-5.0782
-4.8477
-4.748
-4.6112
-4.611
-4.5988
-4.5745
-4.4154
-4.3304
-4.3462
-4.3137
-4.3164
-4.3045
-4.2217
-4.226
-4.3987
-4.4301
-4.5483
-4.6925
-4.5792
-4.4889
-4.6107
-4.6486
-4.7342
-4.7816
-4.593
-4.6448
-4.6815
-4.6545
-4.4127
-4.267
-4.2279
-4.2037
-4.2868
-4.3602
-4.4266
-4.4163
-4.304
-4.2774
-4.4051
-4.3423
-4.3638
-4.399
-4.4777
-4.7172
-4.7015
-4.7341
-4.7355
-4.7384
-4.5628
-4.4708
-4.5379
-4.4784
-4.4604
-4.5067
-4.5679
-4.4703
-4.5655
-4.4197
-4.5295
-4.4939
-4.4773
-4.5015
-4.392
-4.4683
-4.4925
-4.56
-4.5968
-4.5448
-4.4445
-4.5098
-4.4965
-4.6302
-4.5312
-4.511
-4.461
-4.4505
-4.7691
-4.8481
-4.7674
-4.6545
-4.6298
-4.6644
-4.765
-4.793
-4.6459
-4.6742
-4.7478
-4.8434
-4.9322
-4.8633
-4.777
-4.5008
-4.5046
-4.6156
-4.5866
-4.6026
-4.5377
-4.406
-4.5534
-4.4568
-4.3717
-4.3456
-4.2033
-4.1746
-4.1935
-4.4007
-4.3899
-4.4127
-4.3728
-4.3483
-4.4085
-4.4954
-4.4852
-4.5664
-4.6329
-4.6702
-4.8088
-4.8404
-4.8759
-4.8378
-4.9712
-4.8823
-4.8391
-4.8804
-4.8665
-4.8947
-4.9595
-4.9379
-5.0087
-4.8653
-4.8853
-4.9658
-4.7918
-4.8319
-4.8518
-4.8954
-5.0899
-4.8402
-4.7933
-4.7276
-4.6779
-4.685
-4.6755
-4.7148
-4.7794
-4.7017
-4.8384
-4.8188
-4.7613
-4.6731
-4.6431
-4.8228
-4.7533
-4.8811
-4.935
-4.772
-4.5278
-4.51
-4.508
-4.5121
-4.511
-4.47
-4.5
-4.6022
-4.5825
-4.5242
-4.4831
-4.403
-4.4078
-4.482
-4.5805
-4.6658
-4.5051
-4.487
-4.4926
-4.5591
-4.4834
-4.4417
-4.4823
-4.5097
-4.5556
-4.6244
-4.6248
-4.5331
-4.5621
-4.4797
-4.6119
-4.7079
-4.7253
-4.6546
-4.6895
-4.722
-4.7276
-4.7766
-4.9244
-4.9368
-4.8535
-5.0973
-5.0831
-5.1144
-5.1573
-5.1738
-5.1689
-5.2657
-5.2652
-5.2359
-5.1821
-5.0065
-4.9875
-4.9282
-4.9143
-4.7862
-4.9623
-5.0377
-5.0518
-5.0529
-5.0285
-4.9315
-4.9572
-4.8156
-4.6458
-4.6793
-4.6109
-4.643
-4.632
-4.3551
-4.3153
-4.2264
-4.1867
-4.1191
-4.0353
-4.0649
-4.0792
-4.1092
-4.2183
-4.3014
-4.3181
-4.3269
-4.3875
-4.6919
-4.6719
-4.8322
-4.9223
-5.0814
-5.0454
-5.0368
-5.0441
-5.0995
-5.0803
-5.0353
-5.0564
-5.0075
-4.9933
-5.09
-5.1284
-5.0637
-4.8756
-4.807
-4.8169
-4.6595
-4.6305
-4.6963
-4.6973
-4.5009
-4.5344
-4.5284
-4.4942
-4.3194
-4.2983
-4.3024
-4.3991
-4.4387
-4.5995
-4.7701
-4.6672
-4.6604
-4.6491
-4.8972
-4.8867
-4.9064
-4.9454
-5.344
-5.519
-5.4109
-5.2521
-5.2133
-5.0266
-4.9677
-5.0508
-4.959
-4.9715
-4.8519
-4.8719
-4.8917
-4.9291
-4.7005
-4.679
-4.6762
-4.5294
-4.5298
-4.6106
-4.6252
-4.6303
-4.6655
-4.6312
-4.4751
-4.4384
-4.4468
-4.3925
-4.526
-4.4668
-4.5142
-4.7134
-4.6334
-4.6328
-4.6491
-4.7144
-4.6623
-4.6776
-4.999
-4.8705
-4.8837
-4.7952
-4.6531
-4.7465
-4.7054
-4.7069
-4.8026
-4.8417
-4.6572
-4.6269
-4.7071
-4.68
-4.6723
-4.7402
-4.7459
-4.8903
-4.9958
-4.8207
-4.867
-4.8369
-4.7024
-4.5893
-4.6143
-4.6384
-4.6081
-4.6248
-4.6112
-4.6036
-4.6058
-4.5761
-4.5397
-4.4977
-4.3911
-4.3535
-4.4373
-4.5343
-4.6603
-4.6647
-4.6859
-4.7246
-4.6687
-4.6017
-4.5588
-4.5204
-4.6356
-4.8169
-4.9791
-4.9401
-4.7972
-4.7961
-4.8355
-4.826
-4.7334
-4.7499
-4.6408
-4.7267
-4.7775
-4.7205
-4.6271
-4.526
-4.5245
-4.6425
-4.7796
-4.7857
-4.6989
-4.6234
-4.6298
-4.6
-4.7885
-4.6464
-4.5447
-4.6829
-4.5623
-4.6257
-4.6352
-4.5307
-4.5143
-4.519
-4.5511
-4.6435
-4.7185
-4.6502
-4.6643
-4.8841
-4.9375
-4.7967
-4.9504
-4.9591
-4.9865
-5.1087
-4.895
-4.8682
-4.8862
-4.821
-4.455
-4.5007
-4.3821
-4.3358
-4.3158
-4.3853
-4.3618
-4.3909
-4.3774
-4.2694
-4.3959
-4.3916
-4.3786
-4.2823
-4.5533
-4.4741
-4.5743
-4.6433
-4.7218
-4.7053
-4.7062
-4.6592
-4.579
-4.6395
-4.5638
-4.5754
-4.6055
-4.7639
-4.6751
-4.8055
-4.7468
-4.7386
-4.7189
-4.5982
-4.7005
-4.7674
-4.8463
-4.942
-5.0246
-4.7559
-4.6131
-4.64
-4.7045
-4.7205
-4.7452
-4.6327
-4.3788
-4.4992
-4.4846
-4.4787
-4.4884
-4.4942
-4.515
-4.7345
-4.8999
-4.889
-4.9799
-4.9773
-5.0538
-5.2228
-6.0536
-5.2765
-5.2983
-5.2612
-5.2062
-5.1491
-4.9771
-4.7942
-4.7829
-4.6623
-4.6157
-4.6165
-4.5403
-4.4449
-4.3236
-4.4847
-4.4891
-4.5118
-4.4123
-4.4774
-4.5565
-4.6706
-4.6179
-4.7224
-4.458
-4.4131
-4.3587
-4.4109
-4.4742
-4.5029
-4.4254
-4.4136
-4.5598
-4.4421
-4.4289
-4.4347
-4.4056
-4.3424
-4.5586
-4.5886
-4.7312
-4.7609
-4.7502
-4.7319
-4.7816
-4.6658
-4.6397
-4.7667
-4.806
-4.5727
-4.5849
-4.6155
-4.6571
-4.5867
-4.5206
-4.5035
-4.5611
-4.5387
-4.6055
-4.7011
-4.7122
-4.7209
-4.6106
-4.7488
-4.754
-4.8457
-4.8228
-4.9066
-4.8666
-4.7551
-4.7514
-4.8449
-4.8343
-4.8542
-4.8884
-4.7675
-4.7103
-4.7075
-4.6735
-4.5556
-4.5888
-4.5695
-4.6508
-4.6739
-4.5698
-4.5125
-4.4946
-4.3347
-4.3384
-4.4082
-4.4913
-4.576
-4.6983
-4.8054
-4.749
-4.7218
-4.7638
-4.8522
-5.0397
-5.0052
-4.9342
-5.2051
-5.1722
-5.1373
-4.9443
-4.7733
-4.7416
-4.7
-4.7507
-4.805
-4.7801
-4.7223
-4.6905
-4.7581
-4.7063
-4.7324
-4.6781
-4.7046
-4.8848
-5.0655
-5.0979
-5.0991
-4.9997
-4.9037
-4.9045
-4.8511
-4.8883
-4.9014
-4.8752
-4.8371
-4.8968
-4.809
-4.6879
-4.662
-4.5838
-4.6316
-4.6966
-4.7354
-4.7275
-4.6857
-4.6488
-4.6763
-4.4583
-4.465
-4.3943
-4.4541
-4.5811
-4.6104
-4.6687
-4.6596
-4.4405
-4.4813
-4.4993
-4.6154
-4.6023
-4.3893
-4.7218
-4.7224
-4.7218
-4.6944
-4.7126
-4.7054
-4.5876
-4.5645
-4.832
-4.8119
-4.7842
-4.7759
-4.7723
-5.0286
-5.0212
-5.0145
-5.1813
-4.9698
-4.9243
-4.8924
-5.0692
-5.0476
-4.9895
-5.029
-5.0685
-5.0904
-5.1113
-5.0424
-4.9817
-4.9956
-4.9763
-5.0365
-5.0387
-5.0804
-5.1026
-5.08
-5.1198
-4.9751
-4.9009
-4.9265
-4.8035
-4.7773
-4.7837
-4.7966
-4.775
-4.8941
-4.916
-4.9403
-4.7905
-4.8223
-4.8358
-4.9548
-4.9843
-4.9186
-4.9331
-5.0308
-5.0226
-4.8426
-4.8643
-4.8813
-4.87
-4.8486
-4.9373
-4.9764
-4.9079
-4.8876
-4.8005
-4.7803
-4.889
-4.9335
-4.7858
-4.9214
-4.7995
-4.7572
-4.6877
-4.7129
-4.6791
-4.7011
-4.7451
-4.6519
-4.7412
-4.7985
-4.8454
-4.8004
-4.8933
-4.9378
-4.9708
-5.019
-5.1522
-5.1528
-5.2569
-5.2527
-5.2242
-5.185
-5.0659
-5.0302
-4.794
-4.8091
-4.9466
-4.8888
-5.0046
-4.9423
-4.8876
-4.7825
-4.8076
-4.629
-4.5272
-4.6242
-4.5196
-4.5719
-4.6918
-4.735
-4.7175
-4.6784
-4.618
-4.6619
-4.6722
-4.7529
-4.7675
-4.8831
-5.0632
-5.0911
-5.4494
-5.3118
-5.449
-5.2308
-5.1014
-5.0014
-5.0673
-4.987
-4.9052
-4.9183
-4.7608
-4.8387
-4.8452
-4.8114
-4.7631
-4.8181
-4.6773
-4.7758
-4.7796
-4.9612
-4.8629
-4.9164
-5.0267
-5.024
-5.1007
-5.1029
-5.0744
-5.1123
-5.178
-5.2219
-5.4731
-5.3463
-5.5404
-5.5495
-5.6318
-5.711
-5.7071
-5.5549
-5.7447
-5.2966
-5.2811
-5.2155
-5.1989
-5.1916
-5.013
-5.031
-4.9701
-4.9385
-4.8481
-4.8506
-4.8521
-4.9201
-4.8561
-5.1175
-5.108
-5.173
-5.1983
-5.1816
-5.3196
-5.4503
-5.2415
-5.2784
-5.4259
-5.4094
-5.2762
-5.2685
-5.3813
-5.3737
-5.2681
-5.1353
-5.0425
-4.9367
-4.952
-4.9204
-5.0364
-4.9939
-4.973
-4.9231
-4.9526
-4.9285
-4.9104
-4.7639
-4.8677
-4.9762
-5.0042
-5.142
-5.0873
-4.9218
-4.9458
-4.9689
-5.0748
-5.1216
-5.0492
-5.0852
-5.0735
-5.139
-5.0796
-4.9853
-5.0037
-4.8701
-4.9417
-5.1619
-5.0684
-5.0713
-5.0053
-5.0143
-5.1648
-5.1316
-5.09
-5.2236
-5.2491
-5.3196
-5.4012
-5.5964
-5.5461
-5.2732
-5.386
-5.2329
-5.3227
-5.3447
-5.2
-5.1806
-5.2329
-5.0569
-5.0362
-4.9909
-4.9174
-4.785
-4.8105
-4.8663
-4.9266
-5.0653
-5.0074
-4.9427
-5.0349
-5.0789
-5.094
-5.2714
-5.3308
-5.1189
-4.9713
-5.0807
-5.0707
-5.2073
-5.1745
-5.0751
-4.9574
-4.921
-4.8811
-4.7825
-4.7393
-4.6916
-4.6598
-4.7526
-4.9043
-4.9472
-4.9617
-4.9382
-4.8757
-4.9559
-4.9899
-4.9627
-4.9671
-5.0738
-5.1241
-5.2105
-5.1339
-5.2004
-5.2225
-5.2463
-5.1843
-5.1564
-5.2484
-5.0004
-5.1487
-5.0775
-5.0835
-5.073
-4.9243
-4.8856
-4.9772
-5.0087
-4.911
-4.9164
-4.7907
-4.7982
-4.7727
-4.9012
-4.8543
-4.9933
-5.0238
-5.0148
-5.1329
-5.1738
-5.1609
-5.157
-5.2673
-5.1148
-5.354
-5.4062
-5.1438
-5.1129
-5.1014
-5.0672
-5.0832
-4.7991
-4.8503
-4.7815
-4.8067
-4.8195
-4.8488
-4.9125
-4.8418
-4.8308
-5.0701
-5.1398
-5.0559
-5.0895
-5.0576
-5.2959
-5.2965
-5.4144
-5.2668
-5.2583
-5.1885
-5.094
-4.8622
-4.8087
-4.7951
-4.819
-4.9103
-4.925
-4.9602
-5.0977
-4.9152
-4.8509
-4.9103
-4.9035
-4.9527
-5.0779
-5.4995
-5.6241
-5.379
-5.2024
-5.2399
-5.2154
-5.2009
-5.1433
-5.3345
-5.3219
-5.3519
-5.2968
-5.1957
-5.1927
-5.1181
-5.1208
-5.1316
-5.2656
-5.1313
-4.9354
-4.9488
-4.9259
-4.9535
-4.95
-4.7104
-4.7611
-4.524
-4.3825
-4.3654
-4.366
-4.4469
-4.4556
-4.5236
-4.5597
-4.5101
-4.5073
-4.4975
-4.4936
-4.6734
-4.6577
-4.9585
-5.2047
-5.2942
-5.1264
-5.0352
-5.0332
-4.9848
-5.0823
-5.1156
-5.0818
-5.0977
-5.1231
-4.904
-4.8948
-4.8995
-4.8293
-4.8171
-4.8942
-4.9794
-4.9902
-4.834
-4.8786
-4.8917
-4.9832
-4.9786
-4.9968
-5.2403
-5.1717
-5.0133
-5.1146
-5.144
-5.1442
-5.1132
-4.9728
-4.9999
-4.9481
-4.8862
-4.8896
-4.8898
-4.9328
-4.9192
-4.9971
-5.154
-4.8581
-4.8563
-4.8946
-4.6817
-4.6717
-4.7722
-4.8384
-4.7887
-4.6718
-4.6265
-4.6154
-4.609
-4.5622
-4.5308
-4.6867
-4.6343
-4.6319
-4.8346
-4.8872
-4.9425
-4.9433
-4.9683
-5.1056
-5.1324
-5.1542
-5.2209
-5.2396
-5.3442
-5.4512
-5.4255
-5.1815
-4.9684
-5.0326
-4.9595
-4.8908
-4.9658
-4.9908
-5.0047
-5.0131
-4.7246
-4.6968
-4.7067
-4.6315
-4.6237
-4.7519
-4.8119
-4.8177
-4.7796
-4.8151
-4.8638
-4.845
-4.7376
-4.7187
-4.9835
-4.8788
-4.8658
-4.8849
-4.9896
-4.9979
-5.0898
-5.0345
-4.9382
-4.9641
-4.7291
-4.7534
-4.893
-4.823
-4.7831
-4.9071
-4.9048
-4.9102
-4.9067
-4.9133
-4.8491
-4.8372
-4.9836
-4.9957
-5.1608
-5.1607
-4.9165
-4.7447
-4.7954
-4.7529
-4.7665
-4.7621
-4.6981
-4.6793
-4.763
-4.8269
-4.8799
-4.8755
-4.9783
-4.921
-5.052
-5.4296
-5.3827
-5.487
-5.3064
-5.44
-5.3704
-5.3551
-5.3793
-5.2884
-5.2474
-5.2467
-5.2594
-5.2915
-5.1906
-5.1446
-4.9906
-5.0393
-5.1212
-5.103
-5.268
-5.2763
-5.2631
-5.3486
-5.1983
-5.1853
-5.1959
-5.1916
-5.3877
-5.4611
-5.7721
-5.4436
-5.3463
-5.3405
-5.3225
-5.2568
-5.2527
-5.2352
-5.3044
-5.2783
-5.1888
-5.1009
-5.1161
-5.121
-5.1287
-5.3511
-5.3322
-5.2236
-5.1547
-5.1945
-5.1571
-5.1403
-5.1529
-5.008
-4.9768
-5.0686
-5.0798
-5.0506
-4.9396
-4.9107
-4.9632
-5.0322
-5.0772
-5.0298
-4.9994
-5.0383
-5.0329
-5.1748
-5.3003
-5.2106
-5.1844
-5.1551
-5.2097
-5.1781
-5.2569
-5.2704
-5.323
-5.2766
-5.3363
-5.2806
-5.3938
-5.278
-5.2817
-5.4031
-5.4109
-5.3034
-5.3699
-5.4701
-5.2063
-5.122
-5.0211
-4.9604
-4.9752
-4.9751
-4.9105
-4.9988
-4.9887
-4.9239
-4.9498
-5.0808
-5.0524
-5.05
-5.2809
-5.345
-5.3638
-5.5357
-5.5269
-5.529
-5.5343
-5.4288
-5.355
-5.319
-5.1925
-5.0185
-4.9272
-4.868
-4.8557
-4.8288
-4.8195
-4.7859
-4.71
-4.6213
-4.6626
-4.7
-4.7101
-4.6704
-4.6479
-4.6964
-4.7388
-4.7439
-4.7598
-4.8092
-4.8812
-4.7688
-4.8114
-4.9361
-4.724
-4.7613
-4.7468
-4.8462
-4.9507
-4.9702
-5.0501
-5.1126
-4.9621
-4.6282
-4.6313
-4.8075
-4.8713
-4.8889
-5.1442
-5.0778
-5.147
-5.0329
-5.0324
-4.7826
-4.6686
-4.6355
-4.6944
-5.025
-5.0041
-4.9102
-4.8839
-4.8667
-4.7331
-4.7174
-4.7177
-4.8021
-4.7657
-4.9489
-5.0991
-5.1269
-5.1074
-5.0604
-5.0654
-5.1852
-5.2252
-5.2205
-5.4647
-5.4933
-5.4499
-5.4574
-5.478
-5.6725
-5.6645
-5.5958
-5.6328
-5.6749
-5.5341
-5.3773
-5.3348
-5.2719
-5.1007
-4.9155
-4.9018
-4.8631
-4.8464
-4.8075
-4.6799
-4.7262
-4.6523
-4.596
-4.3696
-4.423
-4.3591
-4.3702
-4.3566
-4.4861
-4.4766
-4.5063
-4.5412
-4.437
-4.5272
-4.5317
-4.6106
-4.5524
-4.9151
-4.9126
-4.9679
-4.9708
-5.1352
-5.1342
-5.1958
-5.2153
-5.1878
-5.3152
-5.1118
-4.9723
-5.0081
-5.2154
-5.0905
-5.0201
-5.0748
-5.0817
-5.073
-5.0194
-5.0096
-4.8942
-4.7748
-4.8836
-4.9182
-4.9957
-4.9243
-4.9216
-5.0202
-5.0236
-5.0561
-5.0894
-5.0229
-4.9051
-4.91
-4.9652
-5.1019
-4.9913
-5.126
-5.0972
-4.9638
-4.9656
-4.8354
-4.8998
-4.8885
-4.8927
-4.9323
-4.6952
-4.6783
-4.682
-4.7139
-4.7047
-4.6607
-4.7315
-4.8918
-4.8763
-4.8949
-4.8851
-4.7855
-4.7688
-4.6484
-4.9211
-4.9262
-4.9866
-4.9259
-5.0081
-5.0691
-5.0067
-4.7198
-4.6955
-4.5896
-4.5404
-4.5881
-4.5928
-4.7323
-4.7904
-4.8124
-4.7527
-4.7792
-4.6158
-4.5031
-4.5302
-4.7627
-4.8325
-5.0417
-5.125
-5.192
-5.0073
-5.0012
-5.0117
-4.978
-5.0552
-5.0586
-5.3438
-5.5361
-5.3462
-5.1538
-5.0733
-4.8672
-4.6565
-4.6599
-4.795
-4.7573
-4.7166
-4.7417
-4.7204
-4.7265
-4.7519
-4.7629
-4.8641
-4.9161
-4.9767
-5.2649
-5.7293
-5.5047
-5.5199
-5.6145
-5.7833
-5.4395
-5.42
-5.4401
-5.4062
-5.4211
-5.1227
-5.2282
-4.9872
-4.9723
-4.8973
-4.906
-4.7591
-4.7454
-4.7376
-4.8719
-4.7627
-4.7192
-4.6744
-4.6722
-4.7803
-4.7891
-4.9548
-4.9002
-4.9336
-5.0072
-5.1369
-5.1445
-4.9683
-4.9863
-5.1225
-5.1889
-5.2972
-5.2817
-5.3845
-5.241
-5.2685
-5.3499
-5.3977
-5.2513
-5.223
-5.2361
-5.4395
-5.4567
-5.4399
-5.3004
-5.2397
-5.3312
-5.3207
-5.4648
-5.4416
-5.4819
-5.31
-5.5037
-5.5983
-5.58
-5.6676
-5.55
-5.5102
-5.6651
-5.5337
-5.5205
-5.4897
-5.4772
-5.3985
-5.3838
-5.5122
-5.1899
-5.1672
-5.1673
-5.1407
-5.1312
-5.0299
-4.8134
-4.8976
-4.8107
-4.757
-4.6824
-4.7418
-4.7476
-4.6514
-4.8125
-4.7374
-4.6787
-4.656
-4.6688
-4.6863
-4.8742
-4.8613
-4.9529
-4.9727
-5.0531
-5.0532
-4.9383
-5.1128
-5.1297
-5.2961
-5.3909
-5.3437
-5.2889
-5.3881
-5.1976
-5.1957
-5.1811
-5.3134
-5.3267
-5.1576
-5.282
-5.116
-5.0771
-4.9225
-4.9319
-4.9851
-4.9235
-4.975
-5.1281
-5.0189
-4.8021
-4.7978
-4.7768
-4.9031
-4.7785
-4.8389
-4.8404
-4.9561
-4.9642
-4.9655
-4.9969
-4.992
-4.888
-4.9937
-5.1396
-5.1059
-4.9591
-4.8882
-5.0302
-4.9832
-5.0291
-5.0591
-5.0351
-5.0731
-5.0392
-5.0466
-5.1456
-5.1505
-5.0611
-5.0268
-5.2067
-5.2388
-5.1866
-5.2975
-5.2934
-5.2891
-5.2409
-5.2398
-5.2565
-5.1181
-5.055
-5.0121
-5.2153
-5.0502
-5.0908
-5.1445
-5.141
-5.0525
-4.8987
-4.879
-4.8576
-4.8299
-4.7372
-4.7318
-4.7185
-4.7367
-4.6515
-4.8093
-4.748
-4.7077
-4.6883
-4.7341
-4.8169
-4.8032
-4.8317
-4.828
-5.0142
-5.0119
-5.0191
-4.9784
-4.8883
-4.8724
-4.8982
-4.9098
-4.972
-5.009
-4.9694
-4.9389
-4.8481
-4.8761
-4.7844
-4.8367
-4.9233
-4.9939
-5.204
-5.0382
-5.0579
-5.023
-5.0097
-5.0178
-5.0301
-5.0911
-5.2417
-5.1847
-5.3974
-5.4595
-5.2738
-5.2581
-5.2791
-5.3664
-5.2535
-5.2993
-5.0582
-5.0515
-5.0282
-4.919
-4.9512
-4.9961
-4.8214
-4.849
-4.8994
-4.8536
-4.8517
-4.848
-4.7678
-4.7621
-4.9689
-4.6899
-4.7561
-4.7838
-4.7424
-4.7026
-4.8556
-4.832
-4.8222
-4.8788
-4.8626
-4.7981
-4.9778
-4.9926
-4.9117
-5.2559
-5.2679
-5.3964
-5.385
-5.4522
-5.4568
-5.4939
-5.643
-5.6591
-5.6881
-6.1237
-6.1072
-6.119
-6.3657
-5.9207
-5.5938
-5.3607
-5.1691
-5.1081
-4.963
-4.9602
-4.9273
-4.9052
-4.9146
-4.8995
-4.9023
-4.8673
-4.7924
-4.8866
-5.0373
-5.1346
-5.4054
-5.2512
-5.4154
-5.4341
-5.3824
-5.4052
-5.3452
-5.2036
-4.7913
-4.7476
-4.8276
-4.8624
-4.8532
-4.9038
-4.801
-4.7303
-4.7341
-4.6914
-4.7217
-4.5716
-4.5746
-4.6353
-4.9816
-4.8431
-4.777
-4.7807
-4.7413
-4.7331
-4.8102
-5.0415
-5.0592
-4.9378
-4.9501
-5.1179
-5.1733
-5.1305
-5.1319
-5.4251
-5.3661
-5.0986
-5.079
-5.0724
-5.0509
-5.0467
-4.9026
-5.0416
-5.0228
-5.0152
-5.0017
-5.083
-5.0852
-5.1523
-5.29
-5.5539
-5.6768
-5.5281
-5.4305
-5.2774
-5.3878
-5.3132
-5.2821
-5.2705
-5.2518
-5.2561
-5.2537
-4.9504
-4.9397
-4.9818
-4.9777
-5.0641
-5.157
-5.3177
-5.3889
-5.4211
-5.47
-5.5111
-5.2086
-5.1782
-5.1839
-5.2784
-5.3129
-5.2895
-5.2291
-5.2386
-5.1401
-5.0752
-4.9217
-4.9657
-4.9472
-4.9047
-5.0326
-5.0409
-4.893
-5.076
-5.071
-4.9586
-4.9617
-4.9588
-5.0422
-5.1005
-5.2425
-5.1943
-5.2105
-5.2398
-5.3526
-5.3479
-5.3642
-5.3611
-5.2904
-5.3692
-5.32
-5.1154
-5.1112
-5.0833
-5.1339
-5.2013
-5.0553
-5.1286
-5.1728
-5.1042
-5.211
-5.2136
-5.179
-5.1067
-5.1104
-5.2127
-5.2179
-5.2342
-5.2348
-5.2224
-5.4
-5.2348
-5.1697
-5.2518
-5.2988
-5.3097
-5.3947
-5.4283
-5.4065
-5.4283
-5.1793
-5.1724
-5.124
-5.1292
-5.1349
-5.2872
-5.3409
-5.3451
-5.1979
-5.1955
-5.0525
-4.889
-4.8701
-4.9231
-5.0883
-5.0999
-5.154
-5.116
-5.0907
-4.9399
-4.9054
-4.8577
-4.9057
-4.9054
-5.0388
-5.291
-5.4917
-5.4528
-5.4949
-5.4139
-5.342
-5.2935
-5.3405
-5.548
-5.5865
-5.6149
-5.7409
-5.6531
-5.6764
-5.3937
-5.3961
-5.3924
-5.3335
-5.319
-5.3783
-5.4891
-5.3576
-5.3573
-5.3553
-5.3122
-5.0583
-5.0535
-5.0262
-5.2885
-5.2856
-5.2933
-5.3116
-5.1995
-5.1735
-5.0525
-5.1632
-5.1502
-5.1661
-5.2421
-5.4488
-5.3898
-5.1948
-5.2031
-5.0712
-5.0935
-5.1103
-5.2378
-5.2094
-5.2268
-5.1715
-5.112
-5.0874
-5.103
-5.1174
-5.1766
-5.2124
-5.1997
-5.0463
-5.0391
-5.039
-4.9006
-4.9469
-5.0146
-4.9625
-4.9959
-5.0219
-4.9464
-4.9125
-4.875
-4.9109
-4.8791
-5.0785
-5.0955
-5.0064
-4.9693
-4.9665
-4.958
-5.0374
-5.0882
-5.0605
-5.0172
-5.1063
-5.1831
-5.2419
-5.2971
-5.3074
-5.1928
-5.2187
-5.4752
-5.3664
-5.1565
-5.1153
-5.082
-5.0715
-5.1718
-5.1373
-5.1234
-4.8972
-4.8902
-4.903
-4.9772
-4.9657
-4.9593
-4.9525
-5.1579
-5.215
-4.9486
-4.9841
-5.0013
-4.9508
-4.9199
-5.0574
-5.058
-4.9647
-4.717
-4.7735
-4.7978
-4.859
-4.8332
-4.8211
-5.058
-5.0444
-4.9149
-4.7757
-4.8093
-4.9272
-4.9129
-4.9161
-5.2292
-5.2511
-4.9497
-4.8958
-4.8239
-4.7962
-4.8002
-4.7094
-4.8186
-5.0451
-5.0271
-5.0312
-5.0592
-5.1312
-5.0338
-4.9263
-5.076
-5.1166
-5.2516
-5.2326
-5.1853
-5.3311
-5.3301
-5.1744
-5.2207
-5.1547
-5.1327
-5.1678
-5.2374
-5.2347
-5.4534
-5.3575
-5.292
-5.3561
-5.1321
-4.9691
-4.9595
-5.0651
-5.003
-5.0184
-4.9145
-4.9078
-4.836
-4.9339
-4.828
-4.8771
-4.9136
-4.7965
-4.9817
-5.0057
-4.9879
-4.9582
-4.9981
-4.9473
-5.0592
-4.9221
-4.9092
-4.8831
-4.9674
-4.9599
-4.8901
-5.0466
-5.0666
-5.1737
-5.1843
-5.1969
-5.1731
-5.2397
-5.2407
-5.4464
-5.4506
-5.5045
-5.3907
-5.3495
-5.4764
-5.4323
-5.1876
-5.1548
-5.1798
-5.0636
-5.0996
-5.1133
-5.0591
-4.9959
-5.1409
-5.1393
-5.2372
-5.2077
-5.1533
-4.9414
-4.8495
-4.8111
-4.6046
-4.629
-4.594
-4.6053
-4.6422
-4.6887
-4.6687
-4.6482
-4.5831
-4.6002
-4.5589
-4.6948
-4.8566
-4.9298
-5.1293
-5.2244
-5.1605
-5.1034
-5.1173
-5.0854
-5.0228
-4.8959
-5.0028
-5.0694
-5.1517
-5.189
-5.0758
-5.0381
-5.0688
-5.0863
-5.1948
-5.2028
-5.1977
-5.1611
-5.2071
-5.2486
-5.0968
-5.0994
-5.0727
-5.0501
-5.1989
-5.1917
-5.1835
-5.2017
-5.2017
-5.1724
-5.1658
-5.1813
-5.2401
-5.3675
-5.5378
-5.4337
-5.4724
-5.4386
-5.2897
-5.3825
-5.4782
-5.3917
-5.3778
-5.4216
-5.3415
-5.3861
-5.2116
-5.1606
-5.1445
-5.1096
-5.1072
-5.1366
-5.2232
-5.2606
-5.2561
-5.0914
-5.0464
-5.0959
-4.8982
-4.8845
-4.8589
-4.8771
-4.8939
-4.9692
-4.9215
-4.8892
-4.9424
-4.937
-4.9231
-4.9367
-5.0024
-4.9547
-5.233
-5.2206
-5.4427
-5.2652
-5.1137
-5.0324
-5.0677
-5.1077
-5.0979
-5.0311
-5.0131
-5.1197
-4.8722
-4.9162
-4.8773
-4.881
-4.6363
-4.7506
-4.7787
-4.8614
-4.9048
-4.8793
-4.8351
-4.706
-4.6893
-4.6882
-4.6794
-4.676
-4.6142
-4.6163
-4.8023
-4.8114
-4.8606
-4.7764
-4.7844
-4.7863
-4.7931
-5.0027
-5.0497
-5.1086
-5.4298
-5.4418
-5.2085
-5.0483
-5.0752
-5.0106
-4.9958
-5.0839
-5.0307
-5.0626
-5.0447
-5.0137
-4.9777
-4.9553
-4.9672
-4.8966
-5.2117
-5.4635
-5.3332
-5.3243
-5.2299
-5.1055
-5.1398
-5.0374
-5.111
-5.1116
-5.1657
-5.0824
-5.0595
-4.9973
-4.9037
-4.9102
-4.9805
-5.0462
-5.08
-5.0796
-5.0282
-5.1243
-5.1566
-5.1142
-5.0265
-5.0745
-4.9645
-5.0256
-4.9408
-4.8982
-4.9115
-4.9252
-5.0247
-5.1653
-5.1257
-5.0713
-5.0532
-4.5278
-4.5685
-4.61
-4.7039
-4.7593
-4.895
-4.9276
-4.9212
-4.8048
-4.7633
-4.712
-4.7837
-4.8035
-4.7584
-5.4469
-5.3498
-5.3547
-5.3064
-5.2947
-5.2834
-5.2202
-5.1474
-5.3008
-5.2445
-5.3123
-5.1929
-5.1933
-5.1603
-5.2627
-5.3645
-5.1889
-5.2192
-5.0061
-5.0282
-5.0156
-5.0774
-5.0573
-5.1625
-5.1179
-5.1761
-5.2243
-5.3182
-5.2787
-5.2751
-5.4547
-5.4722
-5.817
-5.4723
-5.5053
-5.441
-5.4477
-5.392
-5.4269
-5.2565
-5.2368
-5.2633
-5.2866
-5.0946
-5.0324
-4.9613
-4.688
-4.8149
-4.7414
-4.7791
-4.7101
-4.7274
-4.6504
-4.7384
-4.6696
-4.6449
-4.6539
-4.7707
-4.7343
-4.6973
-4.9742
-4.9986
-5.1372
-5.1831
-5.3034
-5.2016
-5.3454
-5.2976
-5.4387
-5.2829
-4.9112
-4.8994
-5.0105
-5.0153
-5.0194
-5.0211
-4.9805
-4.9603
-4.8465
-4.8502
-4.8528
-4.9053
-4.8793
-5.0189
-5.2743
-5.2616
-5.2701
-5.2758
-5.118
-4.8562
-4.7855
-4.7796
-4.9089
-4.9785
-4.9601
-4.9734
-4.904
-4.8593
-4.9654
-4.9612
-4.9704
-5.0203
-5.1799
-5.4451
-5.6325
-5.5582
-5.4127
-5.3588
-5.1635
-5.1722
-5.3113
-5.3142
-5.0803
-5.0577
-5.0446
-5.092
-5.0698
-5.1095
-5.1467
-5.1038
-5.1777
-5.0387
-5.2283
-5.2267
-5.1955
-5.2503
-5.519
-5.5772
-5.5472
-5.4699
-5.3826
-5.2615
-5.1663
-5.2782
-5.2913
-5.4275
-5.4382
-5.3302
-5.3123
-5.137
-5.0619
-4.9829
-4.9065
-4.9263
-4.9311
-5.0332
-5.1115
-5.1338
-5.0507
-5.0741
-5.0827
-5.0924
-5.1301
-5.3114
-5.336
-5.4465
-5.273
-5.258
-5.1467
-5.0509
-4.9484
-4.8737
-4.8364
-4.8714
-4.8574
-4.9067
-4.8812
-4.6445
-4.6582
-4.6532
-4.702
-4.7381
-4.8595
-4.9195
-5.0188
-4.993
-5.1095
-5.0857
-5.0622
-5.0308
-4.8362
-5.0509
-5.0944
-5.1397
-5.2846
-5.1835
-5.0832
-5.0615
-5.0663
-5.0915
-5.1184
-5.1308
-5.1504
-5.1991
-5.4701
-5.0644
-4.9976
-4.9301
-4.8697
-4.8209
-4.8472
-4.9035
-4.8931
-4.892
-4.8936
-4.9041
-4.915
-4.905
-4.9291
-5.3626
-5.3185
-5.3231
-5.4701
-5.729
-5.6804
-5.6209
-5.6339
-5.761
-5.6149
-5.556
-5.5835
-5.598
-5.6018
-5.5558
-5.7218
-5.8233
-5.7434
-5.6447
-5.6616
-5.5181
-5.2801
-5.2357
-5.1318
-5.13
-5.0224
-5.0183
-5.0159
-4.9237
-4.8505
-4.743
-4.5904
-4.587
-4.647
-4.6598
-4.7829
-4.8156
-4.8594
-4.8147
-4.8406
-4.6947
-4.6889
-4.7695
-4.8244
-4.909
-5.1457
-5.206
-5.1981
-5.223
-5.1646
-5.1685
-5.2363
-5.3625
-5.425
-5.7674
-5.8186
-5.3836
-5.3584
-5.3288
-5.2948
-5.1852
-5.119
-5.0713
-5.0961
-4.9925
-5.0079
-4.9411
-4.9406
-4.944
-4.7944
-5.0396
-5.0034
-5.056
-5.0562
-5.0261
-4.9924
-5.1042
-5.0821
-4.8516
-4.879
-4.6956
-4.6964
-4.6828
-4.6555
-4.6401
-4.6433
-4.5668
-4.5743
-4.6068
-4.6201
-4.6089
-4.5884
-4.849
-4.825
-5.066
-4.9444
-4.9576
-5.1519
-5.0785
-5.0689
-5.162
-5.1353
-5.2157
-5.2935
-5.2727
-5.278
-5.1142
-5.1506
-5.1968
-5.3734
-5.2658
-5.3053
-5.3189
-5.377
-4.8588
-4.9225
-4.8316
-4.8307
-4.7873
-4.7445
-4.8217
-4.8157
-4.7045
-4.6975
-4.7644
-4.689
-4.6812
-4.6072
-4.9824
-4.9402
-5.0096
-5.0012
-4.9882
-5.0702
-5.0049
-4.8856
-5.0347
-5.0626
-4.9583
-5.044
-5.0454
-5.216
-5.2067
-5.2441
-5.2621
-5.2463
-5.3895
-5.4632
-5.3123
-5.0162
-4.9675
-4.9628
-5.0529
-4.8937
-4.9348
-4.9001
-4.9222
-4.862
-4.8222
-4.6299
-4.6191
-4.6038
-4.7385
-5.0387
-5.0845
-4.9527
-4.961
-5.0937
-5.0998
-5.0254
-5.0581
-5.0358
-5.0899
-5.4442
-5.3121
-5.2737
-5.2313
-5.2423
-5.1743
-5.2599
-5.2658
-5.1428
-5.079
-5.0304
-5.0191
-5.1201
-5.0534
-4.9827
-4.9664
-4.9956
-5.0059
-5.0467
-4.9805
-5.0408
-5.0376
-4.8542
-4.8789
-4.9698
-4.9904
-4.9025
-4.95
-4.9961
-5.1321
-5.1391
-5.1007
-4.9934
-5.0957
-5.0453
-4.8823
-5.2462
-5.2285
-5.079
-5.0522
-4.9802
-4.9903
-4.9514
-4.936
-4.9014
-4.9619
-4.9259
-4.8706
-4.8243
-4.9544
-4.9591
-4.8772
-4.9531
-4.9687
-5.1173
-5.1112
-5.1524
-5.0946
-5.0887
-5.0947
-5.2233
-5.2861
-5.4019
-5.4432
-5.4359
-5.7078
-5.7387
-5.3815
-5.2791
-5.2396
-5.2048
-5.0258
-5.0396
-5.0423
-4.9453
-4.9584
-4.9427
-4.7741
-4.6494
-4.6503
-4.7021
-4.8586
-4.9057
-4.9434
-5.0159
-5.2034
-5.203
-5.1288
-5.2217
-5.1721
-5.1402
-5.3757
-5.5919
-5.505
-5.4914
-5.5302
-5.3298
-5.3
-5.2099
-5.2463
-5.262
-5.1834
-5.129
-5.1035
-5.1051
-5.117
-5.051
-5.0392
-4.9478
-4.945
-4.9656
-4.7921
-4.8031
-4.5893
-4.589
-4.6293
-4.6364
-4.6001
-4.6407
-4.6327
-4.6805
-4.7081
-4.7527
-4.7283
-4.8366
-5.0125
-4.9693
-5.2432
-5.2554
-5.2907
-5.417
-5.4722
-5.4173
-5.1869
-5.1478
-4.9213
-4.8434
-4.8394
-4.7148
-4.7287
-4.7239
-4.6335
-4.5991
-4.6135
-4.5742
-4.5381
-4.5265
-4.6319
-4.5735
-4.7518
-4.7535
-4.7143
-4.8343
-4.8041
-4.8338
-5.0038
-5.0572
-5.0279
-5.0059
-5.171
-4.9901
-4.8367
-4.9583
-4.8617
-4.976
-5.0704
-5.0987
-5.163
-5.1837
-5.1847
-5.1979
-5.208
-5.2875
-5.1857
-5.4564
-5.4156
-5.4095
-5.4712
-5.3864
-5.2158
-5.026
-4.9775
-4.9579
-4.8823
-4.7923
-4.7994
-4.7746
-4.8208
-4.8228
-4.9972
-4.851
-4.8663
-4.8076
-4.8989
-5.0142
-4.9793
-5.046
-5.0891
-5.2097
-5.0952
-5.1167
-5.0842
-4.9937
-4.7469
-4.8864
-4.8192
-4.9271
-4.9068
-4.9372
-5.0138
-4.9606
-4.9995
-4.9787
-5.0348
-5.0404
-4.9631
-5.0627
-5.4504
-5.3721
-5.1211
-5.057
-5.0357
-4.8516
-4.7571
-4.6976
-4.6175
-4.6196
-4.6505
-4.525
-4.6055
-4.5923
-4.5841
-4.6087
-4.8413
-4.9001
-4.9144
-5.0044
-5.0595
-5.1177
-4.9262
-4.949
-4.8825
-5.0103
-4.9354
-4.8667
-4.8337
-4.8349
-4.8295
-4.8269
-4.8056
-4.8437
-4.8894
-4.9221
-5.1911
-5.179
-5.1925
-5.2526
-5.3288
-5.4558
-5.4925
-5.4928
-5.4708
-5.3987
-5.473
-5.4988
-5.3444
-5.3023
-5.3927
-5.3927
-5.5326
-5.4846
-5.4667
-5.474
-5.5355
-5.5423
-5.5173
-5.5457
-5.3621
-5.2888
-5.4464
-5.4828
-5.3882
-5.3242
-5.2755
-5.3558
-5.3258
-5.2296
-5.019
-5.0294
-4.9913
-5.0116
-5.11
-5.0388
-4.9805
-4.977
-5.0083
-4.7485
-4.7731
-4.7729
-4.706
-4.7666
-4.8404
-4.6892
-4.7127
-4.6769
-4.6606
-4.7897
-4.807
-4.7745
-4.7861
-5.0479
-5.0357
-4.9558
-5.022
-5.0361
-5.1111
-5.3598
-5.4453
-5.477
-5.5654
-5.5291
-5.5319
-5.6993
-5.7015
-5.7625
-5.7938
-5.9438
-6.1178
-5.8715
-5.5627
-5.4185
-5.3203
-5.368
-5.3472
-5.3523
-5.4115
-5.4274
-5.4051
-5.3775
-5.3758
-5.3026
-5.2669
-5.3669
-5.5432
-5.5831
-5.5448
-5.5674
-5.3215
-5.3486
-5.2813
-5.2629
-5.3033
-5.3632
-5.3632
-5.4116
-5.4921
-5.4806
-5.5247
-5.4638
-5.1332
-5.0498
-5.062
-5.0182
-5.0503
-4.8615
-4.6927
-4.6961
-4.6934
-4.7243
-4.6044
-4.5355
-4.5255
-4.2758
-4.4144
-4.367
-4.4124
-4.4272
-4.4354
-4.4795
-4.5447
-4.5247
-4.4757
-4.4168
-4.4933
-4.529
-4.3817
-4.6671
-4.7093
-4.7977
-4.8569
-4.8548
-4.7923
-4.8875
-4.9416
-4.9297
-4.9854
-5.0478
-5.0763
-5.1397
-5.1649
-5.16
-5.1124
-4.9102
-4.9136
-4.9364
-4.9292
-4.9417
-4.9817
-4.9338
-4.9115
-4.8934
-4.8747
-4.8413
-5.0217
-5.0918
-5.1558
-5.5103
-5.5104
-5.37
-5.4981
-5.506
-5.4994
-5.5939
-5.5775
-5.3904
-5.4115
-5.4325
-5.3507
-5.3915
-5.1857
-5.1299
-4.9733
-5.055
-4.9587
-4.9088
-4.8292
-4.8728
-4.8338
-4.8971
-4.6701
-4.6343
-4.6994
-4.5828
-4.662
-4.6814
-4.7792
-4.6706
-4.711
-4.689
-4.7331
-4.7242
-4.7364
-4.8119
-5.0509
-5.1158
-5.0901
-5.2733
-5.3046
-5.2167
-5.2584
-5.4392
-5.4059
-5.5344
-5.533
-5.4155
-5.3754
-5.3052
-5.3242
-5.2862
-5.351
-5.3167
-5.3139
-5.3609
-5.3395
-5.3003
-5.3306
-5.2268
-4.8494
-4.8351
-4.9385
-4.9884
-4.9775
-4.9344
-4.8903
-4.8763
-4.8545
-4.8445
-4.7813
-4.8082
-4.7616
-4.8255
-5.1478
-5.1698
-5.1194
-5.0614
-4.7346
-4.7795
-4.7896
-4.8418
-4.8306
-4.7767
-4.8416
-4.7874
-4.8573
-4.8123
-4.8544
-4.9103
-4.9075
-4.6881
-5.0234
-4.8868
-4.9269
-4.8954
-4.921
-4.7049
-4.6761
-4.7106
-4.6834
-4.6472
-4.5416
-4.5285
-4.5208
-4.7006
-4.5669
-4.5843
-4.5901
-4.4818
-4.4629
-4.6996
-4.6451
-4.6642
-4.5747
-4.6244
-4.696
-4.6906
-4.7176
-4.7189
-4.8631
-5.0206
-5.0188
-5.2528
-5.3
-5.2545
-5.3106
-5.278
-5.3566
-5.3691
-5.37
-5.125
-5.1109
-5.1241
-5.1309
-4.7837
-4.7745
-4.6375
-4.6339
-4.6821
-4.6056
-4.6261
-4.6444
-4.6402
-4.6705
-4.8381
-4.8692
-4.9106
-4.7592
-5.0884
-4.9951
-5.1127
-5.1331
-5.037
-5.1522
-5.1482
-5.1513
-5.1717
-4.9978
-4.823
-4.7829
-4.7623
-4.923
-4.8956
-4.8241
-4.8728
-4.836
-4.7861
-4.8555
-4.8401
-4.9081
-4.9131
-5.0782
-5.3173
-5.3595
-5.2845
-5.1528
-5.0928
-5.3271
-5.3151
-5.3615
-5.5411
-5.4163
-5.423
-5.4223
-5.366
-5.3234
-5.1637
-5.1119
-5.086
-5.1973
-5.2906
-5.2846
-5.0539
-5.0643
-4.9481
-5.0405
-5.0282
-5.0533
-5.103
-5.118
-5.252
-5.3471
-5.3722
-5.1926
-5.1724
-5.1883
-5.5008
-5.3975
-5.4833
-5.4134
-5.3732
-5.2557
-5.0853
-5.0574
-4.9771
-4.9109
-4.9773
-4.8606
-4.8554
-4.789
-4.7464
-4.6246
-4.6906
-4.6512
-4.6438
-4.696
-4.7289
-4.7378
-4.8107
-4.8377
-4.8181
-5.0926
-5.1196
-5.1652
-5.1288
-5.4135
-5.3436
-5.4539
-5.5505
-5.3569
-5.4938
-5.608
-5.5952
-5.6248
-5.6695
-5.66
-5.3575
-5.3728
-5.4587
-5.4654
-5.5177
-5.5426
-5.5016
-5.6972
-5.6139
-5.4288
-5.44
-5.3861
-5.275
-5.2439
-5.4357
-5.4064
-5.362
-5.303
-5.1518
-5.1009
-5.061
-5.0133
-4.9927
-4.9877
-5.0097
-5.015
-5.0124
-4.9052
-4.9392
-4.917
-4.9727
-4.9931
-5.1335
-5.1955
-5.2579
-5.3545
-5.4459
-5.6159
-5.5588
-5.5478
-5.6402
-5.7173
-5.6067
-5.6541
-5.6401
-5.5937
-5.2562
-5.2036
-5.2103
-5.1542
-5.1721
-5.0998
-5.1357
-5.1575
-4.7839
-4.7452
-4.7091
-4.7123
-4.6294
-4.6542
-4.7703
-4.705
-4.708
-4.6487
-4.6351
-4.6632
-4.6588
-4.6316
-4.8767
-4.9818
-5.1091
-5.1289
-5.0103
-4.9945
-5.0436
-5.1451
-5.0143
-4.9979
-4.9597
-4.8886
-4.8963
-4.955
-5.0315
-4.999
-4.8297
-4.7732
-4.8347
-4.8529
-4.8502
-4.6356
-4.7009
-4.6938
-4.7214
-4.802
-4.6792
-4.6656
-4.6614
-4.63
-4.5595
-4.6033
-4.6643
-4.6233
-4.5596
-4.7275
-4.7355
-4.7186
-4.5944
-4.562
-4.6626
-4.626
-4.6629
-4.7225
-4.8353
-4.6222
-4.5931
-4.5365
-4.5722
-4.4558
-4.4554
-4.5398
-4.6091
-4.64
-4.5116
-4.5329
-4.522
-4.4874
-4.5523
-4.7094
-4.7886
-4.916
-4.9227
-5.1298
-4.987
-4.9325
-4.9648
-4.9568
-5.0167
-4.7013
-4.6401
-4.6873
-4.7107
-4.713
-4.7173
-4.6811
-4.6634
-4.6582
-4.7038
-4.7345
-4.7507
-4.7629
-4.8505
-5.2662
-5.3676
-5.3841
-5.3941
-5.2666
-5.0022
-4.9798
-5.0122
-5.0815
-5.1479
-5.1811
-5.2212
-5.235
-5.1568
-5.1809
-5.1053
-5.0982
-5.0651
-5.2354
-5.3995
-5.4042
-5.4813
-5.4223
-5.2896
-5.283
-5.2162
-5.0897
-5.195
-5.1053
-5.2062
-5.165
-5.1628
-5.1872
-5.3296
-5.4499
-5.4441
-5.4788
-5.6023
-5.567
-5.6579
-5.6597
-5.6621
-5.6716
-5.6779
-5.5769
-5.6175
-5.2335
-5.2418
-5.197
-5.1116
-5.0598
-5.0495
-5.0906
-5.0877
-5.1483
-5.0412
-5.0521
-4.9608
-5.0615
-5.0665
-5.2709
-5.1998
-5.1469
-5.1615
-5.2107
-5.2984
-5.2454
-5.1037
-5.1584
-5.2707
-5.3051
-5.4318
-5.4296
-5.4227
-5.2729
-5.2429
-5.3223
-5.3942
-5.4339
-5.3657
-5.2349
-5.345
-5.2265
-5.0476
-4.8871
-4.8081
-4.7468
-4.749
-4.8984
-4.9142
-4.9249
-4.7764
-4.7582
-4.721
-4.8351
-4.7404
-4.6894
-4.7017
-4.8665
-4.9052
-4.9357
-4.8773
-4.8621
-4.8303
-4.8302
-4.8587
-4.8713
-4.9632
-4.9214
-5.0774
-5.2664
-5.4306
-5.2803
-5.2467
-5.3014
-5.3873
-5.3478
-5.2834
-5.2423
-5.3724
-5.3698
-5.3734
-5.3063
-5.1369
-5.1116
-5.1256
-5.2408
-4.9871
-4.9717
-4.9663
-4.9313
-5.0432
-5.0996
-5.1454
-5.1461
-5.1027
-5.1606
-5.3262
-5.3591
-5.3773
-5.3279
-5.8559
-5.8062
-5.3617
-5.4698
-5.3407
-5.3051
-5.3291
-5.3094
-5.17
-5.2217
-4.9848
-4.8901
-4.8881
-4.92
-4.8922
-4.8157
-5.0116
-4.9826
-5.0521
-5.0214
-4.9424
-4.782
-4.8934
-4.7353
-4.8919
-4.9705
-4.944
-4.8782
-4.819
-4.9224
-4.7682
-4.7124
-4.651
-4.643
-4.6892
-4.7508
-4.7599
-4.9227
-4.9567
-4.9724
-5.0118
-5.0638
-5.1544
-5.0984
-5.1351
-5.2699
-5.398
-5.3945
-5.0777
-5.203
-5.1038
-4.9804
-4.9617
-4.8623
-4.7548
-4.6658
-4.6749
-4.6512
-4.7632
-4.7568
-4.7841
-4.8112
-5.0668
-5.0013
-5.0045
-5.1229
-5.1259
-5.2567
-5.423
-5.5455
-5.5759
-5.628
-5.639
-5.4766
-5.3506
-5.3339
-5.256
-5.2551
-5.147
-5.1575
-5.1193
-5.0697
-4.9978
-4.995
-4.872
-4.7619
-4.7184
-4.7537
-4.7529
-4.7887
-4.8209
-4.8487
-4.966
-4.8924
-4.8211
-4.7378
-4.7203
-4.69
-4.7161
-4.8828
-4.878
-4.8788
-4.9185
-4.8962
-4.8919
-4.8813
-4.9188
-4.9912
-5.0626
-5.0929
-5.2105
-5.3684
-5.4003
-5.1445
-5.212
-5.2354
-5.2374
-5.1243
-5.1305
-5.0869
-4.961
-4.921
-4.9446
-5.0131
-4.955
-4.9203
-4.9251
-5.0929
-5.0857
-5.1279
-5.1415
-5.2003
-5.1783
-5.2768
-5.4077
-5.2506
-5.1561
-5.1362
-5.1606
-5.1175
-5.0718
-5.061
-5.0808
-4.9956
-4.9424
-5.0159
-4.9546
-4.9401
-4.9575
-4.9665
-4.8012
-4.8108
-4.8098
-4.8201
-4.8475
-4.7971
-4.8069
-4.8531
-4.928
-4.8859
-4.9292
-4.8366
-4.8393
-4.9024
-5.2179
-5.2665
-5.2994
-5.3808
-5.3864
-5.4422
-5.4763
-5.4689
-5.4296
-5.4935
-5.211
-5.3806
-5.3638
-5.4276
-5.3605
-5.3009
-5.1298
-5.1275
-5.1093
-5.1862
-5.1141
-5.1538
-5.1799
-5.1837
-5.4737
-5.3895
-5.3678
-5.4049
-5.4028
-5.3704
-5.5933
-5.5367
-5.447
-5.2733
-5.3483
-5.3009
-5.2998
-5.1455
-5.0506
-5.1144
-5.0025
-5.0041
-5.0598
-5.0112
-4.983
-5.0191
-4.9154
-4.9181
-4.9339
-4.9663
-4.9759
-5.1011
-5.1669
-5.173
-5.2791
-5.2483
-5.1546
-5.3032
-5.0862
-4.9009
-5.1187
-5.2229
-5.073
-5.0295
-5.0011
-4.9818
-5.033
-5.0269
-5.0868
-5.0912
-5.1063
-5.1198
-5.3625
-5.5683
-5.5904
-5.4431
-5.578
-5.5388
-5.5873
-5.5083
-5.4419
-5.271
-5.1785
-5.1403
-5.1778
-5.1586
-5.1708
-5.1739
-5.0096
-5.0499
-5.0653
-5.0186
-5.0208
-5.0508
-5.1151
-5.2294
-5.2641
-5.1847
-5.1963
-5.0213
-4.9989
-5.05
-5.2208
-5.3003
-5.2557
-5.328
-5.26
-5.2994
-5.2809
-5.321
-5.2629
-5.4069
-5.4281
-5.683
-5.7176
-5.6908
-5.6157
-5.5992
-5.7372
-5.8019
-5.9086
-5.9267
-5.9433
-5.7965
-5.8934
-5.7674
-5.7483
-5.7834
-5.6611
-5.2346
-5.1915
-4.7012
-4.6772
-4.6523
-4.6396
-4.5716
-4.5339
-4.5582
-4.4843
-4.5166
-4.5147
-4.5023
-4.5383
-4.7348
-4.8052
-5.3581
-5.3899
-5.3591
-5.3715
-5.5375
-5.6327
-5.5297
-5.6659
-5.6821
-5.6119
-5.5866
-5.6299
-5.5993
-5.5879
-5.5791
-5.5507
-5.6212
-5.5574
-5.4224
-5.4147
-5.4565
-5.5489
-5.1645
-4.7831
-4.6546
-4.6255
-4.4609
-4.4592
-4.4717
-4.487
-4.4686
-4.4598
-4.4862
-4.4931
-4.5223
-4.5388
-4.7169
-5.0426
-5.2585
-5.0624
-5.344
-5.2577
-5.1566
-5.1213
-5.1977
-5.263
-5.2511
-5.1697
-5.1104
-5.1054
-5.0995
-5.1432
-5.1737
-5.4694
-5.4119
-5.5264
-5.7094
-5.7522
-5.4711
-5.3468
-5.3928
-5.4246
-5.4931
-5.4151
-5.4267
-5.3899
-5.232
-5.2216
-5.2755
-5.2322
-5.1364
-5.0599
-5.1539
-5.1353
-5.055
-5.0632
-5.01
-4.6926
-4.6986
-4.6996
-4.7496
-4.7501
-4.7796
-4.7417
-4.7728
-4.8437
-4.8828
-4.8659
-4.9324
-4.7993
-4.8532
-5.3163
-5.3081
-5.2514
-5.241
-5.1781
-5.0692
-5.1139
-4.9633
-4.9156
-4.8002
-4.6099
-4.6182
-4.7409
-4.739
-4.7396
-4.6767
-4.7246
-4.7582
-4.7718
-4.8327
-4.8733
-5.0171
-4.8091
-4.7947
-5.0739
-5.0038
-4.8932
-4.8983
-4.7971
-4.7157
-4.7323
-4.7207
-4.7379
-4.7069
-4.6816
-4.704
-4.8798
-5.0398
-5.1279
-5.0206
-5.0646
-5.0384
-5.1148
-5.2657
-5.1846
-5.1706
-5.1738
-5.2261
-5.2699
-5.2546
-5.3023
-5.2937
-5.2849
-5.358
-5.3944
-5.2478
-5.2653
-5.3589
-5.481
-5.3795
-5.3487
-5.3951
-5.2375
-5.241
-5.1795
-5.0737
-5.0817
-5.1373
-5.1775
-5.3242
-5.2017
-5.185
-5.0331
-5.081
-5.12
-5.1089
-5.1565
-5.1373
-5.047
-5.1519
-5.1019
-4.8658
-4.8036
-4.6776
-4.7067
-4.7072
-4.7763
-4.8021
-4.7926
-4.7319
-4.7633
-4.7425
-4.7399
-4.7519
-4.7857
-4.6867
-4.7312
-4.8352
-4.841
-4.8499
-4.7689
-4.7194
-4.7092
-4.7644
-4.754
-4.7666
-4.889
-4.8863
-4.7756
-5.1564
-5.193
-5.1987
-5.1727
-5.0626
-5.1658
-5.2369
-5.2761
-5.2915
-5.3687
-5.2607
-5.2012
-5.0876
-4.9861
-4.8933
-4.9017
-4.8386
-4.901
-4.9123
-4.8492
-4.7495
-4.6512
-4.5656
-4.5639
-4.5395
-4.5783
-4.5324
-4.6224
-4.6352
-4.6437
-4.7175
-4.7461
-4.7086
-4.7953
-4.8968
-4.9806
-5.0708
-4.9515
-5.0451
-5.0327
-5.2206
-5.3022
-5.4695
-5.4495
-5.4122
-5.4034
-5.4727
-5.2637
-5.321
-5.2898
-5.2373
-5.3409
-5.4156
-5.328
-5.3467
-5.2182
-5.1764
-5.0235
-5.0054
-5.0148
-5.1392
-5.0526
-4.9734
-5.035
-4.9049
-4.8878
-4.889
-4.9346
-4.7986
-4.867
-4.8573
-4.9532
-4.9551
-4.8603
-4.8611
-4.9056
-4.8824
-4.8568
-5.0139
-5.0146
-5.0166
-4.9902
-5.1642
-5.1903
-5.0961
-5.1442
-5.0642
-5.0874
-5.0207
-5.145
-5.2714
-5.0432
-4.9645
-4.995
-4.9323
-4.9316
-4.8493
-4.6998
-4.7367
-4.7179
-4.7757
-4.7366
-4.7467
-4.7338
-4.6306
-4.5836
-4.6386
-4.6584
-4.4962
-4.5291
-4.4393
-4.5513
-4.5891
-4.5554
-4.4902
-4.5041
-4.4319
-4.4637
-4.5534
-4.6933
-4.6967
-4.6719
-4.9246
-4.7843
-5.0002
-4.9884
-5.0117
-5.0549
-5.0739
-4.9348
-4.9167
-4.9146
-4.7903
-4.7661
-4.667
-4.6724
-4.6226
-4.7181
-4.7105
-4.6331
-4.5853
-4.5222
-4.5799
-4.6696
-4.7501
-4.7618
-4.8723
-4.6656
-4.7408
-4.7265
-4.7456
-4.6343
-4.588
-4.6891
-4.7346
-4.8419
-4.7335
-4.815
-4.8225
-4.8331
-4.7337
-5.0136
-5.0572
-5.0483
-4.9594
-5.1031
-5.062
-5.0473
-4.8789
-4.8481
-4.9805
-4.8123
-4.7932
-4.7597
-4.8437
-4.863
-4.8766
-4.903
-4.9918
-4.9416
-5.0196
-4.9754
-5.1707
-5.0804
-5.0963
-5.2808
-5.3434
-5.3247
-5.1214
-5.148
-5.1229
-5.1418
-5.1581
-5.188
-5.2119
-5.1701
-5.0702
-5.0402
-4.9687
-4.9891
-4.9777
-4.9561
-5.06
-5.0839
-5.0368
-4.9956
-5.0061
-4.8508
-4.8547
-4.6295
-4.6039
-4.6958
-4.7214
-4.6983
-4.734
-4.7772
-4.7355
-4.7343
-4.7645
-4.7719
-4.7846
-4.9791
-4.9707
-5.1378
-5.2804
-5.2784
-5.364
-5.4023
-5.4067
-5.313
-5.207
-4.9748
-5.02
-5.0095
-4.758
-4.6602
-4.6361
-4.8137
-4.7743
-4.7535
-4.7227
-4.7283
-4.6967
-4.7561
-4.8459
-5.0131
-4.912
-4.9227
-5.0381
-5.0446
-4.9938
-4.9289
-4.9605
-4.7798
-4.7838
-4.7443
-4.7232
-4.7058
-4.7866
-4.8041
-4.8266
-4.6226
-4.6293
-4.691
-4.6551
-4.6041
-4.5764
-4.6796
-4.6253
-4.6298
-4.6686
-4.5708
-4.5635
-4.5259
-4.5607
-4.6795
-4.7514
-4.7755
-4.6935
-4.7825
-4.7983
-4.8694
-4.9752
-4.9504
-4.8445
-4.717
-4.6521
-4.6762
-4.6436
-4.6607
-4.6678
-4.5058
-4.6591
-4.6472
-4.5096
-4.4703
-4.3939
-4.4377
-4.4923
-4.6962
-4.7454
-4.7204
-4.7301
-4.7287
-4.712
-4.8778
-4.8616
-4.8942
-4.9683
-5.0421
-5.0817
-5.088
-4.9875
-5.0028
-4.8904
-4.9602
-4.9956
-5.1112
-4.9184
-4.9438
-4.7902
-4.7746
-4.8927
-4.8731
-4.8231
-4.6911
-4.7916
-4.6537
-4.6736
-4.6628
-4.6672
-4.5579
-4.7468
-4.6809
-4.7979
-4.819
-4.8084
-4.7389
-4.8257
-4.7553
-4.742
-4.8371
-4.911
-4.6071
-4.5919
-4.7044
-4.7083
-4.6437
-4.6169
-4.5649
-4.5213
-4.5772
-4.604
-4.7567
-4.6935
-4.6523
-4.6873
-5.0087
-5.0195
-4.808
-4.7127
-4.8891
-4.9645
-4.9028
-5.0076
-4.7592
-4.7527
-4.6535
-4.5883
-4.4944
-4.4364
-4.4288
-4.432
-4.5433
-4.5712
-4.5454
-4.5354
-4.624
-4.5503
-4.7347
-4.7422
-4.7865
-4.9554
-5.041
-5.1243
-5.1415
-5.1363
-5.036
-4.8021
-4.8338
-4.8276
-4.75
-4.717
-4.7441
-4.6646
-4.755
-4.7313
-4.7131
-4.4947
-4.4664
-4.3944
-4.3815
-4.4875
-4.4834
-4.4014
-4.4459
-4.5341
-4.4785
-4.4797
-4.4375
-4.3493
-4.4651
-4.6757
-4.702
-4.7436
-4.8061
-4.8869
-4.7834
-4.8271
-4.7026
-4.5614
-4.561
-4.5667
-4.5875
-4.6503
-4.6158
-4.6202
-4.6392
-4.5214
-4.5257
-4.3995
-4.4256
-4.5063
-4.6102
-4.768
-4.7786
-4.7915
-4.5037
-4.4702
-4.507
-4.4987
-4.4768
-4.6089
-4.6177
-4.8149
-4.7841
-4.7135
-4.6256
-4.6215
-4.6255
-4.6231
-4.9412
-5.0755
-5.0769
-4.8782
-4.919
-4.8894
-4.8505
-4.5472
-4.2057
-4.247
-4.2547
-4.2549
-4.2365
-4.1865
-4.1086
-4.1166
-4.1054
-4.1653
-4.1401
-4.1816
-4.1479
-4.248
-4.6873
-4.6264
-4.7028
-4.6269
-4.5995
-4.6762
-4.6768
-4.6261
-4.4997
-4.5472
-4.5852
-4.555
-4.5437
-4.396
-4.2593
-4.2785
-4.1952
-4.2212
-4.2343
-4.2555
-4.3715
-4.3466
-4.4663
-4.218
-4.2024
-4.0304
-4.0851
-4.1365
-4.1612
-4.1636
-4.192
-4.1912
-4.2202
-4.2202
-4.1842
-4.1522
-4.137
-4.343
-4.2867
-4.5315
-4.5546
-4.7351
-4.6976
-4.6674
-4.7113
-4.7161
-4.5429
-4.5678
-4.4978
-4.4933
-4.5059
-4.4808
-4.4364
-4.2796
-4.2505
-4.2259
-4.2108
-4.0877
-4.1031
-4.071
-3.9651
-3.9483
-3.9265
-3.9067
-3.8086
-3.7576
-3.8092
-3.9038
-3.8338
-3.7889
-3.8816
-3.9864
-3.9933
-4.0067
-4.2461
-4.1945
-4.2287
-4.2405
-4.3622
-4.4447
-4.4074
-4.366
-4.3586
-4.3853
-4.3478
-4.2215
-4.177
-4.19
-4.1514
-4.1383
-4.2178
-4.319
-4.3275
-4.1929
-4.21
-4.2554
-4.143
-4.1542
-4.1217
-4.169
-4.1016
-4.1011
-3.9721
-4.0034
-4.0018
-3.976
-3.9988
-4.1448
-4.0748
-4.0598
-4.1787
-4.2312
-4.2992
-4.3834
-4.4904
-4.5013
-4.7979
-4.7389
-4.4995
-4.5544
-4.2289
-4.0333
-4.122
-4.1363
-4.224
-4.1009
-3.9004
-3.8892
-3.8881
-3.8106
-3.8139
-3.8509
-3.7999
-3.7417
-3.8603
-4.0288
-4.0138
-3.9926
-4.0042
-3.9392
-4.1498
-4.1864
-4.1638
-4.2769
-4.2358
-4.2575
-4.4723
-4.5691
-4.6331
-4.5326
-4.5716
-4.5112
-4.4004
-4.6843
-4.6803
-4.6104
-4.6801
-4.6204
-4.5222
-4.5167
-4.4495
-4.421
-4.4703
-4.5342
-4.5255
-4.4643
-4.5202
-4.4841
-4.3522
-4.2525
-4.1846
-4.1516
-4.2416
-4.1379
-4.1064
-4.0668
-3.9122
-3.9353
-3.9321
-3.9808
-4.0229
-4.0524
-3.8962
-3.9661
-4.021
-3.9638
-3.9752
-4.0256
-4.031
-4.0752
-4.1535
-4.0032
-3.9853
-4.0218
-3.9998
-4.0224
-4.3115
-4.3473
-4.3112
-4.4479
-4.3786
-4.3068
-4.4704
-4.428
-4.5013
-4.7315
-4.4725
-4.4351
-4.446
-4.4316
-4.4205
-4.3322
-4.358
-4.376
-4.4315
-4.4471
-4.3947
-4.3544
-4.2777
-4.2517
-4.3826
-4.3343
-4.1719
-4.1567
-4.1415
-4.129
-4.1129
-4.1201
-4.0381
-4.1137
-4.0612
-4.1628
-4.1958
-4.1943
-4.1318
-4.1229
-4.1289
-4.1427
-3.9011
-3.9548
-3.9252
-3.915
-3.9869
-3.7894
-3.8475
-3.792
-3.7638
-3.7362
-3.8076
-3.7895
-3.9085
-3.8517
-3.9269
-3.9174
-3.9699
-3.9404
-3.8041
-3.9961
-3.9824
-4.0451
-4.0913
-4.1506
-4.1591
-4.2237
-4.0519
-3.9511
-3.9192
-3.8258
-3.7615
-3.8048
-3.9409
-3.9551
-3.8859
-3.7977
-3.8448
-3.859
-3.8754
-3.8709
-3.9699
-4.0204
-4.1684
-4.2656
-4.3432
-4.312
-4.3089
-4.1688
-4.1624
-4.0703
-4.0378
-4.0141
-3.9514
-3.9183
-3.8786
-3.9662
-4.0309
-4.0829
-3.9417
-3.925
-3.8655
-3.9076
-3.9819
-4.1555
-4.1682
-4.1937
-4.2552
-4.1391
-4.1756
-4.1806
-4.1718
-4.0012
-3.8346
-3.8006
-3.8679
-3.859
-3.8461
-3.8551
-3.8387
-3.8112
-3.8234
-3.8805
-3.8452
-3.713
-3.6127
-3.704
-3.9792
-4.0449
-4.0075
-4.0467
-4.0132
-4.0172
-3.9719
-3.9812
-3.9567
-3.8971
-3.9686
-4.1158
-4.2425
-4.1315
-4.0744
-4.0893
-4.1017
-4.1271
-4.0329
-4.0323
-3.9915
-3.9883
-3.9258
-4.0209
-4.0119
-3.8204
-3.831
-3.9049
-3.8967
-3.8342
-3.8444
-3.6631
-3.7849
-3.661
-3.7518
-3.7646
-3.8312
-3.8544
-3.8484
-3.9594
-3.9307
-3.9642
-3.9913
-4.0641
-3.9598
-4.1189
-4.0792
-4.158
-4.0208
-4.0095
-3.9053
-3.7359
-3.6695
-3.7685
-3.8059
-3.81
-3.8549
-3.8274
-3.858
-3.912
-3.8153
-3.8776
-3.95
-3.8747
-3.9864
-4.2048
-4.2459
-4.2189
-4.2379
-4.1589
-4.0944
-4.1489
-4.1968
-4.2008
-4.2774
-4.3051
-4.4043
-4.5548
-4.4545
-4.3914
-4.1178
-4.1014
-4.0366
-4.0893
-4.1299
-4.0888
-4.0676
-4.0259
-4.1079
-4.1118
-4.0136
-3.959
-4.0186
-3.8417
-3.8874
-3.786
-3.8242
-3.8292
-3.8455
-3.852
-3.8772
-3.8792
-3.8848
-3.8716
-3.8903
-3.9493
-3.9562
-4.1377
-4.2759
-4.4385
-4.3406
-4.2498
-4.1097
-4.1278
-3.9026
-3.9139
-3.7699
-3.7343
-3.778
-3.7506
-3.6915
-3.7758
-3.8303
-3.7604
-3.7272
-3.7817
-3.837
-3.6429
-3.7991
-3.7755
-3.913
-3.9187
-3.873
-3.8767
-3.8062
-3.688
-3.6244
-3.7016
-3.7209
-3.719
-3.7193
-3.9288
-3.9083
-3.9799
-3.9926
-4.0234
-3.9882
-4.0013
-4.0817
-4.2324
-4.465
-4.4635
-4.432
-4.176
-4.1357
-4.0908
-4.0105
-4.0265
-4.0042
-3.9135
-3.8822
-3.8099
-3.6194
-3.471
-3.4357
-3.4131
-3.4717
-3.4823
-3.4667
-3.4855
-3.5781
-3.5497
-3.5483
-3.563
-3.5805
-3.5206
-3.7556
-3.9696
-3.826
-3.7907
-3.7668
-3.8618
-3.9421
-3.839
-3.7441
-3.6921
-3.7042
-3.737
-3.7284
-3.8929
-3.8191
-3.8262
-4
-4.0419
-4.0056
-4.0507
-4.0615
-4.2171
-4.3607
-4.5074
-4.5067
-4.5229
-4.7148
-4.7048
-4.8283
-4.7901
-4.402
-4.4478
-4.5634
-4.6084
-4.537
-4.3949
-4.2315
-4.1983
-3.9747
-3.8193
-3.7682
-3.6332
-3.6452
-3.5544
-3.6685
-3.6836
-3.6768
-3.6374
-3.5258
-3.5669
-3.6322
-3.6399
-3.7705
-3.9665
-3.9371
-3.8459
-3.6983
-3.5864
-3.5814
-3.4616
-3.4204
-3.3565
-3.4771
-3.4388
-3.402
-3.3255
-3.2903
-3.2719
-3.3207
-3.4772
-3.5256
-3.7396
-3.7468
-3.9074
-3.9697
-4.0752
-3.8286
-3.7484
-3.7457
-3.7704
-3.6958
-3.7216
-3.5923
-3.5545
-3.6307
-3.6032
-3.6269
-3.6126
-3.625
-3.6771
-3.8874
-4.0549
-4.1364
-3.982
-4.0477
-4.0425
-3.8846
-3.7444
-3.692
-3.6631
-3.5103
-3.4862
-3.4815
-3.4815
-3.4352
-3.415
-3.3306
-3.3852
-3.2464
-3.2474
-3.3476
-3.3662
-3.3676
-3.283
-3.4234
-3.3302
-3.2564
-3.1213
-3.1487
-3.1526
-3.1405
-3.1645
-3.354
-3.275
-3.3155
-3.3921
-3.4285
-3.5817
-3.5881
-3.7569
-3.8652
-4.0844
-4.1104
-4.0718
-4.2353
-4.1817
-4.1629
-4.1873
-4.2423
-4.1851
-4.0511
-3.9814
-3.9772
-3.8467
-3.8173
-3.6439
-3.575
-3.5236
-3.3576
-3.3924
-3.3864
-3.4655
-3.4403
-3.4252
-3.4401
-3.4215
-3.3974
-3.4021
-3.4092
-3.5855
-3.5579
-3.6295
-3.6725
-3.7405
-3.6807
-3.6257
-3.6615
-3.7315
-3.6918
-3.7545
-3.6939
-3.6923
-3.7076
-3.7054
-3.7109
-3.679
-3.8802
-3.8216
-3.8773
-3.9399
-3.9131
-3.8764
-3.8921
-3.7881
-3.8034
-3.8069
-3.7294
-3.6126
-3.5436
-3.3863
-3.3487
-3.1259
-3.1421
-3.0274
-3.0051
-3.0169
-3.0626
-3.1016
-3.1371
-3.1995
-3.2634
-3.1905
-3.3077
-3.4734
-3.5393
-3.8623
-3.7313
-3.9713
-4.0791
-3.9915
-3.8596
-3.8951
-3.8862
-3.7631
-3.741
-4.0474
-3.9599
-4.0027
-3.9426
-3.9133
-3.9884
-3.9313
-3.8567
-3.8995
-4.0169
-3.9889
-3.9947
-3.7215
-3.5476
-3.5304
-3.3014
-3.186
-3.0737
-3.1195
-3.1053
-3.0386
-3.0675
-3.0789
-3.0536
-3.0449
-3.012
-3.1618
-3.2913
-3.1804
-3.3818
-3.4278
-3.2534
-3.2238
-3.1775
-2.8562
-2.7201
-2.6412
-2.6507
-2.599
-2.6142
-2.5961
-2.5672
-2.5404
-2.537
-2.58
-2.753
-2.7794
-2.7449
-2.9998
-3.1378
-3.271
-3.2982
-3.0366
-3.0058
-2.8951
-2.8074
-2.672
-2.5582
-2.5236
-2.5062
-2.3817
-2.3698
-2.4313
-2.3943
-2.3593
-2.3153
-2.4322
-2.4205
-2.4636
-2.5419
-2.7141
-2.842
-2.8249
-2.8211
-2.9774
-2.9088
-2.8349
-2.9171
-2.9039
-2.9633
-3.0285
-2.9939
-2.9034
-2.9018
-2.7327
-2.6681
-2.6986
-2.5349
-2.4479
-2.551
-2.5885
-2.5985
-2.6151
-2.4544
-2.4104
-2.4286
-2.5222
-2.5018
-2.4104
-2.4763
-2.4338
-2.5807
-2.7089
-2.6854
-2.699
-2.6465
-2.6685
-2.8166
-2.8728
-2.9042
-2.4668
-2.4726
-2.7036
-2.6566
-2.7115
-2.7215
-2.6155
-2.5998
-2.5919
-2.6045
-2.5571
-2.6098
-2.588
-2.4719
-2.8504
-2.5265
-2.5075
-2.0401
-1.8692
-1.7091
-1.74
-1.5449
-1.4174
-1.3486
-1.2739
-1.2608
-1.2578
-1.2655
-1.1772
-1.1656
-1.1707
-1.3263
-1.3773
-1.477
-1.4018
-1.5173
-1.5513
-1.4043
-1.5041
-1.4353
-1.4464
-1.4605
-1.5281
-1.6552
-1.6327
-1.5717
-1.5553
-1.5207
-1.6045
-1.4748
-1.3717
-1.5129
-1.364
-1.4175
-1.4139
-1.1295
