0.26545
0.17431
0.18059
0.18329
0.15247
0.14402
0.14084
0.12326
0.11501
0.11518
0.11193
0.11031
0.10511
0.098823
0.085001
0.082778
0.072067
0.058306
0.0557
0.055205
0.059592
0.058486
0.069389
0.067454
0.059792
0.068008
0.083854
0.080758
0.08159
0.083479
0.075868
0.086695
0.093667
0.088235
0.084032
0.087498
0.099946
0.094548
0.095515
0.09744
0.09923
0.099744
0.095748
0.096205
0.098317
0.099676
0.092448
0.096734
0.10168
0.11479
0.099369
0.1156
0.12387
0.11145
0.093367
0.097375
0.099536
0.10768
0.10288
0.093262
0.10168
0.10139
0.099897
0.082903
0.089825
0.076175
0.070045
0.083707
0.09384
0.10753
0.11411
0.15536
0.15693
0.15493
0.21082
0.2139
0.21711
0.23268
0.21934
0.25516
0.26905
0.25679
0.25138
0.23556
0.23463
0.18582
0.18532
0.19042
0.13912
0.13406
0.13427
0.12973
0.1288
0.092706
0.077404
0.075036
0.080659
0.085834
0.095104
0.09439
0.094131
0.089083
0.087391
0.090541
0.089387
0.080269
0.089097
0.088078
0.086689
0.085981
0.075512
0.082537
0.068123
0.068646
0.070965
0.072623
0.075015
0.070522
0.072937
0.070332
0.062965
0.0619
0.06014
0.0637
0.065673
0.050976
0.053601
0.056312
0.053332
0.05446
0.042029
0.042017
0.033292
0.035293
0.035639
0.037955
0.038386
0.038757
0.039204
0.044198
0.040286
0.035044
0.037355
0.035465
0.038742
0.037098
0.042215
0.044141
0.042483
0.041596
0.043524
0.039347
0.035325
0.036153
0.0347
0.035671
0.03363
0.032393
0.027409
0.026807
0.022753
0.019432
0.019793
0.018605
0.016107
0.019029
0.020765
0.014818
0.016035
0.015045
0.017248
0.020774
0.020771
0.021706
0.021338
0.021446
0.020721
0.020652
0.026164
0.02252
0.020637
0.020628
0.021084
0.023258
0.021796
0.020388
0.020488
0.022733
0.028263
0.029245
0.029419
0.030188
0.024147
0.031119
0.031426
0.033513
0.031863
0.030564
0.031857
0.029777
0.030833
0.030607
0.025872
0.02518
0.024827
0.024997
0.024186
0.018939
0.021364
0.019526
0.019604
0.018931
0.017389
0.016805
0.016459
0.014353
0.013178
0.013222
0.013379
0.012907
0.014135
0.012672
0.010387
0.010419
0.0098272
0.010284
0.0089645
0.0090765
0.0083479
0.0083282
0.0084368
0.0080945
0.0089637
0.0090963
0.0097283
0.0094701
0.0093022
0.0090262
0.011421
0.010412
0.012893
0.013061
0.014529
0.013693
0.014713
0.017183
0.017459
0.01657
0.016981
0.019599
0.021122
0.021274
0.020298
0.021601
0.01911
0.023184
0.021592
0.022508
0.021376
0.019508
0.019432
0.019721
0.018255
0.015842
0.01431
0.016582
0.016068
0.015488
0.015855
0.011587
0.012095
0.011811
0.011522
0.010216
0.011341
0.012239
0.012452
0.012249
0.012104
0.012444
0.011526
0.0118
0.012148
0.012179
0.011618
0.011938
0.011961
0.012885
0.011716
0.010539
0.0096982
0.012702
0.012975
0.011778
0.012438
0.011439
0.010875
0.0123
0.011987
0.011425
0.011641
0.0118
0.010532
0.011873
0.012232
0.011056
0.010832
0.010961
0.010463
0.011328
0.011296
0.010352
0.01046
0.011307
0.011606
0.010954
0.01254
0.012372
0.012105
0.01127
0.011078
0.0094491
0.0097949
0.0092365
0.010368
0.010398
0.010419
0.009931
0.0094454
0.0089511
0.0071814
0.007583
0.0075801
0.0080729
0.0097032
0.010528
0.011
0.010547
0.0096605
0.010674
0.010493
0.010057
0.010015
0.011284
0.01208
0.01209
0.011941
0.011135
0.010233
0.0094907
0.010248
0.010383
0.010279
0.0099027
0.010516
0.011262
0.014084
0.01279
0.012495
0.011866
0.01233
0.0122
0.011482
0.012384
0.011225
0.011117
0.013464
0.012313
0.012244
0.011417
0.0087657
0.010647
0.010281
0.012163
0.011728
0.012208
0.012373
0.011475
0.012039
0.01351
0.011697
0.011866
0.011363
0.011569
0.012123
0.01124
0.011356
0.0089838
0.0088299
0.0088546
0.0090474
0.0089644
0.0085382
0.0083554
0.0077405
0.0076344
0.0086251
0.009019
0.0088481
0.0081797
0.0079237
0.0096409
0.012166
0.012292
0.012177
0.012469
0.012565
0.011228
0.012506
0.013649
0.013313
0.012568
0.012518
0.013738
0.013773
0.011495
0.0095738
0.0084306
0.0091284
0.0089357
0.0082479
0.0085863
0.0072208
0.0062313
0.0078462
0.0086686
0.0099396
0.0099423
0.010064
0.010311
0.01209
0.013162
0.012956
0.013384
0.013348
0.013508
0.014673
0.014611
0.012294
0.011914
0.010585
0.0091635
0.010263
0.011233
0.0099452
0.0095746
0.0087891
0.0083826
0.010123
0.0096117
0.0092647
0.0095188
0.012122
0.014023
0.014584
0.01494
0.013749
0.012776
0.011955
0.012079
0.013514
0.013879
0.012215
0.013007
0.01273
0.01229
0.011359
0.00894
0.0090814
0.0087908
0.0087783
0.0087529
0.010433
0.011438
0.010696
0.011352
0.011558
0.011035
0.01038
0.011444
0.010405
0.012038
0.010786
0.011176
0.011364
0.011093
0.012376
0.011467
0.011192
0.010462
0.010084
0.010622
0.011743
0.011
0.011148
0.0097531
0.010768
0.010987
0.011551
0.011672
0.0084878
0.007843
0.0085027
0.0095188
0.0097566
0.0094248
0.0085227
0.0082878
0.0096013
0.0093331
0.0086706
0.0078804
0.0072108
0.0077253
0.0084214
0.0111
0.011058
0.0098965
0.010187
0.010025
0.010698
0.012204
0.010531
0.011599
0.01263
0.012964
0.014946
0.015381
0.015093
0.012269
0.012402
0.012122
0.012616
0.012929
0.012174
0.011161
0.011274
0.010395
0.0097262
0.0093705
0.0081577
0.0079037
0.0076285
0.0079246
0.0069348
0.0075798
0.0079143
0.0075942
0.0077001
0.0074864
0.0070167
0.0071697
0.0066799
0.0077092
0.0075572
0.0069722
0.0082979
0.0079714
0.0078141
0.007481
0.0061588
0.0079055
0.0082852
0.0088473
0.0092982
0.0092324
0.009321
0.0089618
0.0084013
0.0090797
0.0079194
0.0080768
0.0085545
0.0093435
0.0096283
0.008044
0.0086234
0.007589
0.0071906
0.0084634
0.010805
0.010999
0.011021
0.010975
0.010987
0.011448
0.011109
0.01003
0.01023
0.010844
0.011298
0.012241
0.012182
0.01131
0.01025
0.009412
0.011052
0.011254
0.011191
0.010472
0.011295
0.011776
0.011307
0.011002
0.010508
0.0098093
0.0098057
0.010747
0.01044
0.011337
0.0099334
0.0090237
0.0088682
0.009518
0.009191
0.0088978
0.0088478
0.0084248
0.0072674
0.0071779
0.0078012
0.0061133
0.0062007
0.0060093
0.0057569
0.0056629
0.0056906
0.0051658
0.0051683
0.0053223
0.0056161
0.0066945
0.0068227
0.0072394
0.0073408
0.008344
0.006997
0.0064885
0.0063979
0.0063909
0.0065483
0.0072155
0.0070327
0.0081025
0.0096017
0.0092851
0.0099427
0.0096289
0.0097353
0.012841
0.013362
0.014605
0.015197
0.01626
0.01768
0.017165
0.01692
0.01642
0.014723
0.013549
0.013325
0.013208
0.012432
0.0091689
0.0093543
0.0079693
0.0072826
0.0062112
0.0064386
0.0064946
0.0064473
0.0061001
0.0062182
0.0065045
0.0063683
0.0066876
0.0067829
0.0061578
0.0059259
0.0063221
0.0076303
0.008172
0.0080919
0.0094715
0.00975
0.0091288
0.0091196
0.011099
0.010733
0.010798
0.011174
0.013308
0.013592
0.013536
0.012288
0.011812
0.010057
0.0084794
0.0093989
0.0094628
0.0095701
0.0074672
0.007546
0.0073989
0.0071157
0.0047768
0.00401
0.0044676
0.0052365
0.0054436
0.0065612
0.006959
0.0064042
0.00702
0.0069324
0.0078137
0.0076588
0.0075087
0.0072332
0.0090905
0.0092879
0.009314
0.010787
0.010782
0.0099461
0.0098019
0.0097518
0.0094143
0.0097429
0.011389
0.011815
0.011716
0.01237
0.010824
0.011484
0.010952
0.0089742
0.0097214
0.0097275
0.0095704
0.0089654
0.0094445
0.009301
0.0067449
0.0076692
0.0075687
0.0082694
0.0095318
0.0086818
0.0090465
0.009033
0.0082082
0.0078933
0.0094931
0.0097853
0.0090311
0.0092792
0.0093509
0.0087369
0.0086875
0.0075188
0.0067661
0.0080615
0.0076966
0.0079317
0.0090736
0.01016
0.0099091
0.0096733
0.0099706
0.0098054
0.0099394
0.010016
0.0099936
0.010295
0.010676
0.011134
0.012388
0.012862
0.011828
0.010735
0.0094633
0.0094222
0.0092242
0.0088741
0.0093843
0.010035
0.010475
0.010885
0.0097006
0.0080916
0.0068804
0.007154
0.0082527
0.0082621
0.0079428
0.0080184
0.0087962
0.0086525
0.0096498
0.0088555
0.0084169
0.0089105
0.009783
0.010824
0.01084
0.0096339
0.0083994
0.0083482
0.0091053
0.0098196
0.0097564
0.010052
0.008325
0.0095958
0.010623
0.0092517
0.010438
0.0097965
0.0097042
0.010773
0.010951
0.010899
0.010555
0.0096244
0.0089284
0.0095599
0.0094261
0.0075662
0.0071726
0.0082573
0.0070806
0.0070195
0.0068294
0.0060441
0.0074842
0.0076869
0.0075501
0.0080584
0.011621
0.011101
0.012499
0.013092
0.013356
0.01246
0.012755
0.012389
0.012558
0.013991
0.012327
0.012381
0.012543
0.01381
0.010532
0.0114
0.010314
0.0096258
0.008899
0.0090474
0.0090393
0.0094739
0.010265
0.0096626
0.010422
0.010302
0.0099966
0.0085321
0.0093241
0.0081848
0.0086792
0.0087506
0.0089248
0.01007
0.009091
0.0085027
0.0078571
0.0071406
0.0065744
0.008601
0.0099214
0.0096577
0.0090545
0.0089111
0.0086933
0.0097281
0.01254
0.011118
0.011281
0.011348
0.011238
0.011174
0.010944
0.0087873
0.0074477
0.007529
0.0068749
0.0068927
0.006385
0.0053924
0.0023495
0.0051104
0.0050001
0.0051893
0.0054827
0.0058045
0.006894
0.0082776
0.0083716
0.0094446
0.0098956
0.0098877
0.01067
0.011739
0.013253
0.01128
0.011231
0.010978
0.012127
0.011362
0.010498
0.0093669
0.0098733
0.0088935
0.011585
0.012118
0.012795
0.012145
0.011399
0.011077
0.01197
0.012112
0.010465
0.011771
0.011928
0.011859
0.012209
0.013006
0.010476
0.010167
0.0088161
0.008558
0.0086503
0.00881
0.0083823
0.0094121
0.0096604
0.0085085
0.0081806
0.01033
0.010205
0.0098975
0.0094941
0.010187
0.010883
0.01107
0.01045
0.010687
0.0099963
0.0090849
0.0089854
0.0089072
0.0099463
0.0086621
0.0086172
0.0078624
0.0080441
0.0073979
0.0076996
0.0086079
0.00864
0.007868
0.0079523
0.0077958
0.0075335
0.0085015
0.0090025
0.0090271
0.0093396
0.010509
0.010165
0.010363
0.0095543
0.0093361
0.01036
0.010971
0.011169
0.013106
0.013057
0.012178
0.011206
0.010296
0.0091111
0.0081854
0.0086603
0.0088988
0.0085332
0.007811
0.0064757
0.0067031
0.0071962
0.0054885
0.0056719
0.0058734
0.007124
0.0084527
0.008725
0.0090952
0.0086453
0.0081885
0.0083953
0.0088951
0.0091824
0.0085816
0.0090384
0.008805
0.0092964
0.0090539
0.0075604
0.0063105
0.0061094
0.0061021
0.0067398
0.0074188
0.0074134
0.00782
0.0075339
0.0074364
0.0076337
0.00793
0.0074708
0.0081564
0.0092061
0.0094478
0.010216
0.0097394
0.0091263
0.0087794
0.0088489
0.009226
0.0095734
0.0093138
0.011582
0.011505
0.012347
0.01163
0.010243
0.0099483
0.0093845
0.0094702
0.01179
0.011319
0.011117
0.0098987
0.010029
0.01241
0.0088993
0.0088937
0.0088995
0.0091466
0.0089811
0.0090462
0.010177
0.010415
0.0079707
0.0081321
0.0083611
0.0084306
0.0084612
0.0065483
0.0065965
0.0066411
0.0056205
0.0069445
0.0072678
0.0075037
0.0062875
0.0064245
0.0068094
0.0065455
0.0062917
0.0061557
0.0060282
0.006458
0.0068621
0.0067678
0.0068995
0.0064962
0.006482
0.0062172
0.0060811
0.0062201
0.0059771
0.0069077
0.0074402
0.0072517
0.0082012
0.008419
0.008365
0.0082574
0.0084378
0.0074906
0.007328
0.0071524
0.0083083
0.0080479
0.0079406
0.0070495
0.0068449
0.0073097
0.0072044
0.0065336
0.0065873
0.0078868
0.0077172
0.0075873
0.0076733
0.0078391
0.0071741
0.0068986
0.0073883
0.0075394
0.0082256
0.0083936
0.0075289
0.007201
0.0083471
0.0072887
0.0082335
0.0085895
0.0092079
0.0089789
0.0092875
0.0090851
0.008694
0.0095433
0.0087282
0.0082422
0.0078648
0.0082268
0.0074969
0.0071702
0.0069379
0.006611
0.0057865
0.0057833
0.0052112
0.0052335
0.0053846
0.0055997
0.006308
0.0065376
0.0082791
0.0081549
0.0071073
0.0075308
0.0067073
0.0071378
0.0075398
0.0083749
0.0081672
0.0097642
0.010811
0.0098116
0.010894
0.010339
0.0091706
0.0087828
0.0089379
0.0092938
0.0098728
0.009449
0.0093517
0.0086262
0.0085013
0.0075734
0.0063252
0.0061514
0.0042987
0.0049329
0.0043007
0.0053492
0.006088
0.0067284
0.0062993
0.0068262
0.0074076
0.0073116
0.0085588
0.0079171
0.0078661
0.0081364
0.0085391
0.0080819
0.0093041
0.0084316
0.0083994
0.0070047
0.0077278
0.0073258
0.0065606
0.0065782
0.0060923
0.0060794
0.0062548
0.0060223
0.0056392
0.005397
0.004198
0.0047655
0.0039248
0.0038894
0.0035821
0.0033095
0.0033221
0.0038686
0.0031996
0.0050084
0.0050866
0.0054319
0.0055229
0.0055632
0.0066507
0.0065326
0.0069426
0.0071651
0.0078431
0.0078241
0.0078119
0.0072984
0.0077809
0.0059909
0.006048
0.0056676
0.0055259
0.0056189
0.0048949
0.0042949
0.0052923
0.0051007
0.004401
0.0044745
0.0051118
0.0051512
0.0046018
0.0046368
0.0051533
0.0058852
0.0064574
0.0071786
0.0070692
0.0072961
0.0064974
0.006779
0.0069224
0.0072763
0.0070653
0.0072374
0.0073692
0.0085325
0.0076908
0.0069001
0.0067099
0.0058461
0.0061744
0.0072858
0.0071133
0.0069506
0.0062521
0.0059665
0.0064144
0.0061878
0.0062606
0.0058635
0.0062224
0.0068374
0.006713
0.0076727
0.0071422
0.0057308
0.0062923
0.0062743
0.006702
0.0066421
0.0057141
0.0059072
0.0061582
0.0053882
0.0052521
0.0048949
0.0045113
0.0037113
0.0039028
0.0051271
0.0045803
0.0053379
0.0048794
0.0047733
0.0055164
0.0056244
0.0053378
0.0063652
0.0064986
0.0067997
0.0073183
0.0083543
0.0081437
0.0077018
0.0072508
0.0063118
0.0066882
0.0071351
0.0065066
0.0062265
0.0061334
0.0051362
0.0048404
0.0059826
0.0069344
0.0062157
0.0062783
0.0054766
0.005659
0.0062505
0.0070311
0.0072915
0.0075884
0.0083746
0.0087451
0.0091717
0.0094684
0.008629
0.0074145
0.0071035
0.0070007
0.0071673
0.0076296
0.0070416
0.0068062
0.0069937
0.006963
0.0062586
0.0059513
0.0054587
0.0058933
0.0055145
0.0053937
0.0052668
0.0056037
0.0057626
0.005256
0.006735
0.0058072
0.0062353
0.0061984
0.0062639
0.0072682
0.0075545
0.0068932
0.0066794
0.0073652
0.0073257
0.0083063
0.0082445
0.0084577
0.0074374
0.0077949
0.0067831
0.0065792
0.0066387
0.0058992
0.0056628
0.0057365
0.0057592
0.0051576
0.0060074
0.0047293
0.0044887
0.0058354
0.0060184
0.0060884
0.0062998
0.0061998
0.0082367
0.0078259
0.0083831
0.0081745
0.008071
0.0078376
0.0073542
0.0078931
0.0079802
0.0062817
0.0058588
0.0063717
0.0061614
0.0063611
0.0050123
0.0050093
0.0044521
0.00516
0.005204
0.0055805
0.0061337
0.0077331
0.0081586
0.0082705
0.0080745
0.0073706
0.0072626
0.0070115
0.0061109
0.007334
0.007821
0.00737
0.0074208
0.0070641
0.0062332
0.0040888
0.00361
0.0046126
0.0055035
0.0053008
0.0054324
0.0055115
0.0058382
0.0048222
0.0048833
0.0047394
0.0050074
0.0055403
0.0055571
0.0059874
0.0059714
0.0059069
0.0051662
0.0059086
0.0071875
0.0070917
0.0072562
0.0070589
0.0070831
0.0090014
0.0085563
0.010846
0.012494
0.01271
0.012702
0.011715
0.011614
0.01085
0.010465
0.010998
0.011028
0.011137
0.011181
0.0093403
0.0094885
0.0070233
0.0054905
0.0050208
0.0059378
0.0065047
0.0065181
0.0068413
0.0062054
0.0060026
0.0062089
0.0061111
0.0059577
0.0074165
0.0074856
0.0074505
0.0079918
0.0080903
0.0074896
0.006878
0.0068043
0.0079546
0.007608
0.0075088
0.006852
0.0068838
0.0067596
0.0052985
0.005675
0.006649
0.0060086
0.0058345
0.0058332
0.0060165
0.006924
0.0067386
0.0070972
0.0075501
0.0075247
0.0075228
0.0072062
0.0073047
0.0067576
0.0057764
0.0077654
0.0077796
0.0074867
0.0092636
0.0093566
0.0084621
0.0079197
0.0083231
0.0093553
0.0097885
0.0098987
0.0099614
0.010439
0.010772
0.0092167
0.0097126
0.0097363
0.0079495
0.0075422
0.0071367
0.007131
0.006955
0.0060626
0.0059027
0.0057754
0.0054027
0.0053025
0.0047759
0.0042913
0.004403
0.0056194
0.0069544
0.006522
0.0070165
0.0075152
0.0069725
0.0067999
0.0067066
0.0066505
0.0088744
0.0091246
0.0090345
0.0097404
0.0098164
0.0086356
0.0081323
0.0080856
0.0083993
0.0081066
0.0077213
0.0078676
0.0087598
0.0089271
0.0068501
0.0076062
0.007706
0.00756
0.0068086
0.0067522
0.0061592
0.0065097
0.0071675
0.0069842
0.0088344
0.0086226
0.0074989
0.0080429
0.0083702
0.0073935
0.007411
0.0073712
0.0073971
0.007348
0.0078354
0.0079289
0.0068491
0.0067667
0.0057373
0.0057378
0.0073244
0.0086975
0.0082681
0.0086266
0.0085104
0.0085474
0.009113
0.0092856
0.00854
0.0080116
0.0075975
0.0076314
0.0068857
0.0072916
0.0063964
0.0043851
0.0045952
0.0041403
0.0049596
0.0043395
0.0046521
0.0047242
0.0046111
0.00505
0.005261
0.0052647
0.0051984
0.0050344
0.0055685
0.0058308
0.0068019
0.0064784
0.0059691
0.0060786
0.0051538
0.0051112
0.0051791
0.0047548
0.0055257
0.0055984
0.0055391
0.005563
0.0045726
0.0042491
0.0031132
0.0043238
0.0047658
0.0047933
0.0048806
0.005212
0.0052332
0.0053257
0.0049696
0.0051011
0.005579
0.0060915
0.0059993
0.0059702
0.0059244
0.0047431
0.0048332
0.005388
0.005772
0.0055468
0.0057583
0.0058561
0.0057828
0.0066844
0.0068959
0.0062912
0.006221
0.0064055
0.0071574
0.0073672
0.0069907
0.0065243
0.0062376
0.0065402
0.0067421
0.0064845
0.0065202
0.0056571
0.0049899
0.0054584
0.0056033
0.0057698
0.0054634
0.0056386
0.0052115
0.0051416
0.0048779
0.0051097
0.0048134
0.0050895
0.0045448
0.0051025
0.0050837
0.0045025
0.0044674
0.0049745
0.0046545
0.0042106
0.0054819
0.005964
0.0065972
0.0070103
0.0069072
0.0069076
0.007369
0.0067461
0.0068146
0.0072708
0.0070845
0.0062151
0.0063938
0.0064091
0.0050878
0.004772
0.0046832
0.0039434
0.0039781
0.0039702
0.0039491
0.0043882
0.0047246
0.0048975
0.0055578
0.0066142
0.0072469
0.0076891
0.007784
0.0079963
0.0080711
0.0083463
0.0090044
0.00984
0.0094419
0.0090951
0.0090039
0.0093682
0.0095817
0.0091279
0.0087488
0.0087048
0.0085671
0.0081544
0.0075876
0.0084903
0.0081364
0.0071825
0.0088794
0.0085548
0.0086798
0.0078581
0.0070786
0.0069417
0.0064089
0.0060204
0.0069979
0.0097724
0.0097423
0.0081684
0.0076634
0.0075297
0.005833
0.0062334
0.0058167
0.0065197
0.0065231
0.0083745
0.0093856
0.0097016
0.0091464
0.0065716
0.0067107
0.0073712
0.0075671
0.0076985
0.0087987
0.0089386
0.0089359
0.0082121
0.0085168
0.0070912
0.0061023
0.0059349
0.0060517
0.006343
0.0063114
0.0055986
0.0053794
0.0054046
0.0042338
0.0041142
0.0042967
0.0042646
0.0041776
0.0034392
0.0034668
0.0037133
0.0035787
0.0034309
0.0039496
0.0046204
0.0048207
0.0051341
0.0060927
0.0073321
0.0074328
0.0077267
0.0078569
0.0081682
0.0092803
0.00886
0.0095393
0.010092
0.012656
0.011998
0.01279
0.012649
0.012821
0.011264
0.011372
0.011039
0.010661
0.011831
0.01081
0.010762
0.0099463
0.010542
0.007335
0.0073532
0.0069578
0.0069377
0.0058857
0.0058917
0.0055396
0.0054327
0.0055842
0.0049161
0.0060251
0.0069274
0.0066837
0.0054324
0.0061551
0.0066036
0.0062523
0.0062094
0.0062638
0.0066084
0.0066735
0.0074899
0.00844
0.0075694
0.007312
0.006767
0.0072675
0.0072872
0.0066031
0.0065807
0.0063702
0.0061618
0.0065856
0.0074084
0.0073722
0.0069767
0.0060854
0.0067969
0.0059402
0.0061136
0.0069862
0.0069736
0.0079432
0.0074481
0.0075325
0.0075015
0.0072096
0.0091392
0.0092953
0.0092606
0.0089697
0.0090525
0.0094602
0.0088135
0.0075078
0.0076255
0.0074844
0.0075584
0.0083497
0.0084906
0.0095765
0.007291
0.0072542
0.0068289
0.007256
0.0066836
0.006288
0.0066932
0.0089172
0.0091364
0.010157
0.010669
0.010172
0.010125
0.0088058
0.0083089
0.0081286
0.008628
0.0084028
0.0098943
0.011075
0.010779
0.0085427
0.0079663
0.006463
0.0059464
0.0055607
0.0066889
0.0067298
0.0066596
0.0068879
0.0063761
0.0063542
0.0047775
0.0039419
0.0047663
0.0057775
0.0062619
0.0076948
0.0094997
0.0094671
0.0082713
0.0085887
0.0089459
0.0087239
0.008912
0.0088574
0.0086356
0.0085404
0.0077189
0.0073278
0.0068969
0.0051699
0.0032494
0.0040678
0.0040061
0.0036447
0.0030785
0.0043415
0.0044272
0.0043391
0.0044885
0.0044222
0.0059602
0.0053632
0.0068245
0.0069271
0.007467
0.0074019
0.0085734
0.0086919
0.0087592
0.0076589
0.0085424
0.0089227
0.0093311
0.0093512
0.0083938
0.00832
0.0070498
0.007445
0.0072005
0.0066897
0.0058756
0.0058317
0.0069547
0.0068306
0.0059613
0.0055782
0.0050058
0.0050836
0.0045873
0.0052948
0.0051516
0.0047484
0.0045271
0.0052408
0.0053909
0.0053212
0.0043415
0.0042678
0.00434
0.0049895
0.0053017
0.0048385
0.0048891
0.0042333
0.0043327
0.0041615
0.004942
0.0040716
0.0037041
0.0037725
0.0034561
0.0038874
0.0040454
0.0034648
0.0039512
0.0040039
0.004129
0.0041808
0.0045235
0.0045904
0.0040371
0.0055728
0.0057003
0.0057001
0.0058535
0.0059098
0.0065395
0.0081205
0.0074642
0.0081423
0.0085917
0.009257
0.0087233
0.0086724
0.0095481
0.0081278
0.0087614
0.0092908
0.0095043
0.0093832
0.0092203
0.0076412
0.0077407
0.007063
0.0069244
0.0063897
0.0063887
0.0071668
0.0060193
0.0059184
0.005011
0.004558
0.0047779
0.0050471
0.0045704
0.0055301
0.0055401
0.005622
0.0049251
0.00486
0.0057553
0.005082
0.0059999
0.0062379
0.0072812
0.0072125
0.0068389
0.0072735
0.0069088
0.0059277
0.006612
0.0082127
0.0082481
0.0084227
0.0074233
0.0084086
0.0079158
0.0079036
0.0070401
0.0069837
0.0069748
0.0067588
0.0067924
0.0075368
0.0067806
0.0058603
0.006061
0.0070191
0.0075353
0.0065373
0.0068518
0.0065449
0.0063515
0.0065055
0.0062628
0.0064789
0.0064309
0.0058247
0.0057967
0.0063386
0.0065595
0.0054795
0.0053069
0.0055908
0.0050043
0.0050244
0.0050465
0.0052954
0.0053012
0.0052135
0.0059874
0.0063773
0.0066567
0.0054327
0.006408
0.0061529
0.0058312
0.0058519
0.0063935
0.0074561
0.0076047
0.007769
0.0079876
0.0087635
0.008811
0.0089287
0.0087672
0.0095474
0.0081536
0.0086691
0.0090256
0.0092024
0.0087906
0.008092
0.0082032
0.007973
0.0080026
0.0066432
0.006658
0.0066106
0.0068853
0.0075341
0.0076549
0.0074597
0.0073737
0.0069289
0.0066772
0.0069471
0.0071623
0.0078436
0.0076268
0.0083595
0.0079332
0.007275
0.0067793
0.0054947
0.0064855
0.0063591
0.006585
0.006673
0.0066189
0.0065382
0.0061511
0.0052913
0.0056018
0.0045283
0.0042556
0.0051243
0.0052052
0.005097
0.004671
0.0052289
0.004995
0.0063569
0.0063996
0.0065504
0.0073064
0.0070746
0.006764
0.0080556
0.0078365
0.0074514
0.0077999
0.0078154
0.0078438
0.008499
0.0085478
0.0069508
0.0091876
0.008599
0.0083639
0.0087181
0.0090714
0.0077849
0.0079705
0.0080493
0.0076058
0.0077301
0.0082455
0.0068889
0.0067878
0.0073598
0.0052168
0.0051546
0.0045329
0.004585
0.0042869
0.0042671
0.0041119
0.0035424
0.0034855
0.0033861
0.0021903
0.0022267
0.0022007
0.0017196
0.0026832
0.0037208
0.0046978
0.0056898
0.0060478
0.0069916
0.0070117
0.0072464
0.0074076
0.0073389
0.0074505
0.0074297
0.0076942
0.0082929
0.0075467
0.0064913
0.0058895
0.004492
0.0052411
0.0044477
0.0043652
0.0045969
0.0044934
0.0047711
0.0054965
0.0083015
0.0086722
0.008006
0.0077322
0.0078035
0.0074183
0.0082214
0.0088239
0.0087908
0.0091739
0.0088997
0.010342
0.01031
0.0097035
0.0068633
0.0078824
0.0084213
0.0083902
0.0087273
0.0087994
0.0081465
0.0064641
0.0063507
0.0071704
0.007083
0.0059888
0.005666
0.0059139
0.005905
0.0044048
0.0046722
0.0061052
0.0062258
0.0062676
0.0064033
0.0064304
0.0074276
0.0064635
0.0065859
0.006636
0.0067267
0.0062012
0.0061879
0.0057862
0.0050418
0.0038725
0.0034244
0.0039737
0.0043808
0.0051059
0.0045721
0.004926
0.0050819
0.0051411
0.005238
0.0052154
0.005228
0.0070808
0.0071565
0.0068618
0.0068901
0.0063198
0.0057592
0.0049039
0.0045668
0.0044223
0.0042113
0.0040418
0.0054696
0.0056382
0.0056063
0.0051004
0.0049275
0.0050443
0.0053584
0.0053079
0.0058571
0.0062498
0.0072864
0.0069728
0.0071036
0.007412
0.0065217
0.0064677
0.0074986
0.0062446
0.0062762
0.0070227
0.0070011
0.0070214
0.0064597
0.0060935
0.0052868
0.0055483
0.005459
0.0053014
0.004736
0.0047583
0.0046813
0.0046959
0.0050399
0.0046579
0.004893
0.0060037
0.0060289
0.0061993
0.0058934
0.0055093
0.0063755
0.0059247
0.0056687
0.0060715
0.005456
0.0054421
0.0056334
0.0060562
0.0060338
0.0054472
0.0054188
0.0053313
0.0053278
0.0053946
0.0045166
0.0053277
0.005686
0.0052381
0.0049974
0.0049436
0.0045407
0.0043906
0.0044874
0.0043907
0.0056317
0.0056708
0.0059523
0.0059215
0.0058877
0.0050561
0.0047916
0.0047715
0.005528
0.0055416
0.0063936
0.0075293
0.0076729
0.0072764
0.0061687
0.0060974
0.0057764
0.0060001
0.006154
0.0071551
0.0074062
0.0077681
0.0074041
0.0074061
0.0064813
0.0050365
0.0041206
0.0042842
0.0041076
0.0044544
0.0047863
0.0050242
0.0047937
0.0038953
0.003748
0.0036432
0.003212
0.0035067
0.003426
0.0045451
0.0045341
0.0045512
0.0048274
0.0048978
0.0046156
0.0041315
0.0047123
0.0047137
0.004723
0.004931
0.0063566
0.006387
0.0065635
0.0050493
0.0050641
0.0050253
0.004934
0.0055194
0.0056645
0.0063932
0.0057233
0.0057982
0.0057069
0.005289
0.0043013
0.0045627
0.0055454
0.0054997
0.0062749
0.0061364
0.0060345
0.0053121
0.0054647
0.0053708
0.0056762
0.0060243
0.0061741
0.0060787
0.0059918
0.0056473
0.0054487
0.0055183
0.0064333
0.0064794
0.0064804
0.0074418
0.0071055
0.0066402
0.0069953
0.0067655
0.006592
0.0071089
0.0073538
0.0076351
0.0073656
0.0076042
0.0062291
0.0061245
0.0066952
0.0069478
0.0069678
0.0070273
0.0064907
0.0061691
0.0063424
0.006623
0.0060582
0.0056104
0.0052901
0.0050063
0.0049546
0.0055564
0.0054145
0.0041896
0.0046709
0.005762
0.006004
0.0062078
0.0062728
0.0056741
0.0058734
0.0059554
0.0074673
0.0075196
0.0074244
0.0068934
0.0069733
0.0070175
0.0070659
0.0057538
0.0054343
0.0070932
0.0068462
0.0067292
0.0070778
0.0072999
0.006362
0.006358
0.0069803
0.0089418
0.0084507
0.0082475
0.0077582
0.0079609
0.0080583
0.0063582
0.0064456
0.0073365
0.0084326
0.0081532
0.0072469
0.007351
0.0073276
0.005358
0.0052418
0.0070855
0.007478
0.0080355
0.0082611
0.0082281
0.0090106
0.0080785
0.0064408
0.0065575
0.0065313
0.0063508
0.0059093
0.0065139
0.007253
0.0062451
0.0059961
0.0052391
0.0053399
0.0055982
0.0048388
0.0048435
0.0056594
0.0054035
0.0057724
0.0059004
0.0056973
0.0053139
0.0053282
0.0042818
0.0047128
0.0050317
0.0047191
0.0059042
0.0069496
0.0070165
0.0063134
0.006718
0.0066151
0.0073391
0.0073888
0.0079384
0.0071987
0.0080025
0.0076195
0.0073458
0.0082587
0.0068625
0.0066994
0.0068197
0.0070253
0.0067508
0.0071026
0.0063509
0.0072841
0.0073782
0.0075733
0.0069613
0.0070138
0.0075209
0.006431
0.0063036
0.0056634
0.0056038
0.0055334
0.0056671
0.0053018
0.0052965
0.0043116
0.0042937
0.0040685
0.0045589
0.0047504
0.0041842
0.0043728
0.0055856
0.0057716
0.0056293
0.0063225
0.0060992
0.0060163
0.0063512
0.0067653
0.0058522
0.005862
0.0053152
0.0054742
0.0057804
0.0071444
0.0078326
0.0081388
0.010006
0.0097642
0.010113
0.0099984
0.0096368
0.0091984
0.0093847
0.009579
0.010223
0.01005
0.010474
0.0091423
0.0077771
0.0072277
0.0059208
0.0053835
0.0057387
0.006076
0.0059924
0.0061867
0.0065861
0.0074773
0.0067191
0.0062864
0.0057894
0.0055775
0.0062463
0.0064861
0.0062899
0.0061807
0.0055451
0.0055013
0.0055294
0.0057353
0.0054776
0.0052549
0.0061164
0.0061007
0.0062657
0.0064084
0.0055228
0.0055628
0.0056082
0.0055071
0.0055072
0.0056707
0.0057088
0.0056209
0.0052997
0.0046657
0.0039352
0.004367
0.004201
0.0043457
0.0050433
0.0045964
0.004177
0.0045544
0.004618
0.0044202
0.0047887
0.0045797
0.0054529
0.0057383
0.0058314
0.0060384
0.0060531
0.0058775
0.0053902
0.0051922
0.0052157
0.0061497
0.0064326
0.006122
0.00746
0.0075632
0.0077589
0.0076189
0.0074922
0.0069487
0.0072881
0.0075273
0.0071374
0.0071762
0.0072764
0.0071783
0.0067216
0.0070502
0.0053376
0.0054039
0.004328
0.0051685
0.0060135
0.0065234
0.006297
0.00605
0.0061096
0.0065319
0.0066503
0.0059776
0.0076564
0.007327
0.0076179
0.0075892
0.0096936
0.0086464
0.0084065
0.0077395
0.007411
0.0076027
0.0079459
0.0090409
0.0091936
0.0092032
0.0092845
0.0093166
0.0099099
0.0098891
0.0082105
0.0081363
0.007746
0.0084267
0.008359
0.0083436
0.0082868
0.00672
0.006411
0.0060443
0.004384
0.0043317
0.0054701
0.0064204
0.00625
0.0066672
0.0067666
0.0061955
0.0065343
0.0063288
0.0064432
0.0066465
0.00689
0.0070457
0.0069627
0.0074719
0.0054526
0.0042389
0.0048288
0.0048718
0.0053539
0.0060631
0.0058588
0.0064906
0.0060301
0.0060262
0.005709
0.006205
0.0063487
0.0067559
0.0074193
0.0073709
0.0068706
0.006434
0.0062197
0.0062226
0.0065507
0.0059507
0.0057613
0.0060108
0.0065615
0.0062544
0.0069818
0.0065676
0.0071489
0.0074599
0.0073618
0.007261
0.0065733
0.0057111
0.005942
0.0062745
0.0063888
0.010804
0.010374
0.0099516
0.0090596
0.008572
0.0074838
0.0072441
0.0072903
0.0081903
0.0085377
0.0089871
0.0083646
0.0082012
0.0085795
0.0043095
0.0047491
0.0047261
0.0049596
0.0050181
0.0050752
0.0054065
0.0058147
0.0049878
0.0052762
0.0049304
0.0055561
0.0055534
0.0057398
0.0051812
0.0046798
0.0055779
0.0054116
0.0066968
0.0065507
0.0066336
0.0062362
0.0063627
0.0057275
0.0059887
0.0056503
0.005384
0.0049016
0.0050992
0.0051176
0.0042763
0.004202
0.0029766
0.0042016
0.0040653
0.0043351
0.004306
0.004553
0.0043965
0.0052136
0.0053173
0.0051783
0.0050589
0.00613
0.0065234
0.0070038
0.0092054
0.0081081
0.0087263
0.0084037
0.0090037
0.0088492
0.0095579
0.0087529
0.0093759
0.0096107
0.009524
0.0084744
0.0087887
0.0091201
0.0069142
0.0067474
0.0058743
0.0056103
0.0049748
0.0055076
0.00477
0.0050038
0.004345
0.0050777
0.0073638
0.0074509
0.0066676
0.0066355
0.0066085
0.0065974
0.006871
0.0070111
0.007856
0.007827
0.0078066
0.0074075
0.0076023
0.0066117
0.0051217
0.0051868
0.0051433
0.0051137
0.0059879
0.0077802
0.00835
0.0083995
0.0073807
0.0068843
0.0070125
0.0069194
0.007417
0.0077557
0.0069752
0.0070046
0.0069406
0.0066023
0.0056287
0.0043176
0.0035796
0.0038556
0.0044594
0.0047063
0.0057218
0.0056719
0.0049354
0.0049211
0.0062183
0.0063599
0.0064442
0.0061456
0.0062834
0.0060393
0.0058187
0.0060734
0.0056412
0.0064824
0.0053628
0.0053714
0.0055413
0.0052458
0.0040099
0.0037833
0.0038982
0.0042117
0.004596
0.0051877
0.0057059
0.0051016
0.0050354
0.0043942
0.0043473
0.004843
0.0049307
0.0058751
0.0063336
0.0068541
0.0073984
0.0072534
0.0072184
0.0065181
0.0060273
0.0058941
0.0064049
0.0062567
0.0062032
0.0061431
0.005916
0.0049349
0.0048151
0.0043114
0.0051281
0.0052059
0.0058185
0.0064037
0.0070945
0.0076447
0.0079354
0.007663
0.0077706
0.0073966
0.0075881
0.0096146
0.0094834
0.0095311
0.0090775
0.0087555
0.0077542
0.0073024
0.0066122
0.0067856
0.0060389
0.0061844
0.0063318
0.0065338
0.0079368
0.0064035
0.0061313
0.0058593
0.0050691
0.0056086
0.0061999
0.0063358
0.006306
0.0061488
0.0059855
0.0059119
0.005797
0.0055217
0.0042107
0.0063179
0.006754
0.0072257
0.0076755
0.0080599
0.0078501
0.0074206
0.0074981
0.0075067
0.0074947
0.0074159
0.0073358
0.0074093
0.0072331
0.0046885
0.0049001
0.0048778
0.0042109
0.0032504
0.0034122
0.0036214
0.0035746
0.0031479
0.0036433
0.003864
0.0037595
0.0037054
0.0036912
0.0038648
0.0032738
0.0029579
0.0032039
0.0035362
0.003477
0.0040133
0.0050918
0.0053229
0.0059061
0.0059168
0.0065889
0.0066159
0.0066318
0.0072722
0.0078242
0.0087121
0.010149
0.010183
0.0095904
0.0094681
0.0083716
0.008102
0.0077549
0.0081093
0.0079023
0.0091432
0.0091966
0.0084849
0.0080315
0.0073802
0.0058243
0.0054838
0.0055271
0.0053909
0.0057152
0.0056929
0.0053201
0.0046893
0.0044052
0.003128
0.0029717
0.0045913
0.0047084
0.0048499
0.0050177
0.005599
0.0059818
0.0062743
0.0061203
0.0067884
0.0066852
0.0071471
0.00715
0.007126
0.0082761
0.0064762
0.0067152
0.0063707
0.0063698
0.0065644
0.0067894
0.0060711
0.0062067
0.007816
0.0076049
0.0091355
0.0091277
0.0092529
0.0095092
0.0096569
0.0096261
0.010391
0.010314
0.0099838
0.0098522
0.0099629
0.010169
0.0078361
0.0080262
0.0063076
0.007123
0.0070295
0.0057884
0.0062295
0.0062894
0.0057305
0.0058856
0.0054304
0.0050244
0.0051298
0.0051025
0.0060106
0.0057957
0.0055344
0.0046383
0.0051652
0.004965
0.0048981
0.0046215
0.0077596
0.007281
0.0079735
0.007981
0.0083352
0.0086997
0.0080535
0.0081013
0.0090544
0.0091179
0.0085283
0.009196
0.0092675
0.00998
0.0068573
0.007153
0.0066732
0.00673
0.0068178
0.0062813
0.0067048
0.0075543
0.0065084
0.0063291
0.007025
0.006448
0.0064388
0.005429
0.0054798
0.0052784
0.0051846
0.005267
0.0045642
0.0042398
0.0049305
0.0066295
0.0069608
0.0069932
0.0063905
0.0074934
0.0071917
0.0074459
0.0072828
0.0077348
0.0080487
0.0097562
0.0098614
0.010014
0.0087521
0.0064822
0.006192
0.0070643
0.0070061
0.0061354
0.0060978
0.006569
0.0063574
0.0065008
0.0061586
0.0043212
0.0049317
0.0051248
0.0053464
0.0052879
0.0056601
0.0051956
0.0051655
0.0058413
0.0062263
0.0065365
0.0066104
0.0059752
0.0063876
0.0068556
0.0069683
0.0067674
0.0066981
0.0064307
0.0068706
0.0064683
0.0064894
0.0077953
0.0076054
0.0069444
0.0068027
0.0074279
0.0070837
0.0067643
0.005904
0.0058631
0.0060928
0.0067826
0.0061228
0.0064393
0.0075798
0.0052675
0.0053615
0.0062259
0.0063951
0.006873
0.0068037
0.0070734
0.0071829
0.0074365
0.0069999
0.0072563
0.0076687
0.008032
0.007052
0.007019
0.007618
0.0070615
0.0069522
0.0059925
0.0060286
0.0057856
0.0061295
0.0061663
0.006129
0.0053894
0.0050616
0.0045081
0.0043255
0.0043572
0.0033201
0.0032188
0.0046009
0.0050969
0.0053022
0.0054899
0.0065665
0.0064762
0.0064591
0.0071165
0.0070239
0.007135
0.0084454
0.0095677
0.0095583
0.0090766
0.0077612
0.0074042
0.0071301
0.006632
0.0054981
0.0054998
0.0059234
0.0053981
0.0056727
0.0058564
0.0046278
0.003728
0.0040663
0.004122
0.0039651
0.0048448
0.0049917
0.0054624
0.005267
0.0051851
0.0056088
0.0059227
0.0060752
0.0060656
0.0059939
0.0064029
0.0064786
0.0070992
0.0071189
0.0069735
0.0082953
0.0082046
0.01016
0.010163
0.0097619
0.009693
0.010051
0.0096505
0.0097282
0.0092745
0.009022
0.008628
0.0088415
0.0079337
0.0066542
0.0069482
0.0052833
0.0052195
0.0050382
0.0044404
0.0042021
0.004439
0.0055895
0.005812
0.0072897
0.0078803
0.0079119
0.0089617
0.0088383
0.0088805
0.0097203
0.010061
0.0099169
0.010315
0.010693
0.010819
0.0097359
0.010322
0.0086363
0.0086213
0.0089663
0.0079524
0.0081957
0.0079561
0.0067126
0.0063633
0.0065525
0.0066986
0.0056786
0.0068047
0.0079332
0.0070248
0.0077377
0.0069019
0.0062797
0.0061049
0.0057244
0.0056074
0.0056015
0.0055282
0.0054727
0.0050546
0.0055961
0.0042687
0.0044465
0.0044737
0.0042061
0.0045785
0.0054302
0.0065651
0.0068909
0.0070274
0.0075798
0.008293
0.0082346
0.0084412
0.0080599
0.0080444
0.0067569
0.0078209
0.007702
0.0081677
0.0074548
0.0066432
0.0068786
0.0064353
0.0061637
0.0054636
0.0061259
0.0059958
0.0061936
0.0067805
0.0086789
0.0075483
0.0080731
0.0072475
0.007396
0.0071748
0.0066457
0.0070084
0.0067416
0.0068832
0.0065076
0.0064709
0.006991
0.0063283
0.0042946
0.0046444
0.0059694
0.0063647
0.0065013
0.0078159
0.0085904
0.0091175
0.0098774
0.009857
0.0095571
0.010835
0.0099963
0.01013
0.010213
0.0099644
0.0078966
0.0074461
0.0073401
0.0067086
0.0063486
0.0059896
0.0072541
0.0070902
0.0075784
0.006669
0.0071875
0.0076991
0.0079573
0.0079473
0.0079908
0.0080113
0.0081841
0.0078777
0.0075261
0.0072837
0.0055658
0.0056339
0.0055582
0.0052341
0.0048501
0.0042714
0.0041175
0.0041163
0.0042079
0.0045226
0.0041988
0.0040917
0.0047747
0.00498
0.0045496
0.0045498
0.0039557
0.0041501
0.004225
0.0041945
0.0039441
0.0039177
0.0040168
0.0039043
0.004691
0.0050478
0.004312
0.0041578
0.00457
0.0048724
0.0051152
0.0047209
0.0048643
0.0053559
0.006611
0.0065428
0.0067971
0.0066605
0.006036
0.0064816
0.0068708
0.006895
0.0066822
0.0086647
0.0084543
0.0084557
0.0090407
0.0085092
0.0079039
0.0091941
0.0089804
0.0093076
0.0094606
0.0083148
0.0081726
0.0084422
0.0083448
0.006423
0.0065015
0.0070428
0.0065914
0.0064988
0.0060294
0.0047021
0.0043168
0.0041817
0.0038281
0.0039695
0.0039585
0.0033484
0.003341
0.0031432
0.0030464
0.0026221
0.0022032
0.0028187
0.0038384
0.0044338
0.0048913
0.0046636
0.0047613
0.0047371
0.0044651
0.0043947
0.0044937
0.0046194
0.0046274
0.0049785
0.0051598
0.0046684
0.0039141
0.003761
0.0039078
0.0038204
0.0048853
0.0047549
0.0050856
0.0051804
0.0049749
0.0046858
0.0046857
0.0044645
0.0041191
0.0041669
0.0039871
0.0042376
0.0058978
0.0064104
0.0063327
0.0066167
0.0064072
0.0077386
0.0091619
0.0091312
0.0091553
0.0088769
0.010008
0.010722
0.01083
0.013901
0.012102
0.01269
0.012126
0.011948
0.01185
0.011339
0.010624
0.010838
0.011382
0.012073
0.011184
0.010791
0.012505
0.009399
0.0090114
0.0082488
0.0077747
0.0077906
0.0082932
0.0075401
0.0071435
0.0072284
0.0068371
0.0064231
0.0062432
0.0058596
0.0057138
0.0057418
0.0060218
0.0073711
0.0073461
0.0071805
0.0072326
0.0071425
0.0068622
0.0071994
0.0073616
0.0074957
0.0076371
0.0078968
0.0065934
0.0061472
0.0057658
0.0040449
0.0040444
0.004654
0.0040947
0.0040625
0.0040892
0.0037204
0.0037822
0.0045603
0.004465
0.004372
0.0047448
0.004555
0.0055961
0.0059171
0.0069205
0.0063773
0.0070217
0.0073817
0.0079926
0.0076522
0.007956
0.007468
0.009371
0.009713
0.0091011
0.010226
0.0094471
0.0092664
0.0084029
0.0093666
0.0089956
0.0091962
0.0087993
0.008878
0.0087701
0.0081325
0.0064038
0.006001
0.0061575
0.0051266
0.0049689
0.0054253
0.0052038
0.0043428
0.0044899
0.0039486
0.003954
0.0044471
0.0046292
0.0049659
0.0048723
0.005061
0.0047433
0.0049088
0.0049226
0.0046966
0.0047984
0.0049901
0.0048412
0.0053706
0.0078329
0.0079459
0.0071655
0.0068166
0.0068914
0.007195
0.0075193
0.007625
0.0077931
0.0078719
0.008385
0.0081624
0.0085518
0.0080229
0.0058119
0.0056855
0.0059796
0.0063369
0.0087861
0.0084005
0.0083162
0.0078924
0.0079821
0.0084235
0.0078945
0.0083343
0.0077713
0.0081295
0.0077937
0.0073702
0.007391
0.0092044
0.0065824
0.0075457
0.007249
0.0074806
0.0072918
0.0090513
0.0093157
0.0089997
0.0092479
0.009588
0.010657
0.010796
0.01088
0.0090901
0.01039
0.010211
0.010151
0.011314
0.011529
0.0090989
0.0096088
0.0094267
0.010309
0.0098093
0.0091318
0.0091815
0.0089363
0.0089247
0.0077263
0.0066004
0.0066124
0.0052329
0.0049915
0.005224
0.0049392
0.0051027
0.0047169
0.0046583
0.0046542
0.0059463
0.0060305
0.0059517
0.0059115
0.008365
0.0084423
0.0096814
0.0097172
0.0092598
0.0099953
0.0097926
0.009615
0.009656
0.0093676
0.0079221
0.0076794
0.0073678
0.0085725
0.0061681
0.006771
0.0060197
0.0058984
0.0064932
0.0057866
0.0058097
0.0057919
0.0056751
0.0067527
0.0080429
0.0083715
0.0085456
0.0072772
0.0074796
0.0080338
0.0076518
0.007939
0.0083446
0.0077854
0.0079065
0.0073867
0.00735
0.006231
0.0049059
0.0047032
0.0050698
0.005783
0.0061408
0.0048583
0.004917
0.0046939
0.0039221
0.0044435
0.0044137
0.0044169
0.0046729
0.004876
0.0057207
0.0060244
0.0061825
0.0055316
0.0050389
0.0050691
0.0063841
0.0063183
0.0070966
0.0064708
0.0065504
0.0063882
0.0060785
0.0059877
0.0052373
0.0047618
0.0046439
0.0055574
0.0056711
0.0055817
0.0040834
0.004528
0.0041558
0.0044562
0.0046391
0.0052175
0.0061868
0.006362
0.0068942
0.007366
0.0068924
0.0077457
0.0077864
0.008321
0.0086829
0.0098073
0.0091807
0.0095506
0.0096206
0.0091316
0.0088364
0.0087581
0.008142
0.0079256
0.0080818
0.0061422
0.0059784
0.0057117
0.0059236
0.0044559
0.0047786
0.0042798
0.0038856
0.0047156
0.0041123
0.0036683
0.0037155
0.0036072
0.0034497
0.0034825
0.0047127
0.0046412
0.0042592
0.0042306
0.004015
0.0039164
0.0040804
0.0033553
0.0036469
0.0043885
0.0043396
0.0045798
0.0051179
0.0052795
0.0043581
0.0044877
0.0046917
0.0049768
0.0057889
0.0060911
0.0063391
0.0066488
0.0067871
0.0068211
0.0066729
0.0066374
0.006655
0.0074079
0.0071601
0.0073212
0.0069242
0.0067846
0.0058957
0.0055414
0.0052061
0.0047266
0.0043139
0.0036396
0.0038533
0.0038961
0.0035523
0.0032885
0.0036731
0.0035032
0.0035524
0.0037211
0.0052151
0.0054967
0.0054599
0.0057754
0.0056728
0.0060979
0.0058829
0.0057562
0.0083634
0.0086932
0.0090131
0.0089844
0.0097607
0.0095213
0.0084777
0.0090496
0.009023
0.0095739
0.0097054
0.0094362
0.0094781
0.009739
0.0076219
0.006862
0.0060418
0.0059229
0.0066687
0.0067749
0.0064507
0.0058277
0.0066424
0.0067523
0.0070152
0.0075321
0.0074739
0.0070483
0.0065292
0.0067444
0.007989
0.0084537
0.007949
0.007806
0.0078268
0.0096999
0.0090875
0.0091515
0.0089031
0.0082135
0.009286
0.0094135
0.0094528
0.0097546
0.010467
0.010019
0.009426
0.0098203
0.010466
0.008849
0.0087781
0.0089274
0.010108
0.010441
0.0094417
0.009794
0.0094394
0.008893
0.0079443
0.0098314
0.010121
0.010711
0.010335
0.011611
0.011615
0.010675
0.0099606
0.0096576
0.010981
0.01075
0.010867
0.01125
0.010543
0.0090105
0.008324
0.0073284
0.0072796
0.0059177
0.0068263
0.0072085
0.0069793
0.0070357
0.0066265
0.009083
0.0096568
0.0092112
0.0089987
0.0089782
0.0089394
0.0092687
0.0094339
0.0094831
0.0090611
0.0087867
0.0086458
0.0085411
0.0078247
0.0051629
0.0046655
0.004589
0.0045432
0.005161
0.0067235
0.0068757
0.0066563
0.0062106
0.0058117
0.0056216
0.0054009
0.0053267
0.0057599
0.0056228
0.0060646
0.0061075
0.0063133
0.0053247
0.0045191
0.0044978
0.0041637
0.0044169
0.0050438
0.005077
0.0054277
0.0061602
0.0055445
0.0060645
0.0054824
0.0057129
0.0057258
0.0055879
0.0048461
0.0042967
0.0043218
0.0041743
0.0036892
0.0038219
0.00349
0.0034837
0.0034753
0.0034423
0.0034206
0.0037842
0.0036339
0.0053348
0.0052908
0.005533
0.0060262
0.0063465
0.0064122
0.0061546
0.0061725
0.0058091
0.0064659
0.0063956
0.0070074
0.0063363
0.0063045
0.0051392
0.0055177
0.0058172
0.0057332
0.0054578
0.0049998
0.0052717
0.0060745
0.0057506
0.0051401
0.0049664
0.0043753
0.0043847
0.0044152
0.0051289
0.0052849
0.0048815
0.0045429
0.0043662
0.0046741
0.0053275
0.004772
0.0053725
0.0064246
0.0075432
0.0081637
0.0086791
0.0086607
0.0074584
0.0073419
0.0072636
0.0084265
0.0085807
0.0089063
0.0079462
0.008735
0.009192
0.00908
0.0077
0.0074083
0.0071854
0.0076173
0.0077342
0.0079839
0.0079851
0.0077606
0.0076634
0.0069906
0.0072886
0.0062363
0.0051622
0.0043804
0.0050908
0.0052649
0.0049847
0.0045741
0.0047588
0.0050751
0.0052881
0.0046432
0.0046552
0.0046385
0.0049603
0.0058758
0.0060265
0.0059426
0.0052963
0.0068256
0.0069314
0.006969
0.0072174
0.0064529
0.0060994
0.0058263
0.0058218
0.0060803
0.0057381
0.0048623
0.0047052
0.0046201
0.0048544
0.0028631
0.0030089
0.004693
0.004212
0.0047923
0.004966
0.0048485
0.0049448
0.0056846
0.005398
0.006841
0.0075204
0.007536
0.0072991
0.0075046
0.0081018
0.0066604
0.0068561
0.0063959
0.0065953
0.0071375
0.0083796
0.0074956
0.0087799
0.0075069
0.0069395
0.0071258
0.0076106
0.0080745
0.0072813
0.0084958
0.0089832
0.0095521
0.0096292
0.0091942
0.0086444
0.0085666
0.0072792
0.0070363
0.0069265
0.0066589
0.0063214
0.0057742
0.0061065
0.0058862
0.0051441
0.0045258
0.0045413
0.0062345
0.0055002
0.0060734
0.0068715
0.0070013
0.0077327
0.00861
0.0094117
0.0093269
0.0095503
0.0085383
0.0085928
0.0083617
0.0081383
0.0063028
0.0067294
0.0067078
0.0059584
0.0059407
0.0052126
0.0044139
0.0039051
0.003788
0.0035957
0.0035563
0.0041834
0.0047453
0.0048251
0.0052162
0.0052208
0.005817
0.0057558
0.0059805
0.0062841
0.0067529
0.0067718
0.0076578
0.0085491
0.0089296
0.0086198
0.0086265
0.008323
0.0080596
0.0078382
0.0069709
0.0075036
0.008058
0.0087581
0.0089124
0.0091871
0.0089503
0.0075756
0.0076123
0.0076061
0.0073102
0.0074747
0.007507
0.0075874
0.0073076
0.0067976
0.0063293
0.00614
0.0054591
0.0046618
0.0045151
0.0058315
0.0054509
0.0053248
0.005314
0.0059505
0.0059138
0.0061772
0.0070059
0.0072916
0.007122
0.0066503
0.0070477
0.0072971
0.0072619
0.0061402
0.0061848
0.0059289
0.0058489
0.0055151
0.0056376
0.0051086
0.0044817
0.0052445
0.005764
0.0058803
0.0057382
0.0059911
0.0062711
0.006339
0.0062148
0.0067673
0.0071372
0.0066315
0.0070506
0.0071539
0.0070304
0.0069678
0.0082197
0.0081416
0.0081493
0.0080662
0.0078476
0.0082535
0.0081728
0.007804
0.0072407
0.0075525
0.007232
0.0079343
0.0079129
0.0074285
0.0054187
0.0051617
0.0049945
0.004604
0.0045787
0.0043301
0.0041849
0.0042159
0.004385
0.0041134
0.005456
0.004605
0.0046831
0.0043937
0.0046987
0.004987
0.0059179
0.0059313
0.0060405
0.0055934
0.0060115
0.0057774
0.0056284
0.0056069
0.0041958
0.0045642
0.0046646
0.0044944
0.0045037
0.0046521
0.0037229
0.0039396
0.0043093
0.0051265
0.0047564
0.0049872
0.0049924
0.0058254
0.0064053
0.0060094
0.0067208
0.0067104
0.0063469
0.0066629
0.0068534
0.0066106
0.0073328
0.0073131
0.0071986
0.0069686
0.0069023
0.0060901
0.005702
0.0056677
0.0050972
0.0052567
0.0057728
0.0049756
0.0061814
0.0074396
0.0059837
0.0053918
0.0062639
0.006542
0.0067306
0.0068617
0.0065195
0.0065592
0.0061777
0.0061509
0.0060583
0.005977
0.0046892
0.0038171
0.0037336
0.004326
0.0037803
0.0039313
0.003745
0.0040532
0.0043312
0.0051383
0.0056365
0.005856
0.0056407
0.0057496
0.0056799
0.0056626
0.0066735
0.00641
0.0063119
0.0066139
0.0065992
0.0064042
0.0060056
0.005357
0.005174
0.0056016
0.0055371
0.0065957
0.006745
0.0064092
0.0054032
0.0049903
0.0052177
0.0048537
0.0051954
0.0049945
0.0050879
0.004888
0.0051804
0.0044853
0.0043914
0.0034032
0.0032876
0.003377
0.0036402
0.0037008
0.0032237
0.0030219
0.0027159
0.0026672
0.0026233
0.0030382
0.0027577
0.0031277
0.0031882
0.0030782
0.0034786
0.0053291
0.0055638
0.0090848
0.0093052
0.0095392
0.0096615
0.010342
0.010738
0.01048
0.011285
0.010926
0.010947
0.011083
0.010691
0.0087844
0.0081867
0.00471
0.0045625
0.0047049
0.004647
0.0039365
0.003579
0.0039674
0.0034619
0.0034065
0.0036542
0.0037479
0.003589
0.0037003
0.0037429
0.0037761
0.0038846
0.0036202
0.0038589
0.0044164
0.0044507
0.0042684
0.0038917
0.0057158
0.0083702
0.009518
0.0097992
0.011552
0.011572
0.011428
0.011255
0.011463
0.011565
0.011264
0.011186
0.010864
0.010686
0.008943
0.0064572
0.0052032
0.0063305
0.0047767
0.0052072
0.0057611
0.0059681
0.0055293
0.0051797
0.0052419
0.0056861
0.0060338
0.0060641
0.0060999
0.0058393
0.0056636
0.0042139
0.0044631
0.0039803
0.0033148
0.0031758
0.0042065
0.0047633
0.0045491
0.0044069
0.004115
0.0044488
0.0043977
0.0045624
0.005343
0.0053987
0.0051153
0.0053418
0.0058785
0.0063461
0.0057768
0.0058854
0.0063774
0.0063252
0.0066707
0.0091626
0.0091079
0.0090993
0.0086554
0.0086506
0.0083991
0.0087238
0.0084564
0.0078775
0.0075759
0.0077053
0.0072091
0.0082357
0.0078032
0.0049111
0.0049515
0.0052404
0.0052948
0.0056385
0.0062877
0.0060127
0.0069896
0.0073311
0.0082277
0.0099524
0.0098705
0.0087307
0.0087476
0.0087419
0.0093097
0.0088741
0.0085809
0.0084654
0.007965
0.007648
0.0066237
0.0081552
0.0082737
0.0062582
0.0067122
0.0074973
0.0074595
0.0082533
0.0089538
0.0088066
0.0089087
0.0087569
0.0090325
0.0092646
0.0090588
0.0075986
0.0064749
0.0059287
0.0066004
0.0063162
0.0064844
0.006007
0.0051657
0.0056023
0.0056809
0.0056628
0.0053743
0.005144
0.0052234
0.00498
0.0050231
0.0050675
0.0047102
0.004542
0.0052593
0.0051679
0.0047062
0.0041653
0.0046102
0.0047544
0.0045387
0.0053133
0.0052952
0.0056309
0.006259
0.0062096
0.0058736
0.0056421
0.0048723
0.0055072
0.0055998
0.0065185
0.0062138
0.0059759
0.0060427
0.0057617
0.0058732
0.0064287
0.0057885
0.006085
0.007706
0.0081998
0.0093011
0.0090348
0.0090303
0.008427
0.0082128
0.0082912
0.0088097
0.0085376
0.0087172
0.0087392
0.0086353
0.0083482
0.0092173
0.0088162
0.0079452
0.0078988
0.0078292
0.0084901
0.0089207
0.0090116
0.0085279
0.0086174
0.0085094
0.0075287
0.0075495
0.0084331
0.0057623
0.0055553
0.005524
0.0056694
0.0063288
0.0057084
0.0053165
0.0051124
0.0050343
0.0046603
0.0051917
0.0055101
0.0061726
0.0068319
0.0074967
0.0074339
0.0079182
0.0074392
0.0073556
0.0078349
0.0086564
0.0095501
0.010404
0.010422
0.010678
0.010272
0.010755
0.0098293
0.0097037
0.0096219
0.0089379
0.0086855
0.0090178
0.0082687
0.0074707
0.0068701
0.0062774
0.007073
0.0064407
0.0065215
0.0054038
0.0049809
0.0042133
0.0042984
0.0044617
0.0045011
0.0041997
0.0051763
0.0048881
0.0050429
0.0053147
0.0047918
0.0044468
0.0048538
0.0047638
0.0054171
0.0056484
0.0065813
0.0067016
0.0066391
0.0058626
0.0063925
0.0069193
0.0065064
0.0074101
0.0075379
0.0075293
0.0071936
0.0082414
0.0076962
0.0077714
0.0070607
0.0070473
0.0077485
0.0077423
0.0074051
0.0075786
0.0077754
0.0066452
0.0066406
0.006627
0.0068046
0.0057175
0.0055705
0.0061204
0.0058332
0.0063192
0.0061742
0.0065999
0.0058284
0.0051364
0.006453
0.0069817
0.006772
0.0072096
0.0072148
0.007834
0.009097
0.0087676
0.0089341
0.008432
0.0087684
0.0086804
0.0087926
0.0097493
0.010218
0.009671
0.0094817
0.011151
0.01079
0.011805
0.010553
0.010162
0.010511
0.011218
0.011064
0.011892
0.01152
0.010531
0.0091566
0.0091253
0.0093543
0.0072654
0.0083598
0.0067368
0.0068165
0.0066595
0.0063781
0.0062582
0.0071921
0.0073232
0.0073389
0.0083096
0.0085136
0.0094002
0.0093502
0.0098276
0.0089318
0.0090006
0.0097246
0.010201
0.010865
0.010256
0.0093758
0.0086506
0.00855
0.0076556
0.0094137
0.0087315
0.0088575
0.0086903
0.0097128
0.010173
0.0091949
0.0087858
0.007892
0.0087953
0.0081068
0.0080464
0.0079621
0.0087942
0.0066467
0.0063636
0.0064204
0.0070168
0.0060781
0.0063326
0.0064268
0.0076052
0.007843
0.0068705
0.0081293
0.0082861
0.0085682
0.0078775
0.0077271
0.0076227
0.0074242
0.0067933
0.0071432
0.0066074
0.0069054
0.0056807
0.0062175
0.0061195
0.0050883
0.0047795
0.0048697
0.0059674
0.0058113
0.0059587
0.0058473
0.0057526
0.0055831
0.0054514
0.005684
0.006281
0.0064725
0.0069524
0.0068117
0.0068898
0.0070405
0.0063458
0.006196
0.0064946
0.0067673
0.0066972
0.007822
0.0077918
0.0097601
0.010013
0.0091333
0.0089024
0.0091109
0.0087914
0.0084191
0.0087778
0.0087883
0.0085269
0.0084644
0.0083576
0.0068806
0.006938
0.0058705
0.0050902
0.0051007
0.004682
0.0045063
0.0044864
0.0049271
0.0054779
0.0069096
0.0066047
0.0066745
0.0085827
0.009465
0.0096958
0.0081181
0.0084437
0.0086216
0.0088914
0.0088416
0.0091257
0.0085991
0.0078606
0.0066504
0.0073578
0.0072796
0.0064858
0.0064438
0.0067801
0.0072344
0.0070096
0.0083976
0.0083638
0.0087013
0.0088867
0.0090426
0.0083407
0.008196
0.0080133
0.009827
0.0097621
0.0091772
0.0095126
0.010011
0.010292
0.0092829
0.009801
0.0097562
0.0093855
0.01035
0.010426
0.010825
0.010454
0.009284
0.0086394
0.0084337
0.0091548
0.0083754
0.0082441
0.0076778
0.0069071
0.0070804
0.0078718
0.0089417
0.0095418
0.0093142
0.0096229
0.0094596
0.0093931
0.011045
0.0094753
0.0095885
0.011003
0.011444
0.012352
0.011824
0.011194
0.0091301
0.0086912
0.0089112
0.0088254
0.0088383
0.0089872
0.0076137
0.0077379
0.0074902
0.0069547
0.00646
0.0062095
0.0061701
0.0068225
0.006719
0.0075188
0.0070113
0.0067674
0.0060287
0.0073109
0.0071274
0.008311
0.0084415
0.0075013
0.0076494
0.0080421
0.0091768
0.0082991
0.0095267
0.0093383
0.0094399
0.0093989
0.010484
0.0086791
0.0092703
0.0082472
0.0080748
0.0081609
0.0087482
0.0080212
0.0086057
0.0087212
0.0079297
0.0073653
0.0099805
0.010133
0.0090553
0.0090202
0.0096219
0.0098833
0.010411
0.010875
0.010283
0.010012
0.0085937
0.0091546
0.0095392
0.0092116
0.0066795
0.0066076
0.0081639
0.0089804
0.0075284
0.0069813
0.0074255
0.0066872
0.0085727
0.0086283
0.0095281
0.010171
0.011172
0.011839
0.011929
0.01189
0.010639
0.010346
0.010616
0.010722
0.0098137
0.010564
0.0087855
0.0087195
0.0083417
0.0070455
0.0064671
0.0059503
0.0058491
0.0058792
0.0064994
0.0082126
0.0079564
0.0080054
0.0086514
0.008942
0.0087026
0.0094233
0.0086085
0.0088152
0.0089767
0.011168
0.011488
0.012346
0.012507
0.011249
0.011296
0.01226
0.011727
0.010736
0.01135
0.011337
0.011825
0.012916
0.011503
0.0093192
0.0090775
0.0087075
0.0081796
0.0075446
0.0083675
0.0080096
0.0090718
0.010447
0.010452
0.010392
0.010178
0.0095587
0.0098947
0.0098508
0.0096651
0.010873
0.010827
0.012283
0.011967
0.011039
0.00995
0.0084975
0.0084074
0.0082997
0.011068
0.011445
0.011032
0.011124
0.01137
0.009963
0.0098756
0.0081079
0.0083614
0.0089731
0.0097978
0.0098377
0.009799
0.0098219
0.007146
0.006248
0.0062392
0.0076107
0.0073065
0.0075256
0.0078246
0.010597
0.014911
0.014306
0.014197
0.014195
0.014458
0.0152
0.016431
0.016299
0.016483
0.015525
0.015922
0.015274
0.015798
0.014293
0.0092119
0.0097896
0.0090695
0.0097852
0.010056
0.0093147
0.0093091
0.0097929
0.011112
0.010597
0.010201
0.010514
0.010634
0.012327
0.014132
0.013863
0.015067
0.014681
0.014489
0.014187
0.012632
0.012951
0.011489
0.014728
0.01496
0.017768
0.016822
0.015978
0.015588
0.015552
0.015116
0.015127
0.014696
0.014696
0.015235
0.01573
0.01597
0.012997
0.01375
0.010764
0.010519
0.0087812
0.0091174
0.0093967
0.0089927
0.0089501
0.010643
0.010381
0.011134
0.011184
0.011044
0.011325
0.011838
0.013848
0.014257
0.014613
0.014834
0.016778
0.016521
0.01706
0.018966
0.019287
0.019713
0.020106
0.022179
0.02334
0.022167
0.020165
0.021627
0.022621
0.020618
0.018567
0.018439
0.018194
0.01432
0.015078
0.014572
0.014401
0.012751
0.011741
0.012187
0.012702
0.012796
0.012459
0.012936
0.014676
0.015345
0.015146
0.015743
0.01595
0.014731
0.013314
0.013201
0.015102
0.014846
0.014188
0.015875
0.015698
0.016217
0.015467
0.016546
0.016554
0.018834
0.018254
0.018283
0.018761
0.018337
0.015847
0.016996
0.017252
0.015318
0.014536
0.01358
0.012483
0.011216
0.011094
0.0082471
0.0087481
0.011114
0.010521
0.014568
0.017716
0.016211
0.015982
0.01464
0.016558
0.020234
0.020462
0.020484
0.022135
0.022061
0.021262
0.022372
0.023714
0.021062
0.017796
0.018065
0.018452
0.018239
0.019463
0.015768
0.015201
0.015549
0.013885
0.014468
0.014158
0.011421
0.010367
0.0097243
0.010753
0.010342
0.010985
0.012272
0.0092396
0.0092762
0.0099477
0.0092778
0.0098491
0.010865
0.010925
0.011685
0.012023
0.011444
0.010736
0.010829
0.011512
0.010887
0.011287
0.012878
0.014229
0.015229
0.015739
0.014385
0.015956
0.016467
0.017133
0.019997
0.019541
0.019602
0.018671
0.0179
0.01738
0.02032
0.018947
0.017935
0.01899
0.018776
0.017853
0.017756
0.016988
0.015709
0.018258
0.018586
0.01792
0.018319
0.017911
0.013414
0.012942
0.013418
0.011703
0.012543
0.013477
0.011443
0.011938
0.011095
0.0088134
0.011419
0.011854
0.011725
0.011896
0.012029
0.013138
0.012804
0.012576
0.011896
0.011712
0.012343
0.01285
0.013875
0.014241
0.012492
0.013111
0.015423
0.015659
0.015899
0.016098
0.01636
0.016242
0.017632
0.016348
0.017228
0.015564
0.015059
0.015082
0.016055
0.016198
0.016101
0.01588
0.02022
0.019163
0.019739
0.01994
0.018557
0.022608
0.021334
0.02255
0.023197
0.023846
0.0222
0.022607
0.02007
0.021243
0.019705
0.019893
0.018874
0.01944
0.022279
0.018387
0.01864
0.017509
0.016717
0.015755
0.015622
0.014645
0.01739
0.019234
0.019857
0.021801
0.023249
0.022263
0.01943
0.019156
0.02053
0.022421
0.021391
0.02109
0.020746
0.020839
0.018875
0.017946
0.015476
0.014043
0.012995
0.013406
0.013449
0.015471
0.01557
0.017072
0.017636
0.018059
0.019228
0.019874
0.020681
0.018946
0.017758
0.016859
0.019416
0.019743
0.020953
0.020089
0.01865
0.015678
0.015479
0.015091
0.01419
0.015936
0.015366
0.01529
0.015424
0.018293
0.02161
0.022357
0.020903
0.02109
0.021362
0.02117
0.021522
0.022122
0.021853
0.020641
0.021383
0.024404
0.02698
0.024625
0.018701
0.017512
0.01818
0.017481
0.018075
0.018004
0.018837
0.018664
0.019126
0.020301
0.018899
0.016313
0.014371
0.016059
0.017003
0.016751
0.016544
0.01613
0.017723
0.017733
0.018471
0.018532
0.019727
0.017937
0.018099
0.021918
0.021688
0.020142
0.020309
0.021619
0.021399
0.025652
0.02271
0.025706
0.023477
0.023177
0.021683
0.021186
0.021313
0.019074
0.01963
0.018984
0.018476
0.017178
0.019066
0.016263
0.016921
0.015639
0.017939
0.018143
0.020135
0.023852
0.02549
0.023086
0.02224
0.022147
0.021175
0.021765
0.021111
0.02
0.022032
0.020701
0.019254
0.020762
0.018567
0.014924
0.014322
0.014715
0.014437
0.015624
0.016666
0.015783
0.015044
0.014983
0.013879
0.0135
0.012225
0.010517
0.011626
0.012383
0.01628
0.01655
0.017657
0.016751
0.016085
0.01676
0.017119
0.017847
0.016443
0.016378
0.018068
0.019083
0.017977
0.021458
0.020499
0.022687
0.021835
0.021728
0.021375
0.021237
0.020709
0.020668
0.020553
0.020825
0.020439
0.019267
0.019136
0.01596
0.0139
0.011814
0.013028
0.014267
0.016412
0.016118
0.02019
0.019962
0.023054
0.023891
0.022869
0.023504
0.024934
0.022919
0.021704
0.023274
0.02406
0.022783
0.021558
0.026177
0.022392
0.022927
0.019981
0.019867
0.020797
0.020719
0.022233
0.025023
0.026665
0.024684
0.024213
0.024258
0.024252
0.019668
0.020076
0.018687
0.018451
0.017892
0.018533
0.018292
0.016879
0.014517
0.011504
0.011522
0.011891
0.015359
0.015992
0.016726
0.018124
0.017837
0.018239
0.019969
0.020605
0.022149
0.026799
0.031085
0.032203
0.03294
0.031065
0.030736
0.031219
0.030639
0.02793
0.028733
0.028773
0.028354
0.027861
0.029581
0.023387
0.01888
0.021797
0.02258
0.023125
0.021029
0.019408
0.021515
0.023656
0.02492
0.02462
0.023824
0.024031
0.020385
0.021948
0.021792
0.018316
0.017565
0.018214
0.017409
0.017224
0.014741
0.01277
0.011027
0.011035
0.010857
0.0089618
0.009052
0.0080004
0.0083116
0.012253
0.011704
0.010427
0.0099681
0.010706
0.01234
0.014531
0.015021
0.018784
0.021942
0.023094
0.026431
0.026116
0.0286
0.025516
0.025131
0.025303
0.02632
0.029428
0.028243
0.026458
0.026256
0.023041
0.01894
0.019505
0.021367
0.024765
0.027698
0.027838
0.03138
0.032701
0.034858
0.030896
0.032104
0.033307
0.035955
0.037242
0.037934
0.036127
0.030893
0.029433
0.023765
0.023593
0.020093
0.018878
0.016988
0.02174
0.023556
0.023619
0.023044
0.024828
0.024194
0.027535
0.028596
0.026498
0.027236
0.026599
0.026983
0.026649
0.025295
0.020499
0.017336
0.01598
0.018648
0.017462
0.017553
0.020556
0.02365
0.024923
0.025653
0.029887
0.030618
0.03076
0.030761
0.03222
0.032876
0.035772
0.033871
0.038913
0.038874
0.035168
0.034521
0.034473
0.037515
0.0326
0.035785
0.038527
0.044099
0.042906
0.042742
0.04326
0.042235
0.034944
0.037817
0.036317
0.033636
0.032435
0.027827
0.027652
0.023355
0.020959
0.016833
0.016402
0.017048
0.014476
0.015273
0.015562
0.015187
0.014375
0.015221
0.017404
0.01866
0.018738
0.02135
0.021986
0.026149
0.028017
0.029494
0.034819
0.033627
0.033831
0.031257
0.032057
0.032541
0.032063
0.032662
0.033461
0.033305
0.033068
0.027722
0.028497
0.02653
0.025413
0.023742
0.025206
0.02663
0.025694
0.023958
0.024927
0.023413
0.024875
0.024915
0.024536
0.02459
0.024456
0.025247
0.020646
0.021893
0.020706
0.019451
0.019979
0.020725
0.020403
0.022639
0.022294
0.022218
0.024008
0.026981
0.02891
0.033833
0.03513
0.043898
0.043191
0.048442
0.049535
0.048951
0.046767
0.044979
0.043407
0.040782
0.038258
0.041149
0.036601
0.031011
0.029033
0.02102
0.023963
0.018849
0.016923
0.018472
0.021076
0.020342
0.020522
0.023212
0.023731
0.017468
0.019064
0.018267
0.019397
0.019974
0.01853
0.019617
0.021138
0.020252
0.018009
0.018519
0.018414
0.024198
0.028795
0.029294
0.036832
0.041339
0.046249
0.044178
0.044813
0.047902
0.046535
0.046011
0.047188
0.047601
0.049193
0.04235
0.037207
0.041569
0.033987
0.03246
0.038643
0.039804
0.041689
0.057488
0.065871
0.071278
0.0706
0.07435
0.073225
0.074566
0.076752
0.078835
0.079106
0.075772
0.063734
0.062076
0.064257
0.049798
0.043376
0.037967
0.03695
0.048
0.049499
0.055296
0.060363
0.069114
0.077446
0.08017
0.081578
0.092394
0.093499
0.087918
0.091233
0.094483
0.098737
0.087845
0.088881
0.085128
0.078719
0.066261
0.058309
0.059315
0.059539
0.050926
0.054543
0.058726
0.05409
0.05481
0.051646
0.048387
0.050091
0.054834
0.054925
0.065041
0.069381
0.0673
0.079269
0.086479
0.078003
0.075134
0.074388
0.073161
0.085919
0.089775
0.088156
0.080282
0.08194
0.089781
0.084055
0.087705
0.075719
0.066608
0.068194
0.067275
0.0709
0.069357
0.059811
0.056542
0.054794
0.084852
0.084361
0.066963
0.070188
0.066437
0.065777
0.073134
0.074289
0.074876
0.073942
0.077528
0.073547
0.075171
0.084425
0.057819
0.07994
0.081469
0.13002
0.15425
0.18103
0.17553
0.21334
0.24234
0.25961
0.27974
0.28343
0.28427
0.2821
0.30814
0.31172
0.31016
0.26544
0.25227
0.22831
0.24615
0.2193
0.21197
0.24555
0.22222
0.23805
0.2354
0.23211
0.21696
0.19106
0.1954
0.20769
0.21112
0.21857
0.20099
0.22883
0.25367
0.22026
0.25563
0.24231
0.24319
0.32321
