-1.4175	1.2263
-0.12256	0.50758
0.66092	0.72971
0.81549	0.1766
-0.49911	-0.74246
-0.65097	1.1578
0.075768	0.60035
2.0531	-0.9076
1.2081	-1.3203
0.91398	-0.98322
1.1022	0.21707
0.1563	-0.84818
-0.51799	-0.66568
0.38025	1.8056
-0.65314	-0.72025
0.010212	0.58035
-0.77703	-0.96254
-0.33095	1.1266
-0.44414	-0.47281
-0.18141	-0.053901
-0.10135	0.96407
0.63322	-1.1245
-0.331	-1.5653
-0.37593	-0.28781
-2.166	1.3152
0.85162	-0.013134
-0.84128	0.39782
-0.85058	-1.8718
0.83772	1.0423
0.85121	-0.04474
0.31453	-0.38698
-1.3069	-1.0913
1.2511	3.5088
0.51001	0.90037
-0.20142	0.54532
-0.225	-1.357
-1.833	-1.4138
-0.82124	-0.21719
-0.67278	-0.15752
1.0578	-0.53514
-0.073715	-0.24993
-1.7786	0.1881
1.2021	-0.45548
0.36761	0.62756
-0.16258	0.62866
0.48794	-1.6559
-1.5052	0.25155
1.1672	-1.904
-0.5083	-2.0298
-0.16021	0.15137
0.39	1.2997
-1.8121	0.011751
2.1163	1.3636
0.077543	1.3934
0.94934	0.15476
0.73267	-1.1237
-0.30857	0.032959
0.59833	1.3099
0.46911	0.57372
0.79119	-0.13269
0.97421	-0.1733
-1.387	1.3812
0.93442	-0.3812
0.26104	-0.2045
-0.19895	-0.84557
-0.74305	-2.2951
-1.5514	1.2895
2.0327	0.43604
-1.6595	-0.16613
0.041666	-0.43345
0.3456	0.17896
-0.51259	-0.52879
-1.8271	-1.5538
0.16111	-1.221
-1.3162	-1.6934
-0.11918	-0.68699
-2.1021	2.0781
-0.24019	-0.12214
0.26534	0.60327
-0.85296	-1.1694
0.66706	-0.55742
-0.45251	1.1279
-1.5701	-0.4703
0.87414	0.047281
-2.3436	-0.53594
-1.6507	-0.93991
-0.82492	-0.11839
-0.3113	-0.65069
-0.88668	-2.5584
0.79367	-0.029448
-0.22358	0.69563
-0.11722	0.69811
-0.51721	-0.87137
-0.71865	-0.26988
0.49661	1.3355
-1.48	-0.69509
-0.7951	-2.2519
-0.60479	0.17747
-0.46483	0.65895
0.43753	0.044054
0.18726	0.29055
1.0442	0.71385
0.54856	-0.75058
-1.5273	-0.64276
1.0961	1.5808
0.078414	-0.39604
-0.86799	-0.93757
0.84613	-0.0026331
-2.4489	-0.4807
-0.98793	1.917
-0.91407	-0.45142
1.2344	0.64232
0.55338	-0.70881
-0.91079	0.73831
-0.54203	-1.479
-1.4102	-1.074
-0.14766	0.042851
0.1666	1.5556
-0.10912	2.0573
-1.2301	0.56234
-0.40037	-0.26746
0.20284	0.98369
0.58851	1.151
-0.83058	-0.12867
-0.041693	0.73444
-0.65305	-0.55743
-1.0215	-1.8216
-1.0465	0.35792
0.32503	-0.39735
0.60801	0.17135
1.711	0.20065
0.91994	-0.2749
-0.7606	-0.17025
-2.0716	1.2915
-0.7715	0.19906
1.2113	0.21354
1.5485	0.51557
-1.3995	-0.79276
0.19391	-1.3202
0.48005	-1.1298
0.54581	0.50592
0.020957	-0.84133
1.1912	0.64007
1.3102	0.4125
-0.23994	1.3419
0.82385	-1.8661
0.18609	-0.79985
-0.4578	-0.03337
-0.40033	0.89515
-0.39469	1.366
0.52962	0.60576
-1.3152	-0.22758
0.026502	0.47333
1.4119	2.3371
0.20148	1.3824
0.24478	-0.23459
-0.5597	-0.045065
-0.33297	1.904
-0.42297	-0.46424
-0.25773	0.072178
0.77808	0.1596
-0.17872	1.888
0.74549	-2.3676
-0.43157	-0.34563
1.64	-0.45554
0.12309	0.11625
-1.627	0.34538
1.4778	1.2013
-1.1803	-0.018022
-0.84503	-0.4102
-1.6512	-0.92572
-0.20819	0.85768
-0.39676	1.8326
-0.71211	0.11813
0.57042	-1.121
-0.30177	-1.1299
-0.54324	1.5537
0.096275	1.6139
-0.2079	1.168
0.78322	2.3664
-0.86774	1.2079
-2.0442	-0.68663
-1.9362	2.6223
-0.02119	-0.82061
-0.55536	1.2472
-0.36908	-2.1538
-1.668	-1.3624
-1.3985	0.48754
-0.021902	0.20801
0.7328	0.79186
-0.26807	-1.2017
-0.38286	0.040958
-0.43765	-0.66908
1.5023	0.36053
0.043636	0.6177
0.27659	-0.90337
2.0759	0.34163
-1.0558	2.4464
-0.63463	-0.9989
-0.30783	0.99964
0.96221	0.67398
-2.1032	0.82911
0.39926	-0.30833
-0.68984	-0.73023
0.35692	2.3802
-0.67211	0.44935
-1.6495	0.062346
-0.17335	0.15264
0.86975	1.5375
0.23102	-0.39681
0.11488	-0.30967
0.80018	0.88372
-0.28493	-0.33503
-0.18795	0.61824
0.5707	-1.2234
0.27241	0.25329
0.37234	1.2786
-0.19715	-0.51387
-0.35155	2.1257
-1.2995	-0.84472
0.025621	1.5657
1.044	-1.9442
-1.171	-1.2627
1.047	0.79009
-1.2746	-0.21939
-0.93445	0.46562
-0.31271	0.30423
1.1792	1.5888
-0.67904	-0.2829
0.42595	-1.2904
0.084948	-0.30039
0.3424	1.6159
-0.26183	0.043105
0.10011	0.3588
0.73329	-1.7984
-0.089603	-0.79331
-0.91443	0.26523
-1.0437	1.5508
0.18499	1.4652
0.048054	-0.93291
0.40429	-1.2203
0.97279	1.7099
2.0702	0.94585
-0.09685	-0.63058
-0.49631	-0.90788
1.5835	0.97873
-0.19173	0.3653
0.41388	-0.15784
-0.36749	-0.30181
1.6758	0.80674
0.54275	0.28316
-0.60028	-0.644
-1.8579	-0.15042
0.37403	0.55493
0.6794	0.27595
-0.03005	-1.1087
-0.57853	0.16511
0.76105	-0.57108
-0.18085	0.37027
-0.25619	-0.54326
-1.6292	-0.45052
0.50693	0.13613
-0.77942	0.32534
2.1142	-0.27204
0.53549	-0.011246
1.3459	0.32796
-1.9072	-0.49885
-0.53854	0.48376
-0.70715	-0.71591
0.036289	0.14648
0.64616	-1.4996
-0.2145	0.44061
-1.0647	0.39154
-1.2114	1.1559
0.8049	0.30601
0.75775	1.7989
1.6099	-1.9763
-1.1519	-0.058706
-0.2066	1.2893
1.1524	-0.81537
0.55671	-1.8224
-1.478	-2.1429
1.6582	-0.49368
-1.2856	-2.5254
-2.5223	-2.2301
2.1011	-0.031594
-0.15323	-0.79162
0.081299	0.79754
1.3108	0.72132
0.11019	0.54262
-0.48101	-1.0775
-0.26744	-0.96824
1.3683	0.92574
0.3073	0.05021
0.42765	-1.4778
0.38481	0.075157
-0.28891	-0.14469
1.5393	0.68199
1.0934	0.38195
0.45517	1.0214
0.056611	-0.33176
1.0504	-0.0043509
0.12064	0.87805
0.55936	-1.1421
0.65376	-0.89571
-0.63605	0.40131
1.2167	-0.75832
-0.37101	-1.1828
-0.59776	-0.24247
-0.5805	1.0547
0.0077803	-0.23195
0.43609	-0.13049
-1.471	-0.018683
-0.45762	0.68868
-1.9064	0.59656
1.0589	0.60426
-0.23671	-0.98836
-0.68341	0.27865
-1.1159	0.050297
-0.75538	1.0748
0.66451	0.61271
0.62085	-0.31966
1.7044	0.82168
-0.98111	0.69216
1.3021	0.46889
-1.0173	0.32455
0.85101	0.23935
0.388	-0.13612
1.0092	-0.31268
-0.8996	1.6382
0.21131	-0.90842
-1.6343	0.75551
1.2314	-0.6428
0.63432	0.33937
-0.22704	-0.09515
-0.98603	-0.38577
-0.17896	-0.33854
-0.31208	1.1367
0.25277	1.7735
-0.3622	0.59386
-0.34671	-1.4001
-0.67602	1.7317
2.0414	-0.58133
-0.55431	1.2296
-1.2765	1.5759
0.049625	-0.05053
-1.9433	-1.1223
0.079403	-0.4656
-0.44772	-1.0585
0.59124	0.26846
-1.6229	0.57874
-0.81506	-1.2642
0.67136	-1.0983
-0.15393	0.45682
1.0519	-1.0571
0.9823	-0.70313
-0.54738	0.25032
-0.21647	-0.96258
0.81847	1.2992
-0.61564	0.14778
0.38552	-3.0889
1.6724	1.1523
0.56129	0.2473
1.631	1.5492
-1.8797	-0.84857
-0.75383	-0.82944
-0.00015481	-0.084114
0.12225	0.16879
0.28184	0.402
-0.53804	0.48833
2.0823	-0.78996
-0.055489	-0.097063
-0.69442	-0.091464
-0.47042	2.1574
-0.44662	-0.98059
-0.070732	-0.44427
-1.116	1.7764
-0.7281	-0.65266
1.5215	-0.51642
0.68094	-0.41091
-0.11824	-0.056591
-0.36024	0.32402
-0.023344	0.058741
0.1886	0.10468
-0.20548	0.46737
0.76352	0.43615
0.60086	-0.41279
-0.40679	-0.057118
-0.98995	-1.5848
-0.59055	0.53194
1.9903	1.4411
-0.85505	1.6206
0.90368	0.25003
-0.49136	-2.6834
-0.067342	-0.11646
1.3439	0.73531
-0.087626	0.73266
0.93147	0.78468
-2.2122	0.10535
0.41952	-0.25832
0.90138	-1.702
0.73517	1.3839
-0.016252	0.24159
0.61691	0.39022
0.54525	0.0052118
-1.2217	-0.62438
-1.0996	0.91994
1.4655	-0.2675
-0.97928	0.62441
-0.18953	-0.52052
-1.3845	1.1379
-0.4767	0.69485
1.2405	-1.275
-1.8104	-0.46419
-0.04107	-1.0011
-0.47913	-0.41157
-1.4686	0.76329
-1.494	0.24281
0.30874	0.14453
-1.3806	1.5736
-0.38996	0.63356
1.3229	-2.4874
1.5358	0.17957
0.3567	-1.8342
-0.91203	0.67119
0.13279	0.79527
0.35636	0.46893
-0.46549	0.17379
-0.044638	0.34589
0.29322	0.79456
-0.59142	0.6898
0.90245	0.3522
-0.0018437	-1.4421
-1.0568	0.3344
-1.204	0.42448
1.834	0.12508
-0.23976	-0.3005
0.43997	-1.1206
0.47164	1.0922
-0.78078	0.17144
-0.67258	0.8999
0.99906	-0.45915
-1.0006	1.6682
-0.0066814	0.59273
-0.45537	-0.62478
2.1167	-0.23365
0.42342	0.27718
0.098305	1.2323
-0.14977	0.73794
0.64398	-0.2364
0.89152	-0.48171
-0.91057	1.5023
1.1941	1.9163
-0.94329	-0.18777
0.94414	1.2331
0.43811	0.35871
0.96538	-0.10755
-1.6399	-0.65371
1.0468	1.4543
-1.9146	0.52297
0.37517	-0.39676
0.46544	0.66274
-0.5692	-1.2515
0.082386	0.22521
-0.41972	-0.58413
0.17711	-0.026676
0.29264	0.10852
0.6122	0.064158
0.28595	-0.18366
0.073794	-1.2303
0.45646	-1.6393
0.43569	0.10716
-0.74615	-0.055247
1.5804	-0.71488
1.6756	-0.72387
-1.595	-0.17576
0.72155	-1.665
1.4499	0.47202
-0.85956	-2.1519
1.2278	0.35872
0.93986	0.57816
0.16196	0.92945
-1.2388	0.28304
1.1234	1.0359
-0.88602	-0.92622
-0.44776	0.21986
0.85026	0.53697
-0.89198	0.36236
-2.0338	0.94644
-0.76856	1.9894
0.74129	-1.1349
1.1712	-1.653
0.69554	-0.6159
0.66444	0.68752
0.0043162	0.56081
0.69609	0.60856
-0.048287	-1.0892
0.79688	-0.96319
-0.68063	-0.6423
1.3565	0.99704
-2.6428	-0.82414
0.95724	0.083802
1.0486	-0.22485
1.0019	0.71195
0.90211	0.9241
-0.25644	-0.046835
-1.412	-1.0313
-0.71411	-0.10287
-0.6518	-0.097951
0.17243	-1.6468
-0.44892	-0.98987
0.0068811	-1.3752
-1.4016	-0.091271
0.51083	-0.033725
-0.99514	0.75069
0.39272	0.46636
0.47062	-0.71803
-0.87339	1.0975
-0.05165	0.33295
0.6002	-0.17664
0.35907	-0.41777
0.12213	0.37019
-0.19316	0.28864
-0.31238	0.040685
0.11514	0.039133
-0.38805	0.3778
-0.30108	0.38092
-0.1423	0.99493
-1.6829	-1.382
0.17341	-1.7279
-0.12652	1.2704
-0.73066	-0.07575
-0.46933	0.23602
0.13563	0.90014
-0.59778	-0.87397
-1.9328	-1.9487
-0.39953	-0.15893
-1.2483	-2.5084
0.058485	-0.97047
-0.3975	0.58335
-0.23024	-1.0935
0.72605	-0.54382
-0.050419	-0.19525
1.0599	-1.091
0.088728	1.3188
-0.33696	-0.054158
-0.15918	-0.47799
-1.2913	-1.0562
0.12307	0.41744
0.53882	-1.1775
-0.52493	-1.0269
1.0749	-1.2476
-0.79716	-0.20724
-1.2328	-0.39271
1.5385	0.23745
-0.16299	0.97184
1.6546	-1.1892
0.28469	-0.012915
0.75812	-0.27744
-0.018395	0.44352
-2.1834	-0.48935
0.23821	1.5002
1.1059	1.3831
-0.24346	-2.2377
-0.50485	-1.7848
0.21847	0.63462
-0.07071	-0.57209
-0.34516	0.18807
-1.3207	-0.51216
9.2209e-05	-0.012185
0.67226	-0.85505
0.4554	0.25683
-0.44368	-1.1592
-0.61707	0.3641
-0.76819	0.19222
0.03598	1.3262
0.85338	-1.3749
-0.56504	-0.26218
0.69235	-1.0287
-1.0774	-1.2215
0.40941	-0.44148
-1.8968	1.0069
0.67163	0.45444
1.1071	0.34501
-0.1354	0.35153
0.43061	0.27738
-0.53672	-2.0967
-0.74371	0.19403
-1.8364	-1.6884
-0.43416	-1.6954
-1.0062	-1.8152
0.27671	0.8913
-0.8345	1.2757
0.88258	0.34255
-0.54437	0.20658
2.3285	-1.2233
-0.71584	2.1041
-0.8477	-0.52118
1.6233	0.67146
0.91728	1.1983
-0.55588	-2.1691
1.7155	-0.28101
-1.1855	-0.59444
1.5049	0.12473
-0.30559	-0.6765
0.106	0.47493
0.50986	-0.73338
0.48614	0.7487
0.11766	-0.60474
-1.1582	1.4448
1.7034	-0.76407
2.228	-2.3513
-0.10199	0.17589
1.445	-0.38989
-1.0976	-0.024185
-0.30449	1.2922
-0.24962	-0.6526
-0.17438	-0.73036
1.0785	0.54662
0.19495	-2.1938
0.72129	-0.4526
-0.11341	-0.28256
-1.1031	0.33043
-0.60058	2.0271
0.33051	0.41056
0.15111	-0.44945
-0.55753	1.6159
-0.38991	-0.11777
-0.041312	0.89507
-0.75112	0.34006
-0.077892	0.29168
0.6433	-0.57264
-0.67133	0.53177
-0.96054	-2.3508
1.9591	-0.77563
0.066354	0.62439
0.12437	-0.25551
-0.90377	-0.26193
-0.40196	0.43782
-1.0538	-0.81075
0.34109	0.4783
1.2277	-0.57087
-1.1133	0.41705
0.77889	1.9493
-0.22399	0.23584
-1.542	-1.6369
0.12333	2.2912
0.036093	1.3838
-1.9356	-1.3835
-0.24415	1.4247
0.2529	2.278
-0.6836	-1.2519
-0.66829	1.0824
0.24556	0.25431
-0.66561	1.1704
0.77702	-1.5824
0.0087983	1.2112
0.11268	-0.16383
0.27442	-1.3966
0.64989	0.77662
1.0247	-0.16632
-0.61317	-0.44814
-0.85661	0.67803
-0.37901	-0.25781
4.3912	0.34267
-0.33639	-1.9707
-0.28469	0.78179
0.4169	0.072162
-0.11267	0.22463
1.3619	1.7319
0.047668	-0.066064
-0.073438	0.66066
0.33193	-0.34685
-1.6991	-0.4235
0.25037	-0.35415
-0.2648	-0.01727
-0.084537	1.5468
1.2119	-0.053056
-1.656	-1.4205
0.98659	-0.093455
-0.5252	-0.21347
0.48132	0.45299
1.2166	-0.88113
-1.1356	-0.61022
-2.5204	-0.78598
0.32853	-0.27429
0.7442	-0.33753
0.28605	-1.3239
-0.28551	-0.68435
-0.22898	0.52171
2.4581	-0.43712
-0.099769	0.41478
-1.8769	-0.1325
0.10247	-1.449
-1.9646	1.006
-0.72626	0.7347
-1.5997	-0.89224
0.43498	0.26968
-0.91609	-2.0292
-1.8611	-1.6962
1.2849	-0.60873
0.81658	0.33972
-0.52325	-1.1322
-0.87331	-0.28791
-0.28039	-1.5917
0.66825	-2.0329
0.16517	0.91603
-1.0724	-2.0858
-0.063607	1.2389
0.34998	2.2886
0.0030254	0.2015
1.584	-0.89542
0.84723	-0.73323
1.1082	-0.76291
1.5041	0.46253
1.9133	1.1664
0.16248	0.42799
0.9762	-1.5403
1.9323	1.2034
1.4714	-0.074977
1.3592	-0.96448
1.2069	-0.21303
-1.2262	0.59962
-1.083	-1.4769
-0.74776	-0.4339
0.3769	0.21827
1.352	-0.91804
-0.097931	2.0741
-1.2959	-2.1449
-0.29301	-0.26707
-0.099766	-1.1546
-1.2923	0.12725
-0.61649	-0.56027
0.46436	-0.16943
0.77442	-0.25272
-0.72353	2.0899
-0.097612	-0.57907
0.22583	-0.093671
0.16699	2.4882
0.64473	-0.43546
-0.23027	-0.55428
0.83909	-2.1201
-0.95577	0.89806
1.2981	1.0376
-0.85169	0.95676
-0.36909	1.5488
-1.1382	-0.40068
-1.0146	1.3844
0.71552	0.55731
-0.73092	0.32115
0.28863	0.41443
0.43233	0.7501
-0.69277	-0.74062
0.1732	0.89173
-0.34508	-1.0068
-1.3446	-1.1312
0.20797	-1.1318
2.3615	-0.0604
0.89452	-0.22681
1.3853	0.77397
0.43174	-1.8101
-0.15791	-0.11708
-4.0475	1.2021
-0.23913	1.0122
-0.9961	-1.5555
-0.97609	-0.91774
0.74228	0.8601
-0.1032	0.60923
-1.0393	1.9756
-0.25641	-1.8006
-0.049775	1.6334
-0.5605	-1.0406
0.82868	0.34972
1.0865	-0.2787
-1.1543	1.1109
-1.093	-0.82644
-0.49043	-0.59884
-1.3971	0.055068
0.66652	0.44577
0.11072	0.69204
-0.014687	0.83295
0.75465	1.298
0.078597	0.44828
-0.21482	0.90158
-1.6796	1.1333
2.1239	0.46191
-0.15583	-0.62542
-0.6903	0.96826
0.78086	1.158
-1.3748	-0.77975
0.75177	-1.1207
2.7235	-0.5089
-0.11282	-0.57706
0.86423	-0.3998
0.95338	0.53974
1.1936	-0.88898
2.0384	-0.80277
0.64416	0.42229
0.10237	-1.3892
0.76573	-1.0834
0.51019	0.88501
-1.7053	0.87654
-0.28274	-1.1815
-0.19415	1.6114
0.20186	-1.4693
1.0591	1.3515
0.13358	0.26192
1.5593	-1.2651
-1.3015	0.31912
0.081676	2.7522
0.76826	0.39533
0.55241	-1.0239
0.33457	1.8745
-0.51955	-1.3683
-1.2717	0.28744
0.54591	-0.46213
0.43187	-0.45513
1.1959	-0.10508
-0.043085	-1.5346
-0.13024	-0.17903
-0.68457	1.4319
-1.7266	-1.551
-0.52675	0.5046
1.5113	0.80316
-0.10483	0.35539
1.2086	0.23614
0.082595	1.0976
0.23213	-0.74561
0.34749	0.37545
1.0555	-1.2656
-0.029023	-1.0775
-1.3167	0.92611
-0.54676	-0.88451
0.14815	-0.82281
-0.012108	1.1145
1.5378	2.4177
-1.3024	-0.70703
-0.41242	-1.577
0.86031	0.73558
-0.96805	0.071159
1.3412	0.15638
0.30472	-2.2351
0.082914	0.42191
-0.45012	0.31331
-1.0175	0.90322
0.28239	-1.0619
-0.91557	0.5636
0.063349	0.16377
-0.49138	-1.3024
0.79488	0.01571
-0.11634	-0.84469
-0.73926	-0.35812
0.1837	1.2728
0.36728	-0.36954
-0.067937	-0.11527
-1.2529	0.68675
0.16256	0.057639
-1.2328	0.15923
0.52402	0.094744
1.3881	-0.026805
-0.54561	-1.5041
-0.039466	0.83522
1.9906	-0.52706
-0.99387	-0.083938
-0.19653	-0.46001
-0.3944	-0.4753
-0.86436	0.095398
-1.7545	-0.25135
0.20692	0.56795
0.8285	0.2391
-1.2371	0.21549
0.19591	0.86125
2.4811	0.66487
0.14188	-0.13507
-0.90379	-0.46006
-0.5697	0.39779
0.2273	-0.22016
0.63831	-0.54748
1.7142	1.136
0.55633	-1.1353
1.269	0.35064
-0.042007	1.1791
-0.65032	0.010895
-0.47303	-0.038766
-2.6652	-1.7621
0.64057	0.57644
1.2466	-0.28318
0.22097	0.37091
1.005	0.063752
-0.52363	0.49813
0.49678	-0.73701
0.033606	1.4474
0.34176	-0.044386
-0.30866	0.15354
1.0328	2.466
-0.93711	-0.46446
-0.90912	-1.0978
0.4988	-0.29284
-1.1508	-1.2225
1.581	-0.68904
0.86997	1.5145
0.4151	-0.068309
-0.58532	0.92352
-0.13057	-0.015313
0.62822	-1.343
-0.27144	0.12431
0.58677	0.29265
2.3131	0.6979
1.4462	0.66554
-0.88804	0.61504
-1.4531	-0.62165
-0.73327	1.5721
0.66135	-0.74803
0.18502	-1.2672
-0.18984	-0.84277
-0.60985	0.040097
0.50209	0.040466
-1.4423	1.1267
1.0767	0.70916
-2.4267	-0.31127
0.07565	2.4656
0.081746	0.14192
0.89542	1.4132
-0.63771	2.0583
0.35176	-0.26644
0.20164	0.64838
1.9545	1.9798
-0.3062	-2.0698
0.94837	-1.1425
2.1371	-2.1441
0.66645	-0.62791
2.9484	-1.0569
-0.77451	-0.87346
-0.1583	0.55936
-1.9415	2.8678
-1.0882	-0.48095
-1.5841	0.04107
0.54649	-1.244
-1.1661	0.68137
0.013633	0.37656
0.36806	-0.091072
-0.79708	1.0256
1.0463	0.47755
0.45495	0.17959
-0.62364	0.090119
0.21462	-0.73521
-0.14861	-0.81595
0.39199	0.51893
1.4475	-1.6419
-0.92326	-1.2332
-0.72329	-1.7356
-0.39822	-0.58778
0.99372	0.66465
-0.24755	-0.50307
-2.1411	1.1648
1.8545	1.1178
0.057228	1.4075
0.14028	-1.5892
1.2536	-0.47987
0.48324	-0.10389
-0.71705	-1.3734
0.98016	0.54472
0.51277	-0.35727
0.58501	0.88565
-1.246	1.3694
-0.13019	-0.8613
-0.31779	1.4299
-0.08154	-0.89164
-0.30492	-0.71952
1.0512	-0.54011
-0.075051	-2.5316
-1.6455	0.62319
-1.3412	0.57735
2.1954	0.16081
-0.096306	0.7669
-0.67654	-0.36102
-0.93486	-1.7491
0.52366	-0.87762
0.062467	1.2004
0.08511	-0.93586
1.0757	-0.43664
-0.53248	-1.8004
-1.0806	0.8026
0.47397	-0.56041
1.4569	-0.17972
1.3353	-2.0289
-1.8306	-1.0272
-0.8292	-0.11104
-0.53387	0.089504
0.60156	-0.044007
-0.018671	-0.14084
-1.0546	-0.48898
-0.0064863	0.1434
-0.55788	-0.25334
-0.01839	-0.85801
-1.635	0.30567
0.66904	0.19933
1.2056	0.75458
0.079554	-0.13193
0.34571	2.6841
0.27097	-1.3142
-0.0017965	1.1863
0.56861	0.48782
-0.10486	-0.1992
-0.57745	-0.41761
-1.4414	-0.49061
-1.3715	-0.43483
1.9876	0.14034
-0.85289	-2.0883
0.55455	0.69359
0.73097	0.86489
0.16186	0.26524
0.57317	-0.54983
-0.75428	-0.45772
-0.98932	-0.06302
0.83979	1.7053
-0.84645	0.16599
-1.3636	1.6299
0.032994	2.107
0.46891	-0.1621
0.54061	-0.26874
-1.1101	0.21529
1.5204	-2.4939
-1.7186	-0.083395
-0.20261	0.083662
-0.65259	-0.75591
0.20306	2.0856
0.15801	0.26545
-0.49839	-0.13244
-1.7555	-1.0742
-0.72277	0.6979
0.5976	-0.70489
1.0108	0.23248
-0.46553	-0.38955
0.43315	0.58909
1.4641	0.62087
1.1177	0.91018
0.78307	1.5433
-0.3588	1.1067
0.54017	-0.054954
-1.2061	1.0928
0.52917	0.6796
-1.1929	-2.9216
0.12508	0.31728
-0.13911	-0.71712
0.70525	-1.7603
-0.72707	-0.91176
0.78197	0.7153
0.14638	0.85716
1.6256	1.7255
0.35348	0.41625
-0.26733	1.0055
-0.28906	-0.24507
-0.044389	-0.77574
-0.36193	0.47493
-0.53049	-2.0368
1.5919	0.6839
-0.52449	-0.15589
-0.777	0.07665
-1.0998	-0.66792
0.85205	-1.3681
-0.32147	1.3303
-0.68927	-0.13815
-0.27611	-0.6198
-0.7147	0.66872
-0.29412	0.013021
-0.71127	0.62484
0.0020635	0.76556
-0.59256	0.8603
-0.33755	-1.1235
-0.43134	-0.24569
-0.12244	-1.7094
-0.017283	-2.0436
0.40258	-0.87
0.96311	0.13072
-0.83863	-1.4345
-0.67077	0.35743
1.3761	0.0093773
-0.11518	1.789
-0.41311	1.3852
0.44848	0.23121
-0.88448	0.052422
0.14022	-1.3789
-0.19109	0.28836
-0.19074	1.6237
-1.0667	-1.5631
0.34717	0.0053871
-0.58871	0.7512
-0.0802	0.67454
0.93009	-0.040764
-0.61005	0.9284
-0.56815	-1.0741
-0.020626	0.033997
1.463	0.3642
0.078138	0.80756
1.0733	1.1196
0.5217	-0.6662
0.51771	-1.5533
0.89169	0.38342
-0.17106	0.18302
1.812	-0.27981
-0.20124	-0.71185
0.66362	-1.2382
1.1776	1.409
1.2728	0.083519
1.2972	0.31975
-0.18213	0.067406
-0.23586	-1.2639
0.8616	1.4268
-0.72731	-1.1989
2.3799	-2.179
0.66033	-2.6464
0.11744	-0.95545
-0.75615	0.29877
0.8036	-0.81544
0.23714	0.1922
-1.3652	0.15403
-0.24712	-1.8493
0.28917	-0.17744
1.4395	-0.094739
0.12899	-0.77836
0.64119	0.93546
-0.7957	-0.0095892
0.84295	0.019087
-0.037935	0.51083
-0.46567	-1.4677
0.2416	2.6563
-0.063797	0.51701
-2.146	-1.307
-0.51718	1.9147
-0.87972	0.97497
0.3176	0.7299
-0.0078798	-0.3404
0.88487	-0.096548
-0.32494	-0.70481
-0.23821	0.98871
1.101	-0.86092
-0.24018	0.3863
1.1322	-0.18771
-1.0275	1.3548
-0.28045	0.19692
-2.6239	-0.49674
0.38565	-0.69772
0.63467	-0.67956
1.4141	0.87161
1.6108	-0.68826
0.004692	-0.16275
-0.94338	-0.26771
1.3458	1.5061
0.16408	0.15234
0.058124	-0.59661
0.30105	-0.42346
-0.48721	-0.35444
0.52936	-0.94733
0.7664	0.30842
-0.47586	1.4045
-0.59186	-1.0359
1.0621	0.28052
1.0171	-0.6182
-0.0029428	0.14137
0.32351	0.21597
-0.26431	1.5993
1.702	-0.4373
-0.35421	0.11983
0.40351	0.40375
-3.0053	-2.2948
1.1954	0.74539
0.65842	-0.40452
-0.11884	0.48074
-0.85286	-0.17754
-0.62923	-0.83162
1.2553	0.7336
-0.46882	0.90099
1.0973	0.95522
1.1936	0.8527
0.92818	1.3935
1.8956	-0.89782
-0.35589	-0.87199
-1.066	0.048205
0.29445	-1.1675
0.32277	-0.73681
-0.49796	-0.97294
-1.0465	-1.4368
1.8458	2.1594
-0.31424	-0.4574
1.3933	0.11746
0.33614	0.94055
0.44683	-0.28793
0.12412	0.7822
1.1221	0.86708
-1.2146	-0.051267
-0.78314	0.66346
0.76644	0.25425
-1.5256	0.00053353
-0.59996	1.1096
0.90458	-0.12995
-1.0851	0.047548
-1.1447	-1.1923
-0.37341	-1.3721
0.22468	-1.1957
0.57814	-0.76612
1.2923	-0.52443
-0.5964	0.005168
0.56578	1.6499
0.21679	1.5242
0.33695	0.30543
0.22587	-0.49223
-0.20227	-0.7816
0.5022	1.242
1.1943	-0.21298
-1.0081	1.169
-0.5285	1.2956
-1.6678	-0.16967
-0.67731	1.1112
1.634	0.016532
0.19275	0.38648
-0.60534	-0.081245
-0.16591	0.5258
0.84761	-0.52116
-0.28358	1.1072
0.41897	-0.49613
-0.21149	-1.2903
-3.1255	-1.4691
-0.56926	-1.132
1.0072	0.1042
1.3558	-0.30551
-0.54696	1.4835
0.42957	0.93404
-0.91876	-0.24345
1.8759	-1.2295
1.4063	1.1142
0.46597	0.46863
0.59494	-1.2496
-0.90331	-1.0478
-1.2647	-0.65922
1.169	1.0561
-2.4244	-1.4902
0.77737	-0.73037
-0.64448	-0.1241
-0.55702	1.8999
-1.5366	2.3212
0.27915	-0.40923
0.66841	-0.084227
-0.053564	0.25999
-0.22411	-0.49117
0.41265	-0.65312
0.58326	0.045288
-0.064468	-1.1517
0.28761	-0.79621
-0.55926	-0.42416
0.51346	1.2215
0.069888	-1.9651
0.94747	-0.36334
0.54235	0.97041
-0.19115	-1.5244
-0.41034	2.2353
-0.82487	-0.45662
0.88217	-1.0515
-0.059995	-0.70753
0.34132	0.93556
0.33332	-0.75484
-1.7599	0.087411
-0.30733	0.015275
0.97488	0.1701
-0.48401	1.0077
1.8526	0.24433
-1.9117	-1.8116
1.1855	0.46429
-2.0905	-3.1995
0.11085	-0.52452
0.90365	-1.2837
0.27405	0.086354
0.59205	1.0214
0.51804	-0.44067
-0.97213	1.2191
0.64945	-0.29767
-1.9435	0.91455
0.41336	-0.63599
1.1348	-0.76251
1.7434	-0.27478
-0.092266	-1.3624
0.023996	0.67858
-0.98639	-0.57075
0.28168	-0.1719
-0.29696	-1.093
0.73602	-0.10993
-1.2054	-2.9109
-2.0828	0.36344
0.69092	0.17631
-1.754	0.32984
0.82052	-0.22599
-0.92302	-0.67772
0.46843	-0.21735
-1.133	1.214
-0.61738	-1.1275
-0.23306	-0.84494
1.716	0.091239
1.5191	-0.2015
-0.038828	-2.052
1.2147	0.1492
-0.010867	-0.83647
-0.19443	-0.91339
-0.24875	-0.094135
-0.33846	-1.2058
0.40175	-0.44382
-0.92392	1.0226
-1.2344	0.039647
0.19748	-0.68171
-0.037917	1.5486
-0.90037	0.074923
1.7223	-0.32616
0.91735	1.4852
2.2513	-0.96
1.3267	1.0152
-1.5123	-0.78133
-1.3568	1.3499
-1.4942	0.55296
1.3252	2.3042
-1.2665	-0.77631
-2.352	-1.6963
-0.049945	-1.1906
-1.9972	0.18521
0.1855	0.21179
0.32538	0.92242
-1.2414	0.19134
1.332	-1.0387
0.65474	0.95471
-0.11023	-0.32232
1.4665	0.016477
-0.13377	-0.66331
0.43555	-0.11287
1.2914	-0.57312
1.2985	0.75427
-0.74647	0.85498
-0.12762	0.81588
0.41152	0.19214
-0.90427	-0.84801
-0.99529	-0.38882
0.28048	1.2358
-0.15188	-0.93258
2.6048	-2.2936
0.10733	-1.6654
-1.2847	-0.63314
-0.099157	0.82978
-0.39229	-0.49112
-1.5289	-1.054
0.36541	1.1244
1.4086	-1.4436
-1.4103	0.0059121
2.0506	0.35054
0.22333	-0.46419
-1.717	-0.19138
0.13857	-0.71604
1.235	2.0882
0.1933	-0.35365
0.44248	0.77295
-0.56834	-1.1363
0.204	-0.84688
-0.72168	0.63563
0.5808	0.36114
1.7829	0.87946
0.45744	0.7144
1.0204	-1.2795
-0.032725	-0.12778
-0.45093	-1.9638
-0.60826	-0.59743
-1.3541	-0.046609
-1.1032	2.2194
-0.74577	-0.57448
-1.1945	-0.77195
1.7345	-1.3836
0.012929	-1.4285
0.31779	-0.94561
1.5993	-0.33858
0.68621	1.0666
1.1444	0.70916
-1.7032	0.95782
2.0009	1.6482
-1.7123	-1.4954
-1.5274	-0.36934
-0.85051	-0.18717
-0.20535	-0.26817
-1.1771	-0.11745
-1.691	1.5835
-0.53681	-1.2462
-0.0066921	0.17437
0.26411	-0.35633
-0.26617	1.2431
-0.50127	-0.72379
-0.48321	2.1684
-0.69751	-1.6196
0.72904	-0.091743
0.47685	0.56027
-0.39975	1.2484
0.59874	-1.9456
1.3359	-1.3212
-0.98579	0.10011
0.22057	-0.70545
-0.12643	0.64237
-1.6808	0.66722
0.52574	1.0574
0.35415	-0.37302
1.8829	-0.30461
1.5244	0.32511
0.34175	0.024536
-0.5004	-1.4506
0.89071	-0.80828
1.4792	-1.5193
-2.2863	1.0847
-0.044111	0.29378
-1.0414	0.47313
1.015	-0.35797
-0.77223	-1.5732
-0.17587	0.53656
1.5926	0.59927
-1.0509	1.3804
0.46538	0.15835
0.28729	3.369
0.62767	-0.55727
1.0225	-0.24735
0.36652	-0.75638
-0.63294	-0.88198
0.9608	1.3937
0.083735	0.43793
-0.35601	0.80108
-1.8281	0.53001
-0.35351	-0.67831
-0.21642	-1.0685
0.31538	-0.020267
0.077051	0.62263
0.44817	1.2976
-0.10977	-0.3577
0.23801	1.3039
0.27724	2.0771
-2.2863	0.80652
2.2607	-0.72279
0.45036	-0.13192
-2.3804	0.29172
-0.79453	-0.68461
0.84857	2.0257
0.021328	-0.55772
-0.17784	-0.24408
-0.99411	1.5617
-0.11722	1.4124
-0.87507	0.47334
-1.2946	-1.0347
0.14573	2.0339
-0.24487	0.72036
-1.3313	-1.1607
1.2224	1.9108
1.4619	-0.6938
-0.0079142	0.70707
1.0534	-0.41328
-0.016934	-0.90155
-0.90887	-0.18704
1.2065	0.41703
-0.8831	-1.5324
0.39565	0.73051
-0.89676	-1.727
0.19342	0.85666
-0.45423	-0.63077
1.8096	0.15438
-0.039658	1.7555
0.63648	-1.9137
1.2498	-1.088
-1.0614	-0.16112
-0.43508	0.32898
-0.82809	1.7762
0.44183	0.96637
0.35029	1.3153
1.2057	0.075376
0.06394	-0.78675
-0.50239	-0.90003
0.072733	-1.64
0.31327	-0.88533
-0.088621	-0.77868
-1.0827	1.2491
-0.51056	0.12553
0.88384	0.15239
-1.0277	0.17286
0.5853	-1.7129
1.1715	-0.33239
1.8126	0.34731
0.96825	1.9233
0.58482	-1.5487
0.87027	-1.4723
1.8236	-1.1589
0.0096566	-1.281
-0.064416	0.4214
-0.57427	-0.65386
0.39277	-0.35658
-1.2403	0.48487
0.46459	0.97493
0.42449	-0.18649
-0.6239	-0.38982
0.22507	0.29724
1.2934	-0.7922
1.718	-1.4457
0.092065	0.21341
0.67897	1.0981
-0.58617	-1.8226
0.79963	-0.31279
-0.33259	0.32504
0.0034064	0.91356
1.8964	-0.59141
-0.6447	-0.063329
-1.3848	-0.65045
1.3196	-2.3853
-1.0149	-1.3209
-1.3669	0.89391
-0.4713	-0.84021
1.1221	1.147
0.47509	-0.32446
-0.18753	-0.47143
0.67016	-0.2975
0.060897	-1.0918
0.906	0.26715
-1.0198	-0.93719
-0.62912	0.11364
-2.0524	0.34196
-0.23962	-0.73459
-0.71819	-0.34458
-0.10854	-0.63936
-0.25259	0.02445
0.99157	-0.49929
0.38534	-1.1728
-0.29652	0.24043
-0.0069987	-0.44906
1.3662	-1.0798
0.14693	1.2821
-0.68153	-0.5322
-0.16398	0.99925
-0.064397	-0.23368
0.13269	-0.11256
-0.023064	1.332
0.12664	1.1835
-0.25184	0.81185
0.16741	-1.392
0.088221	-0.023511
3.1303	1.1823
-0.9912	0.032096
1.4286	-1.4128
-0.025548	0.091149
-1.6591	1.3107
-0.85292	1.2869
-1.3949	0.031126
-1.4491	-1.5812
0.39201	0.24995
0.30474	0.86008
0.63023	-0.063157
0.29589	-0.54377
-0.58289	0.82928
1.7908	-1.0162
-0.2325	-0.43814
0.63307	0.95174
-0.088622	0.62049
1.5077	0.74097
2.0092	-0.27439
0.033089	-1.0555
0.1628	1.5539
0.31688	-0.50001
0.87188	-0.29316
0.49176	-0.52085
0.55162	-0.62153
-2.0751	-0.23649
-0.075681	0.089809
0.29336	-0.71968
-0.82063	1.9702
-0.30637	-0.58401
-1.9977	0.44513
0.027904	0.83157
1.0495	-0.087261
-2.9126	-0.26539
0.60923	-1.9481
-0.36633	-0.087322
-0.042472	0.78691
0.48955	-1.5244
-0.30033	2.0939
-0.18183	-0.83786
-0.67587	0.22323
-1.3444	-1.1615
0.35345	1.2955
-0.70042	-0.17463
0.76615	0.2177
0.12692	-0.041942
0.16918	0.25964
-1.1711	0.31031
-0.76551	-2.1131
-0.51534	0.0091324
-1.2822	-0.45396
0.58451	0.29512
-0.47139	-0.58159
0.91775	-2.1955
1.0149	0.4623
-1.1734	0.41159
-0.67453	1.0041
0.011542	0.024252
1.726	0.021216
-1.2674	-1.5989
1.4555	-0.69039
0.92726	1.5092
-0.042775	0.072719
0.72887	1.0106
-0.30239	1.6074
0.070533	0.20345
2.4559	0.8644
0.86861	0.86599
-2.1048	0.72079
1.0415	0.082374
-0.83449	0.97097
-0.53833	-1.321
-3.518	-0.92128
0.13154	-0.95957
0.22727	-0.99473
1.0311	0.3973
-1.3269	0.88473
0.64026	0.66444
0.83858	-0.37998
0.25726	0.77622
-0.18138	1.3336
0.19299	-0.55767
-1.576	0.96555
0.48091	-0.85556
-0.71039	0.69141
-0.75382	0.64381
-0.47046	-0.33306
1.9029	1.0088
-0.90115	0.12212
0.5653	0.78786
-0.39749	0.29417
-0.38858	0.51671
-0.27227	0.41545
-2.2571	-0.36874
0.20345	-0.77832
0.48828	-1.2342
-1.117	-1.6556
0.78079	0.56405
-0.23001	0.84454
1.5566	-0.8928
0.10488	-0.00025088
1.263	0.41794
-1.2403	0.22404
1.6105	0.68552
0.87681	0.44376
-0.39237	1.0921
-0.24122	0.82876
0.26582	0.30262
-0.10936	-1.2392
0.4823	0.06784
-0.65576	0.40776
-0.86301	0.11356
-1.3443	-0.54219
-0.07433	0.47582
0.31679	-0.43552
0.23844	-0.90014
-0.24372	-0.16247
-1.8782	-0.075324
2.8192	0.61106
-0.078596	-0.46709
-0.074944	-0.6601
0.61763	-0.95648
-0.94106	0.43455
0.61058	0.69419
0.76646	-0.90228
0.87335	1.1128
-1.2299	-0.87005
-0.89367	-0.8309
-0.54956	-0.2243
-0.3723	1.4992
-0.30977	-0.02367
-0.72413	0.57225
1.3085	-0.021316
-0.68267	-1.3314
0.73704	0.018544
1.4647	-0.46435
-0.42847	0.49222
-0.24157	-0.70623
-0.68987	-0.83161
2.1965	1.3827
-1.1254	1.1379
0.9463	0.091224
-1.4035	-0.68991
0.73822	0.98582
-1.4984	-0.37978
-0.26693	-0.97242
0.5625	-0.30211
1.4145	-1.4905
-0.44025	0.8989
-1.2762	-0.39232
1.7514	-0.10783
0.95621	-1.3706
0.544	-1.0169
-0.85802	0.16335
0.414	-0.13033
-0.5001	1.5531
-0.15866	-0.25642
0.75534	0.228
-1.314	1.7865
-0.48568	-0.49257
1.2365	2.1028
-0.73447	0.95728
-0.12602	0.036406
-0.13559	0.38111
-0.84715	1.0549
-2.4214	-1.5556
0.1723	2.1056
-0.35194	-0.5715
0.026594	0.48843
0.39571	2.2091
1.2451	0.64663
1.1829	-0.59863
0.48259	-0.84997
-1.452	-0.38859
0.53307	0.51742
1.5643	0.12863
-0.6982	-0.87966
1.3606	-1.0878
-0.7134	1.8811
-1.0198	-1.857
-1.0705	0.25671
-0.11185	-1.0447
-1.1222	0.15972
0.46408	-1.2757
0.30394	0.049699
-0.64114	0.93398
-1.3006	-1.0648
-0.47854	-0.43896
-1.1026	1.165
-0.5548	-0.64542
-1.1107	0.13534
-0.46698	-0.45067
0.71465	0.31633
0.46876	-2.3481
-1.9026	0.94157
-0.0088731	-1.5827
-2.0595	1.5
0.14155	-0.48845
-0.97562	-0.19969
1.3437	1.1869
0.17502	-0.084187
-0.8879	0.76888
-0.17253	2.4311
1.0344	0.94817
1.5157	2.203
2.3269	0.63809
-0.12351	0.45243
-0.10165	-2.0665
-0.83461	0.29863
0.21011	-0.070812
0.00097516	-0.37372
-1.641	0.066713
0.19014	-1.755
1.2753	-0.8144
-0.29591	-0.85145
-3.4513	-1.41
0.15071	-0.52242
2.3916	-0.4128
-0.33242	-1.7745
0.66125	0.10595
0.72946	-1.1965
0.80728	-0.33589
-0.4874	0.71026
0.4772	-0.56443
-1.1962	0.94488
1.037	0.42391
-1.4177	0.45287
3.0438	-1.0786
-1.4539	-0.12246
0.53107	0.88683
-0.06772	1.3294
-0.47884	-0.3281
1.3174	0.5025
-0.74919	-2.0678
0.38589	1.3355
-0.0075834	1.6891
1.659	-0.54215
0.6311	-1.4675
-0.11611	-0.63918
-1.1727	-0.6581
-1.3023	-0.11777
-0.26718	1.1885
0.40632	-2.4302
0.47426	-1.8835
0.23143	-0.57589
-0.62059	-0.80538
-0.24568	1.7129
0.42519	0.55478
1.7613	0.020385
0.057478	-0.43734
0.43003	-0.25478
-0.50464	-3.2006
-0.90815	-0.22601
-0.7771	-0.98353
0.91791	0.39319
0.35707	0.45222
0.15065	1.2561
-0.4806	-1.5397
0.29672	-0.56697
1.5623	1.0026
-1.1695	1.3455
-0.18942	-0.33638
-1.2655	0.36787
1.0119	1.1689
-1.1611	-0.14258
-0.14424	-0.78709
-0.79881	0.07027
1.876	0.88828
0.061183	-0.35985
0.69089	1.9457
-0.19256	-0.17342
0.0033637	0.30779
-0.94715	-1.1784
-0.30457	0.32974
-0.24503	-0.80104
-1.5651	-1.3424
0.9324	-1.4515
-0.16668	0.58291
-0.26499	-0.542
1.2241	-0.26938
0.60042	-0.4293
-0.30206	-0.081442
0.0057721	-0.21968
1.3373	0.22269
0.54873	0.12036
-0.044522	1.0836
-1.9397	1.1404
-0.50002	0.20331
1.4189	-0.15432
1.6323	0.39109
-0.37236	2.1452
0.7594	-2.4809
0.379	-0.34893
-2.117	-1.1212
-0.19368	0.088655
0.47536	-1.0608
-0.55322	1.01
0.38446	-1.298
0.78807	0.088968
-0.99631	-0.50931
0.90236	0.73684
-1.4551	-0.38241
-0.27433	1.2206
1.1725	0.077793
-0.028305	0.63103
-2.9834	0.12688
-0.0093242	0.28809
-0.059751	-0.34566
1.3041	-0.41849
-0.90582	2.0712
-0.16056	0.1918
-0.52096	-0.72741
0.21568	0.57053
-0.9171	0.036943
-0.97854	0.63473
0.89343	0.19657
-1.5863	1.0546
-1.0174	-1.0083
-0.2131	0.17919
-0.28748	-0.86638
-0.39732	-0.69445
-0.89185	-0.7259
-0.2895	0.59513
0.37011	-0.65002
-1.9532	0.43927
1.3661	-0.28391
0.44501	1.28
-0.5387	-0.22657
-0.3306	-1.3231
0.46253	-1.4832
-0.585	-1.1025
-0.33398	-1.4535
-0.28389	-0.10614
0.7261	1.3115
-0.080656	1.2437
1.322	-0.39584
0.80267	-1.0121
0.47262	2.4703
0.74542	1.1006
-1.0812	0.5669
0.71279	-0.9562
-0.4952	0.38527
-1.6801	0.22954
0.16302	1.2268
0.38771	0.3056
0.2163	0.6055
0.97807	-0.74109
-0.83012	-0.886
-0.33602	-0.47644
0.90085	0.99031
-1.5212	2.2891
0.56858	-0.54951
2.2643	-0.54047
-0.15254	-0.61242
-0.23131	0.22525
1.1061	-2.3097
0.20296	1.1334
-0.70451	-1.2872
1.6796	-1.9955
0.87755	-1.637
-0.68201	0.47095
1.3877	1.585
2.0089	0.06811
0.16604	1.1845
-0.97536	-0.85716
-0.45023	-0.014574
-1.079	-0.48593
0.36871	-1.5163
0.66761	-0.97456
0.88098	-1.2562
0.98421	0.45188
0.13782	-1.4557
-0.59894	0.14152
0.13539	-1.7559
-0.90222	-0.79868
0.53145	-0.27357
-0.34012	0.63381
-1.3873	-0.9479
2.7139	0.30256
2.3717	0.70441
-0.90923	0.31639
1.8505	-0.88142
0.2205	0.94941
-1.8002	-1.74
0.531	-0.16219
-0.49519	-0.87527
0.32324	0.23117
-1.879	-0.55366
-1.9915	1.1899
0.24196	-0.19101
-0.74393	-0.28007
0.53923	0.12616
0.094004	-0.39447
-0.82228	1.9911
1.5666	-0.74274
0.56214	0.099743
-1.3831	0.82916
0.69724	2.6095
-0.67445	-0.88438
-0.084316	-0.93414
0.34548	0.29913
0.10022	-1.4499
0.54401	1.5133
-1.022	-0.76567
-0.39856	0.50402
3.0127	-0.79281
0.75216	-0.2073
-0.032261	1.3406
0.15878	1.9675
0.78175	2.2499
0.71147	0.47721
0.99114	-0.17141
-1.8244	1.5674
-0.14689	-1.5115
-0.93063	-1.132
0.95672	1.7202
-1.7022	-0.66686
0.43774	-1.1885
-1.6876	-0.060563
-0.47346	-0.67292
-0.3325	-1.0852
-0.62861	0.941
-0.13937	1.5322
-0.91321	-0.87266
-1.2785	-0.37266
-0.27906	-0.53815
-0.0093977	0.035192
0.64171	0.16199
0.13891	0.75524
-0.30697	0.51478
2.1111	0.84377
1.4441	-0.71471
0.39982	-0.13915
-0.020821	-0.86835
0.099445	-0.15028
0.67325	-0.52768
-2.7034	0.64756
0.55454	-0.2105
0.025375	1.1732
-0.34294	0.883
-0.39784	0.93356
0.50387	-1.4993
0.81973	0.20799
1.1645	0.20528
0.0026651	0.65896
-0.093519	0.74468
1.4074	0.61472
-0.2268	-1.0947
0.63746	-1.5186
-0.11605	-0.52112
0.33802	-0.35429
-0.83366	0.88397
0.30453	-0.97946
0.19924	-1.4518
0.19898	-0.40055
1.9753	-0.79014
-0.27958	0.050187
-2.4083	-1.1157
1.4675	-0.12949
1.4781	-0.34293
-0.29418	-0.75958
-0.37734	1.4661
-0.51936	-0.44888
-1.9242	-0.72127
0.40164	3.146
2.0336	1.2949
1.8972	0.17752
0.67596	-0.10172
0.64658	-1.0095
0.10627	-0.57777
-0.32702	-0.070995
-0.65321	0.20728
0.52477	-0.43167
-0.70886	-1.106
1.5775	-1.5278
0.0014257	0.55055
0.73524	0.48662
-0.5456	1.8819
1.9128	0.18741
-1.9416	1.1269
0.8145	-0.082676
1.2306	0.64268
-0.3776	-0.22067
-1.1134	-1.0263
-0.049825	0.95629
0.28956	0.14674
-1.7153	-1.4106
0.97097	-0.62997
0.055282	0.14979
0.2553	-0.013142
-0.64523	-0.6075
-0.66072	-0.37397
1.4312	-0.33846
-1.3648	-1.935
0.245	0.28044
-1.1091	0.6317
-0.11373	-2.1787
-0.69866	-0.61732
-1.1393	-0.7154
-0.061188	0.50032
0.57878	0.63152
0.35001	-0.094669
0.7454	0.046819
1.6107	0.31858
-0.50059	1.3642
-0.37981	-1.4792
0.90174	-0.53353
0.98224	0.11262
-1.313	-0.8011
0.56971	-0.10456
1.4491	0.080802
0.7592	0.7975
0.3126	2.3104
-0.61809	1.3868
0.10065	0.60632
-1.8003	0.18395
-1.1315	-0.88331
0.8834	-0.599
0.99348	-0.27977
0.47426	-2.0219
-0.6864	1.1124
0.53891	1.7019
0.014227	-1.4855
1.3083	0.20773
0.21132	-0.95044
-0.98191	0.93048
1.5212	-0.47112
-1.4324	-2.0812
-1.5859	0.92654
1.2558	-1.1695
0.15598	0.92741
-0.055478	0.5465
2.0411	0.43986
-0.5969	-0.30219
0.68109	0.28939
-0.89308	0.97394
1.5209	-0.9759
0.21288	0.40228
-0.36906	-0.43942
0.074491	-0.96809
-0.36078	0.50856
1.0356	0.087818
-1.4152	1.5966
-0.84759	-0.42949
-0.8189	0.60984
0.18556	-2.2168
-0.56563	-3.1585
-1.003	0.96139
-0.34302	1.3343
-0.94224	-0.4573
-0.22319	-1.3724
-0.49043	-1.2194
-0.37823	-0.30686
1.21	-0.93645
1.2764	-0.85554
-2.5121	0.084455
0.32543	0.051353
0.061966	1.176
-1.3353	-0.45371
1.5661	1.0763
-0.79907	-0.52459
-0.0048807	1.4327
-1.6577	-1.0859
0.37531	0.99033
-0.060799	1.1256
0.51166	0.25459
1.0782	0.43898
-1.3237	1.955
-1.4811	-0.045653
-0.0285	0.12472
-1.7853	-1.5572
-0.424	-0.53496
1.3086	1.0918
1.3812	0.15919
-0.027986	-0.79742
-0.55926	0.2096
0.92963	0.020376
-0.72326	-1.3615
-1.2742	0.56216
-0.98834	0.40807
0.1031	-0.60195
-1.5468	1.8691
0.65852	0.92686
-0.43587	-1.0563
-0.66853	-0.60906
0.57988	0.93372
-1.4038	-1.596
0.90473	-0.18848
0.14837	0.80785
0.94052	-0.67774
0.93057	0.15519
-0.01764	-0.40345
0.52952	0.07103
-0.4422	-0.40198
-1.108	-1.3552
0.35785	-1.206
-1.0746	-0.022711
0.06481	-0.49906
0.83566	-0.18805
0.79926	-0.2445
1.0082	0.3233
0.85781	0.12594
-0.2272	0.98497
-0.26441	-1.5787
0.68776	-2.3958
-1.1849	-0.41491
-0.26302	1.1524
-0.30793	-1.0077
0.7511	1.1305
-0.78518	-0.54285
-0.055339	0.90565
-1.0091	0.025751
-1.1011	0.023807
-0.28257	0.10174
0.48868	-0.49471
-0.68524	0.72221
-0.82193	1.5177
-0.17911	-0.78602
-0.15591	-1.3923
-1.1368	-0.37293
1.647	-0.99202
-2.2972	-0.25719
-0.30614	0.15176
-0.30369	-1.1695
-0.15293	-0.29995
-2.7175	1.7772
0.045387	1.9535
-0.56563	-0.64397
-0.71818	-1.0483
-0.31406	0.99359
-0.92419	0.14722
1.4108	1.458
0.6984	-0.1522
0.49587	-2.2749
0.15516	-1.2779
-0.66013	1.3426
0.13392	-0.35044
-0.0097416	-0.035771
0.0092403	-0.25914
0.47605	-0.83288
0.075919	0.14141
0.48553	-0.21693
0.51677	0.59785
0.34522	-0.25104
-0.41656	-0.10463
-1.6112	0.84834
0.21519	-0.16616
0.36085	1.3111
-1.1133	0.35005
-0.049518	0.82715
-0.062834	0.94368
-1.2128	-0.22403
0.29814	0.5845
0.9458	-0.36921
0.81979	0.75656
-0.19497	1.8661
0.79631	1.9572
0.8203	-1.7689
-0.13617	-1.7605
-0.33239	1.514
-0.098396	-1.0002
0.53714	0.80585
2.0402	-0.8041
0.45418	2.0145
-0.043102	-0.94108
-0.97333	-0.26387
-1.8683	-0.41471
0.64067	-0.94617
1.6199	0.18552
0.41198	-1.1954
0.13032	0.025565
-0.83297	1.7443
-0.58148	0.49672
0.87617	1.7007
1.2919	-0.051324
1.6046	0.62557
0.73527	-1.2072
0.14334	1.0626
-1.0717	0.15234
-0.70826	0.67021
0.35455	0.23859
1.0239	-0.66603
0.76256	-0.49176
0.23852	-0.73676
-1.4811	-0.12029
-0.27089	-0.62802
-0.41244	-0.35591
0.39995	-0.39691
-1.3058	-1.5505
0.25563	0.52846
-0.43324	0.60869
0.48431	-1.4422
-1.5814	1.0402
1.5916	-0.91452
0.4873	0.3199
-1.2708	0.076966
-0.34481	-1.6407
1.1651	-1.1889
-1.8647	-0.2542
-0.40629	-1.9196
-0.83732	1.6514
0.7964	0.82963
0.25724	0.22073
-1.0035	-0.94247
0.2444	-0.58351
-0.29536	-0.3125
0.81194	-0.09618
-0.62046	-0.047436
-0.82113	-0.81857
-0.74811	1.0635
0.0034941	0.66875
-0.68332	0.16714
0.75078	-1.0808
-0.79596	-0.018039
-1.2326	-0.077996
-0.91654	-0.15076
-1.4539	-0.35124
0.21517	-0.62098
-1.8813	3.3833
0.69138	-0.93603
-0.14801	0.18019
1.3555	-1.7059
-0.92248	0.96544
-0.50181	0.22911
-0.58169	1.0565
-2.0728	0.70101
-1.8936	0.27769
-0.084039	0.52336
1.0965	1.7296
0.42136	0.88362
0.32852	-1.7322
-0.010223	0.28519
0.0094208	-2.5841
-0.71453	-0.23534
-0.8482	-0.6401
-0.16073	-0.27685
0.52908	0.43318
-0.18737	-0.23589
-0.94249	0.29154
-0.13104	-1.3856
-0.40077	0.73075
-1.1576	0.095806
-0.64045	-1.9559
0.91693	0.38749
0.21194	-2.1481
-0.94516	1.4074
-0.35	0.39265
-0.05233	-0.86001
-1.4508	-0.43775
0.0075247	0.29804
0.63831	-1.1443
-0.39948	-1.4697
0.23636	-2.8164
0.9382	0.51147
1.0301	-1.3647
1.1215	0.37959
-1.3118	-0.060676
0.2192	0.76999
1.6306	0.87779
1.6446	3.0981
-1.4047	-1.2709
-0.62736	-1.8048
0.80022	0.29073
1.3003	0.29135
1.1416	-0.73505
-1.6112	0.85727
0.80845	-0.1897
-0.042202	-1.1526
-1.0514	0.16043
-2.5322	0.28409
-2.4785	1.2323
-0.76322	0.68834
-2.0716	1.576
0.70477	-1.5924
1.1396	1.552
1.1919	-1.574
0.36642	0.93592
0.34583	0.9066
1.4744	-0.23997
-0.27982	0.34982
0.83772	-0.84711
1.2266	-2.5782
-2.1014	-1.1256
-0.47804	-1.1672
1.2857	0.40703
-2.0072	-0.40233
-0.66347	-1.3431
-1.5304	-0.49951
0.26664	-2.2319
1.7678	0.040836
-0.13761	-0.28234
0.30913	1.0413
0.56096	0.36834
0.88171	-0.33897
-0.36473	-0.45733
-1.0985	0.55386
1.694	-0.17196
0.60088	-1.6336
-0.81459	0.65699
1.0358	0.11846
0.079102	1.3707
-0.022598	0.41525
-0.68786	-0.658
0.21691	0.063353
0.10008	-0.88841
1.0915	2.612
-1.0891	0.079548
2.6145	-0.23192
0.2273	-0.34357
0.27945	1.6255
-1.2358	-1.476
-1.7396	0.61251
-0.28493	-0.15714
0.15838	1.4005
0.28922	0.011421
0.63984	-0.062307
2.6148	0.84659
-0.91709	-0.19041
0.74593	0.11483
-0.6135	-0.16961
2.7151	-0.067645
-0.53134	-1.1711
-0.86814	-0.53761
-0.1604	-1.6919
0.77064	-0.94092
1.7381	0.2673
1.1357	0.38499
0.3888	1.2281
1.5896	0.49911
0.5314	0.4084
0.13293	1.4108
0.92266	-0.47854
0.23793	1.0145
1.7512	1.952
0.53562	0.68816
-0.80486	-0.21351
1.1257	2.0325
1.4731	0.41265
1.0111	-1.9008
-0.9205	-0.57645
1.3223	-0.093455
-0.43913	0.46456
2.0522	0.24689
1.0837	-0.11946
-1.0271	-1.6767
0.74767	-0.39492
2.1189	0.30263
0.34293	-1.1442
1.3535	-0.38165
0.85041	-0.59691
0.89159	0.2303
-1.0437	0.10472
0.050075	-0.80439
-1.6264	0.89749
-0.32817	-2.3557
0.33371	-0.15079
1.1484	-1.1427
0.24131	0.93159
1.4575	-0.80257
-1.5955	1.4593
1.9127	-0.15541
-0.74436	-0.50324
0.67907	1.3626
0.1979	-0.092589
0.95225	0.21216
1.5103	1.177
-0.20237	-1.149
-0.56528	2.2717
0.72617	0.11819
-0.30987	-0.48086
0.93379	1.5223
-0.075008	-1.898
0.17508	0.64202
0.41233	-0.78154
0.57455	-1.9504
0.72442	-0.067366
0.62404	0.54722
0.75945	1.2483
-1.0857	2.1624
-0.98256	0.10361
-1.019	0.65705
1.126	-1.1858
-1.3677	-0.3082
1.1581	0.15811
-0.07403	0.34423
-0.91374	2.0477
-0.51307	-0.62057
-1.0347	0.93807
1.4802	-1.1346
-2.626	0.26762
-0.040849	1.0013
0.6164	1.0829
-0.41739	-0.51263
0.96798	0.94438
-0.87125	0.88065
-0.8733	-1.2803
-0.66166	-0.1321
0.67423	-0.68141
1.0958	1.2998
-0.84525	-2.3074
0.49841	0.70898
-0.63845	0.4808
0.29788	0.11668
0.073831	0.63736
-1.5184	0.86291
1.7111	-0.66239
-1.3212	0.31701
0.24318	0.89121
0.37296	-1.2278
0.46573	0.84598
2.6669	1.2514
-1.2487	-1.2872
0.19012	0.29937
1.3102	-1.5174
-0.15428	-0.80992
-0.64877	-0.36513
-1.3708	-0.12414
0.38299	-1.1321
-1.9255	0.41583
-0.54529	1.2453
-0.35438	-1.8485
1.0244	0.14629
-1.6478	0.19957
-0.26234	0.40275
1.1167	-2.1755
-0.54671	0.27757
-1.1486	0.94147
-0.29535	-0.25819
-1.5548	-0.27081
-1.1067	-1.5216
1.7052	1.0845
0.18471	-1.4529
0.055189	-0.43764
-0.67898	-3.3297
-0.63852	0.21525
0.40256	0.37438
0.15815	-1.1432
-2.0657	-0.54011
0.11696	0.72097
1.2584	0.874
0.68756	-0.2732
-1.0962	-0.59406
0.34366	-0.13449
0.63413	0.979
-0.77483	-0.26814
-0.76191	-0.69778
-0.05171	-0.58582
0.82789	-0.86122
-0.96002	-1.6586
-0.18565	-0.29343
-2.0823	1.0365
0.029459	2.4233
1.6153	-0.39943
0.29979	-0.42097
-0.67061	1.0347
-0.75425	-1.2884
1.6818	-0.73697
-0.11529	-1.0158
-0.5558	0.49612
0.46265	1.9315
-1.6181	0.63738
-0.24746	-0.95475
-2.0101	0.29187
-0.95757	-0.92607
0.96071	-0.91328
0.19197	0.20525
-0.074089	0.12732
1.0156	-0.4927
-0.89895	-1.0802
0.87375	0.70871
-2.0613	-0.53177
-1.6892	-1.4226
-0.08102	0.81341
-1.5183	0.22143
0.54312	-1.417
0.61244	-2.0022
-0.27008	-0.51147
-0.46878	1.0884
0.23053	1.1791
0.53997	0.31639
0.22716	-0.89599
0.41013	-0.61478
-0.76773	-0.75794
-0.19278	-0.24181
0.70076	0.62487
-0.29822	-1.3084
-0.35011	-0.4663
-1.3584	-0.25941
-0.4186	0.36557
-0.12619	1.2128
0.11849	0.14764
-0.53878	1.3679
-0.26019	-1.3338
1.2362	0.60589
1.6546	1.1627
1.0365	0.32377
-0.64586	-1.0155
0.53803	1.4144
-1.0271	-1.418
-2.3712	-2.0475
1.2071	1.4211
0.83403	-0.93959
-0.9649	-0.46905
-0.41749	-0.26933
-1.2412	-1.8254
0.050046	0.35355
0.64054	-0.13845
-1.2008	0.11269
-0.1564	-0.17207
0.62737	-0.10693
0.82475	2.0692
0.079532	1.5809
-0.85947	-1.2909
1.1909	0.17661
1.0847	0.74757
0.57305	0.25265
0.03002	1.6652
0.53794	0.72114
0.026901	-1.5918
-1.5095	0.74427
-1.8587	1.0088
0.61439	0.46708
-0.12637	2.1261
0.15121	-0.32497
-0.010176	0.30081
-0.51785	-0.005954
-1.0982	-1.5722
0.92203	0.4475
1.9716	0.46007
1.4507	0.65261
-0.67752	2.1519
-0.41624	-1.8574
-0.7437	-1.0356
0.0038097	0.58462
0.63269	0.66144
-0.15756	1.3138
0.1667	0.16188
-0.23384	0.54859
0.97349	0.84533
0.32013	0.51019
0.61867	-1.3093
0.65519	-2.4207
0.25396	-1.2852
-0.74593	-0.88677
-1.3251	0.83066
1.5666	-1.0818
-0.94398	1.9288
-1.0012	1.0232
1.146	-0.40871
0.90718	-0.076498
-0.26915	-2.287
-0.23583	1.4381
0.69027	-0.41639
-0.49001	0.30133
-1.3138	-0.69869
-1.3238	-0.10618
-0.62453	0.76645
0.78838	2.141
0.56341	0.35785
0.6802	0.40996
0.70506	0.24209
-0.88603	-0.68748
-0.834	-1.6953
1.6879	-0.004637
0.64246	1.0272
2.6797	-0.91074
-0.21739	-1.0554
0.89306	-1.0751
-2.0323	-1.0305
-1.6219	-0.17345
0.95465	-0.34214
-0.027606	0.99782
0.75282	0.36556
0.41783	0.54038
0.25003	1.1009
-0.68446	-1.932
0.37988	-0.094739
-1.781	-1.0436
-0.13466	-0.39161
-0.91612	0.36688
0.18608	0.29353
0.79216	0.34381
-0.11682	0.40762
-0.66087	-0.01532
0.36141	1.019
-1.7596	0.32728
-3.2911	0.1295
-0.12476	-0.81814
0.41567	-0.76831
0.3378	-0.16626
1.1576	-0.028827
-0.9515	0.71941
0.74359	-0.53705
0.62922	-0.44124
-0.6415	1.3153
-0.62162	0.026542
0.23913	-2.0827
0.51361	-0.90286
-0.55082	2.5638
1.1242	0.52081
-0.71558	-0.096283
0.77854	-0.2622
0.24166	-0.30308
-0.15676	0.5996
-0.15436	-1.1937
-0.50934	0.46502
-0.28233	0.067304
1.6674	-0.25362
-0.88243	-0.27598
-0.86336	1.0293
1.1793	-1.2481
-0.0069804	0.59933
0.22077	0.25261
-1.2062	0.69865
1.3736	0.66741
-1.5782	0.41047
0.34017	0.70836
0.39211	1.3968
-1.0287	-0.26184
-1.8406	2.0157
0.41726	0.76617
1.3579	0.24035
0.83255	0.74896
1.6349	0.97018
1.7711	-1.5258
-0.07258	-2.3182
-0.15933	-1.3704
-1.0548	-0.19801
-0.14747	0.93987
1.0259	0.69321
1.2014	0.29744
0.27508	0.03599
-0.35693	-1.0291
0.19863	-0.53098
0.54233	0.51394
-1.2333	-0.70723
0.85012	0.17832
-0.40732	-1.7925
0.26739	1.28
-0.070703	0.74282
0.18991	-1.888
1.7577	-0.051601
0.048663	-0.19817
-0.75244	2.3378
0.051029	-0.61706
0.34489	0.33589
-0.31858	-0.67283
-0.68285	-2.4466
0.66209	0.76973
1.0811	-1.997
1.1958	-0.71451
0.60267	0.67478
0.012346	0.21511
0.34698	0.50641
2.0853	0.73348
-1.6412	1.0875
-0.6331	-0.54265
0.13514	-0.77822
-1.1064	0.33775
0.98757	-1.6134
-1.0308	0.03191
0.66607	0.66876
0.5401	0.77227
-0.96633	0.18508
0.65535	-0.54079
1.3557	1.0349
1.8169	-0.49579
-0.055206	0.70015
0.32022	-0.48141
1.1621	0.99693
0.041034	2.493
-0.15561	0.1919
-1.7261	1.8618
-0.10102	-0.14621
-0.55993	-0.59061
0.78077	-0.32211
-0.8341	-0.87202
-0.61826	0.13399
-0.87035	0.43701
1.284	0.18584
0.31931	-0.88619
-0.89622	2.0706
-0.45259	-1.123
0.087005	1.0763
-0.37588	-2.0947
-0.28576	-0.087199
-1.0456	0.66487
-0.068209	1.9599
-1.6132	-0.44136
1.4244	1.1247
1.0882	0.067171
-0.097425	0.3398
-1.3259	-0.65234
0.40894	0.16703
-0.5546	0.18637
0.36177	0.14787
-0.86646	-0.17234
0.16465	-0.99341
-0.72633	-0.57159
-0.39434	-1.0617
-1.1857	1.2123
0.062495	1.889
0.29481	1.1554
2.1041	0.55445
-0.25747	-0.79445
0.61524	1.9472
-0.10599	-0.01844
0.74152	0.63242
0.31254	-1.4481
0.069502	-0.82837
-0.60417	-1.6934
-1.0178	-1.6965
1.9337	-0.75395
0.82496	1.0393
1.3725	2.1994
0.050679	-1.4359
0.23095	0.21643
-0.046907	1.2453
1.8201	-0.61678
-1.8763	0.096168
-0.95231	1.1147
-0.43704	-0.26703
0.82848	-1.4456
0.79197	1.1602
-0.57106	0.4331
0.77907	-0.12715
-0.43367	0.432
0.12516	0.96406
1.8086	0.5822
0.495	-1.4496
0.43049	-1.358
-1.0186	0.27622
0.20073	1.7154
0.017695	0.019977
0.16298	0.41423
-0.74726	-0.91531
-0.10857	-1.4503
0.014454	-0.95348
-1.0387	1.0562
-0.19395	-0.41685
-1.7424	0.010353
-0.32941	0.096112
-0.16139	-0.27901
-0.11641	-0.11394
0.66727	-0.42578
1.1891	0.037063
1.6847	-0.49957
1.2219	0.44818
0.056783	0.38307
-0.46125	1.693
1.7847	0.87404
-0.080518	-0.67334
1.4414	-0.20746
0.82316	-0.58783
-1.3467	1.257
-1.8782	1.4405
-1.1698	-1.2627
-0.18258	1.5462
-1.9077	0.010206
1.5333	0.85365
-0.93465	-0.24205
0.10701	-1.0545
0.0093197	-1.0911
0.83205	1.0962
1.4015	0.32132
-1.7653	-1.3788
1.1187	1.5019
1.5388	0.27585
-1.1049	-1.5786
0.19885	-1.8272
-1.6023	-0.24507
0.48443	0.36463
1.9247	1.3638
0.58487	0.15036
-1.8176	-1.1389
0.93271	-1.3308
-0.49725	-0.6724
0.67696	-0.94756
1.0787	-0.64974
-1.5246	-0.042318
1.7187	0.12499
0.60718	2.6587
1.2899	0.40491
-1.5771	-0.031566
0.55307	0.45108
-0.43683	0.39826
-0.58549	-1.294
-0.91455	0.93296
0.64309	1.1123
-0.16908	1.7772
-0.27676	-0.49067
-0.80054	-0.89401
-0.24159	0.39625
1.2431	1.4961
-0.74216	-0.43579
1.5737	-1.1391
1.0572	-2.476
0.25174	-0.8274
1.9544	-0.97292
1.0965	0.21227
0.94667	1.7176
-0.39578	-0.69333
-0.53194	-1.7552
-1.5706	-2.1798
0.75704	-0.69843
1.4305	-1.319
0.35966	-0.97943
0.10116	1.7471
1.2493	0.20465
-0.15402	-1.0337
-0.26245	2.1812
0.50501	0.76816
1.4147	0.68699
0.3898	0.2345
0.14758	-1.44
1.4496	-1.5655
0.29663	0.1898
-0.45201	-1.0268
0.372	0.47119
1.3886	1.4584
2.824	0.67832
1.2994	-0.32669
-0.92401	0.82448
-2.2551	-0.32439
-1.4386	-0.34428
1.5226	0.68512
-0.7273	-0.76311
-0.097185	0.54965
0.23274	0.77482
-0.53844	0.67009
-1.3132	-1.7009
-1.2725	1.0959
0.70874	-0.47421
0.13877	-1.8865
-0.19537	-0.51279
0.91327	0.65741
-0.20267	0.25059
0.91581	-0.33258
-0.77405	-0.4842
-0.76779	2.0515
-1.6243	0.6361
-1.0662	-0.20911
0.51498	0.0019098
0.40175	0.79065
1.233	-0.0075226
-0.37402	-0.18499
-0.39135	-2.1845
-0.24489	0.61718
-1.7352	0.69594
-0.44626	-0.86874
1.7658	-1.1231
-2.0962	0.55796
-0.28052	0.0062693
1.0393	-0.02027
0.56669	-1.6055
-0.053453	-1.211
-0.40405	0.909
0.29385	0.80164
0.50467	-0.9362
0.19705	-1.8567
2.555	-1.3671
0.51731	-0.848
-0.83751	-0.00060895
-1.6218	1.073
0.35685	-0.23561
-1.0003	-1.6585
0.88729	1.3196
0.90665	-0.25227
-0.92196	0.65089
0.67283	-0.53352
0.73467	1.0503
-0.28445	0.14694
0.41516	-1.8345
-2.7633	-2.2786
0.80481	1.1738
0.21581	-0.026917
1.2146	-0.31556
-0.9603	-0.25314
0.072058	0.68775
-0.17365	1.5728
-1.9416	1.7364
-1.0521	0.86687
0.2871	-1.3856
0.59813	-0.83901
1.6977	-0.082129
-0.067374	0.81112
-0.26239	0.4169
1.1925	0.55034
-0.36596	-0.90973
-0.011308	1.4969
-1.7169	0.26927
-0.29996	-0.89403
0.39049	-1.0614
1.2434	-1.0655
-0.92005	-1.3327
-0.45623	-1.06
0.37412	1.8242
-0.24952	0.59981
0.98131	0.27074
-0.017631	-0.52454
-0.42157	-0.31343
0.3563	2.3725
0.68735	-0.43882
-0.70462	0.15429
0.89333	1.3202
-0.37947	0.18996
-0.43744	-0.1762
-0.01399	-1.0873
0.43497	-0.18837
0.92895	1.5173
-0.17426	-0.52069
-0.0097656	0.71288
-0.05101	-1.3726
-0.26505	0.93332
1.7847	0.090804
-0.22773	0.58815
-0.577	-1.274
-0.013316	0.47787
-0.12718	-0.58825
0.86702	-0.64205
-1.4877	-1.2685
-0.38056	-1.4975
-0.39486	-1.6479
-1.3571	-1.0116
-2.4067	0.33096
-0.98824	0.82988
-0.037909	0.26527
1.6942	-0.47405
-0.019816	0.097142
0.012755	-0.36541
0.89551	-0.69475
0.69024	0.67609
0.63091	0.38586
-0.26851	-0.33109
1.5171	0.74793
-0.65615	0.72404
0.29161	-0.26939
-0.57969	-0.67992
1.1237	0.35066
-1.5897	-0.24874
0.17824	1.072
0.55775	0.34211
0.75568	-2.0036
-0.43911	0.76086
-1.4755	1.0502
0.43977	1.5058
-0.15607	1.489
-1.9673	0.6314
-0.1755	-0.51098
0.06812	-0.91504
0.40824	-0.86313
-1.3388	1.4608
0.0099688	0.22586
0.62082	0.61846
-1.4632	-1.509
1.2324	-0.59661
-0.28766	-0.68763
-0.77789	-1.711
-0.86622	1.7028
-0.59392	-1.016
-0.77647	0.36794
-0.97527	-0.6566
0.13138	1.2974
0.53867	-1.2647
0.2067	-1.1768
-1.128	0.47899
0.75284	0.96613
0.50453	0.50035
0.8026	-1.1762
0.86951	-1.2764
-3.0401	0.98403
0.020103	-1.1952
-0.10037	-0.23916
-1.733	-1.496
0.16266	0.074296
-0.59477	-1.7419
0.028411	-0.98392
1.3186	0.26407
-1.701	-0.45502
0.68293	0.33881
0.32149	1.8168
0.71529	-0.12274
-0.097851	-0.13882
2.2557	-0.8405
-0.023774	-0.3408
2.5482	-1.4598
-1.5097	1.0929
-0.76079	-0.1496
1.0131	1.2654
-0.89264	-0.81518
-0.36142	0.60908
-1.2517	1.6324
0.59863	-0.5574
2.3432	0.98143
-0.57838	0.58111
1.7116	1.3275
1.0087	0.31293
0.19018	-0.45046
1.8169	0.024783
1.2273	-0.041203
0.40115	0.079289
-1.4268	-0.36951
1.7846	0.050772
-0.065289	-1.5649
0.042325	0.3094
0.87272	-1.6893
0.44674	-0.031697
-0.54513	0.037155
0.15392	1.6022
-0.36605	-0.17162
-1.5968	0.023955
-2.0544	-0.69877
1.5138	0.83186
1.6763	-0.23459
2.6177	-0.72874
0.29623	0.79816
-1.9726	0.26599
-1.0618	-1.7872
-0.13116	-0.70661
0.21913	0.67855
-0.38343	0.4648
-0.73654	0.17944
-1.447	-0.46172
1.2007	1.0113
0.49853	0.041364
1.2075	-1.2819
1.878	0.40058
0.61026	1.7547
-0.59466	-0.75531
0.32763	-1.0192
-0.33854	-0.59454
0.95251	-0.85873
-0.9924	0.49125
-0.48988	1.628
-0.39281	-1.0625
0.52642	0.64954
0.88067	-1.4161
0.23961	-0.59595
1.4413	-0.88484
0.6863	1.8357
-0.7179	-2.2087
1.4252	1.7637
1.114	1.2645
1.1833	0.34902
1.439	0.36645
-1.143	-1.0937
0.064525	0.22306
1.3793	-0.18873
-1.1892	-1.7407
-1.6651	0.59176
-0.24761	0.88303
0.92999	1.003
1.063	-0.42374
-0.95834	0.30869
0.80483	-0.33393
-0.055367	1.3459
-0.67228	-0.45363
-0.090482	0.2794
-0.53404	-1.1993
0.5443	0.09623
1.3381	2.1968
0.63975	-0.33637
0.82279	-0.60428
1.4017	0.37789
-0.81188	0.18796
-0.3108	0.28977
-0.88906	0.82192
-0.17054	-0.30247
-0.10316	-0.60893
0.59844	-0.42007
0.098641	-1.3172
0.16045	-0.33483
1.2349	0.021497
0.83515	-0.19982
-0.0033239	-0.83593
-0.77289	-0.44354
0.7874	-1.4875
-0.23159	1.2801
-1.894	0.49733
1.3235	-0.41711
1.6129	0.049978
1.7811	-0.34524
0.31006	-2.2324
-2.1093	-0.68735
2.0326	-0.18063
-0.13749	1.5044
0.4301	-0.548
-0.32534	0.92462
-0.076471	0.010488
-2.282	0.65627
-2.0486	-0.9607
0.79332	0.70422
-0.39028	-0.66857
-0.48526	-0.53148
-0.61635	0.76054
-1.2744	0.027185
2.1075	0.26117
-0.034427	0.69007
0.34835	0.21087
-0.84724	-0.0092462
-0.27934	-0.2542
-0.97192	-0.16838
0.60534	-1.656
-0.17009	-0.73601
-0.23423	0.39737
1.1102	1.3489
-2.0061	-0.9905
1.6599	1.6924
-1.1351	0.29111
-1.2012	0.12394
-1.6903	0.78683
-0.54721	-0.80611
-0.13991	-0.9657
-0.92123	1.1716
-0.20341	-0.30059
0.04027	-0.578
-1.1492	0.22917
0.050882	-0.090263
-1.0711	1.2209
-0.060696	-1.3563
1.2078	-0.76328
-0.83067	-1.5497
-2.5962	1.4075
-1.2901	1.4384
1.2145	-0.61197
0.49785	0.50639
-1.6611	0.41483
0.37153	1.2303
-0.55719	0.56065
0.022098	-0.20082
0.88938	-1.3225
0.92897	-0.58074
-0.82386	-0.62276
-0.60633	0.53107
-1.1163	0.87331
-0.063662	-0.80923
-0.22156	-0.37672
1.4553	0.88387
-0.71965	-0.96166
1.7668	0.47201
0.49706	-1.3605
0.072351	1.6542
0.072429	0.62183
-0.94067	0.87546
-0.16877	0.67996
0.087178	-1.8591
0.072829	-1.3767
0.54111	0.19628
-1.0147	-1.2978
-1.1162	-0.97985
-1.6287	-0.3803
-1.1546	-0.56188
1.4138	-2.1958
-0.95576	0.32488
-0.66739	0.023292
-0.03851	-1.1043
-0.63536	-1.1691
-0.27736	-0.90202
0.38828	-0.32495
0.15514	-0.37451
-1.2056	-0.84833
0.13949	-0.71706
0.38722	0.33931
0.016147	0.69115
-0.30504	-0.22368
-0.77313	-1.2159
2.5503	1.4952
-1.193	-0.47963
-0.14015	0.39083
-1.9994	-0.19883
0.20229	-0.10098
-0.27773	-0.29667
0.24182	-0.98549
0.70139	-0.29389
0.93227	-0.5897
1.5744	-0.94574
1.0581	-0.6375
-2.6428	1.5273
-1.9359	-0.69236
0.37717	-0.78397
0.55306	-0.52473
-0.58923	1.0305
-0.028983	-0.92937
0.13007	-0.066744
-1.6412	0.9081
-0.66547	-0.14315
0.24204	-0.71728
-0.30147	-1.3456
-0.34733	-1.1351
-1.4035	-1.2601
-0.53246	-0.078971
-1.9121	-1.6055
-1.4196	-0.57935
-1.3483	-1.8827
1.4086	-0.49682
0.26848	-1.1138
0.068311	2.3544
-0.03519	1.8343
-1.9056	-0.98081
1.0868	-1.5123
-1.9818	0.279
-0.87928	-1.1406
-1.0739	-0.9417
-0.91429	0.9829
-0.026329	-1.2258
-0.59697	-2.0672
-0.52401	1.7392
0.95793	1.1859
-1.0642	0.4313
-1.3944	1.1237
0.87343	-0.58752
1.0214	-0.50518
-0.24646	0.86832
-0.81218	-0.2985
-0.91788	0.5291
-1.2355	-0.31955
-0.29102	-1.507
2.1345	2.7256
-1.0777	0.76757
0.25936	-1.5993
-1.0166	-1.3192
0.34866	1.3225
0.30285	-0.78768
-1.3026	0.51839
-0.59778	-0.085525
-0.51357	0.03037
-0.52291	0.45059
0.49279	-0.045159
0.62342	-0.88217
0.072923	-1.1328
1.1077	-0.12681
1.5268	0.75935
0.43304	1.3897
1.0362	-1.5815
-0.24541	0.088493
1.4362	0.00821
1.3305	0.37987
-0.26358	2.0689
0.39203	-0.51372
0.070462	-1.0389
0.83013	0.31435
-0.45943	-0.82106
0.83237	1.1242
0.076369	-0.15492
1.0395	0.15668
0.61129	-1.0874
-0.27562	1.9439
-0.43656	-1.2856
0.47117	-1.5679
0.97656	-1.8687
-1.4266	-0.34511
-1.7725	-0.90055
1.8443	1.0045
-0.49586	0.21527
-0.42552	-0.76411
-0.10024	-0.88026
-1.315	3.7111
-0.13566	0.54783
-0.76695	-1.7635
-0.24291	1.3678
0.47035	0.23962
1.0141	0.2407
-1.5395	1.3226
-0.98864	0.93226
1.3883	-0.32076
-0.55949	1.0834
1.3615	0.29438
-0.90377	0.97673
1.0745	-1.2237
0.96816	-0.11248
0.65483	0.034455
-0.66648	0.56056
-0.75605	-0.010971
1.0837	-0.44525
-0.82423	0.69518
-0.20087	0.70101
-1.5175	-1.1768
-0.2177	0.81528
-0.8309	1.2966
0.41142	-0.44531
0.93541	0.16549
-1.04	-0.056151
-0.7889	1.1058
1.0078	0.066996
-0.051198	0.68514
1.821	0.056745
0.09766	-0.08478
-0.4988	0.77138
-1.6643	0.43949
-0.043678	-0.99852
0.54562	0.42898
0.78121	0.52353
1.222	0.45568
-0.0084678	-0.17228
0.29816	-0.70366
-2.2678	-0.27585
-0.0013501	0.63992
-1.2126	0.3296
0.57294	0.44026
-1.2709	0.34054
0.023511	-0.83146
-0.99474	0.79813
-0.017845	1.3388
0.16517	0.31922
-0.12669	-0.94551
1.809	-1.0011
0.95179	-0.69479
2.2037	1.3263
-0.93022	-1.9489
-0.074256	-1.367
2.1896	-0.20313
1.434	2.1168
-1.2382	-0.39851
0.79438	0.57176
-0.78067	-1.2481
0.75328	-0.063402
-0.22226	-0.62033
2.1207	0.059181
-0.52801	0.88966
-0.72265	0.92052
-0.27275	-0.83622
-0.12756	0.33649
-1.292	2.1635
-1.7902	-1.3392
-0.51832	0.56536
-1.9863	-0.74853
-0.54473	1.3
0.69424	0.92392
0.75244	-2.5329
0.089878	1.1796
-1.3071	-0.84462
-0.6272	0.58262
1.122	-0.59499
0.35776	0.25416
-1.0837	-1.1501
-0.53557	-0.44742
-2.4566	0.61958
0.1103	1.2999
-0.60579	0.11558
1.367	0.26723
1.2912	-0.087658
1.4799	0.36303
0.47742	-0.1184
-0.95593	0.79366
0.19397	-1.3777
-0.35466	-0.15257
-0.46282	-0.44899
0.57407	0.21507
0.13399	1.4214
-0.031849	-0.47092
0.16364	-0.29439
-0.057688	0.96046
0.72602	-0.16579
-0.80839	-0.2748
2.4931	1.5275
-1.9512	-0.07183
-1.016	1.0302
-0.43927	-0.78141
-2.4873	-1.8797
0.54784	0.58058
1.423	0.0041826
0.71313	-1.2178
0.19505	1.1257
0.92883	0.1365
0.81322	-0.33678
-0.64632	-0.62937
-0.8143	0.82897
-2.2688	1.8473
1.0573	-0.82384
-0.027727	-1.4644
-0.51476	0.30386
-1.139	1.9815
-0.85904	0.81785
0.56066	-1.197
0.95303	-1.2228
0.061	1.2762
-0.030462	0.11572
-0.14538	0.62331
0.48352	-2.2478
-0.56964	0.00069681
0.031958	-1.2338
-0.69511	-0.37226
-1.3709	-0.35599
-0.62822	-0.96562
-0.12137	0.44069
-0.22443	0.89444
1.0156	-1.6367
-1.5637	0.73369
-0.66142	1.1152
0.089789	-2.5948
1.0166	0.17211
-2.4663	0.67916
0.219	-1.385
-0.54411	-0.99096
-0.40595	-0.93391
-1.2243	-1.2298
1.2964	-0.23817
0.039098	0.24499
-0.25591	0.1347
1.956	-0.5654
-0.20198	-0.12574
-0.87097	-1.2022
-0.023716	0.94416
1.1414	-0.29975
0.86239	-0.082405
-0.83172	-0.32655
0.41402	1.7048
-1.2312	0.92048
0.12906	-0.75614
-0.47778	0.36038
-0.49446	0.080279
0.64266	2.7247
-0.3895	-0.778
0.36731	1.8681
-0.30231	-0.84492
0.57088	-0.59052
1.4413	0.22123
-0.95136	2.84
0.52934	-1.1863
-0.018693	0.099469
0.85051	-1.1164
0.28754	0.18829
-0.76047	-1.0434
1.8943	0.22109
-1.0058	0.27254
0.60303	0.29356
0.27047	0.56396
-0.092449	1.2944
0.053417	-0.08591
-0.23796	-0.89536
0.059562	0.81953
1.8189	0.032378
-0.21546	-0.14731
-0.18334	0.5408
0.042578	-1.2977
-0.18816	-1.2855
-1.0377	-0.61415
0.42067	1.1012
-0.37385	1.2746
-2.4673	-0.5197
0.60229	2.2197
-1.2719	-1.2517
0.37549	-0.73216
0.029562	0.67518
0.95326	0.043061
-0.81972	-1.7055
1.2017	-1.3443
-1.1749	0.86195
-0.36462	-0.19263
-1.418	0.79706
-0.28503	0.66156
1.2194	-1.0398
0.25055	-1.3147
0.15199	2.4212
-1.7679	0.12359
0.33793	1.2631
0.84621	-1.4653
1.2549	-0.8697
-0.78035	0.95001
0.93099	-1.7682
-0.29173	1.322
1.3896	0.73721
-1.8691	1.7243
0.55462	2.0046
-1.1268	-0.49173
-0.32217	-0.52475
0.432	2.1602
-0.34282	0.40949
1.197	-0.6105
-0.68424	0.78401
-0.1537	-1.0019
-1.3174	0.97488
0.51352	1.7325
1.398	-0.79474
1.1047	-0.018741
2.3311	-1.4802
0.97965	0.072044
-1.6085	-0.2079
0.14632	0.6565
0.45551	0.37465
0.14363	0.35583
-0.1888	0.95026
-1.0034	-0.56057
0.062188	-2.0793
-1.2219	0.84551
-1.3749	0.030156
0.30592	1.2142
-0.092006	0.16081
0.47527	-0.83313
-0.1891	1.1999
-0.45112	-0.32543
-0.57213	0.85687
-0.96488	1.7541
0.88016	0.71826
0.88937	-0.81287
1.3068	-0.014874
-0.49696	-2.0524
-1.0974	1.4967
-0.15199	0.02844
-0.1816	0.33019
-0.34168	-1.2724
-0.77508	-0.15541
2.1076	0.54333
0.1408	0.15874
-0.058605	0.62211
0.60262	1.2615
-0.27362	1.7262
-1.5232	1.7131
0.82416	0.34719
0.12397	-0.59373
-0.61966	1.648
-0.53381	-2.0975
2.7523	-1.0732
-2.4198	0.15673
-0.0018083	0.17263
1.5727	-0.41643
0.26417	0.96837
-0.11906	0.51395
-0.11089	0.69409
0.49811	-0.33491
1.3431	-0.92202
-0.036083	-0.55461
-0.98187	0.15458
0.16041	-1.1341
0.20714	-0.045474
0.74787	-1.5215
-0.035076	0.090375
-0.023083	2.5126
0.26346	-0.18425
-0.11605	0.59336
1.3075	-1.2121
0.78378	-0.41116
-0.82217	-0.42967
-1.1917	-0.61228
-2.1592	-0.44314
-0.097687	0.58009
1.0429	2.1038
0.66069	0.10386
-0.62766	-0.5315
0.75193	-1.1446
0.49088	-0.94183
-0.80795	1.3962
0.89049	-0.30359
-0.01673	-1.0159
1.5908	0.6823
-0.13497	-1.1309
0.29655	-1.4787
0.55845	0.26153
0.84247	-0.3333
0.50186	-0.061309
0.45181	0.49784
1.6718	1.5906
0.21064	-0.63564
-0.85841	-0.046697
0.74854	0.68406
1.5543	-0.37817
1.7086	-1.0762
-0.75578	1.5781
1.0145	-0.7742
0.92539	0.7416
0.40473	0.3821
1.3792	-1.6084
0.61487	0.24424
1.4657	0.10378
-1.9524	0.75405
0.97296	-0.19811
-0.25292	-0.57394
1.5585	0.87462
-0.52029	1.0193
0.85219	0.36192
-0.52646	0.44495
0.52098	1.6611
0.47552	-1.6826
1.7582	0.66666
-0.19467	-0.16053
-0.2489	0.20689
-1.5219	-0.67702
1.1905	-0.39778
-0.33285	-0.41608
2.7894	-0.58332
0.1314	-0.14534
1.7182	-1.0308
0.6676	0.52395
0.44497	-0.87025
-2.2701	-0.088309
-0.67855	0.47505
-1.0235	-1.2953
-0.52354	0.2935
-1.1573	0.55554
1.0023	-0.56187
-0.46443	-0.11758
0.98031	-1.6783
0.42621	0.86693
-1.0968	-0.59939
-1.4073	2.072
1.5453	0.046469
0.91248	-1.0395
-0.99503	-0.76305
-1.1537	0.21992
-1.6183	0.84538
0.18198	0.04022
-0.18869	-0.7213
0.83943	-0.50776
1.1318	-0.10278
0.12372	1.7683
-1.1291	-1.734
0.096419	-0.63568
0.18437	-0.56118
0.29118	0.86368
-0.65424	1.2923
-0.63886	1.356
1.8545	1.5705
-0.093201	0.16101
-1.2263	0.92605
-0.92749	0.84238
1.6936	0.30958
1.5273	-1.3739
-0.93712	-0.35517
0.66786	0.4321
1.6116	0.6227
0.39859	-0.92296
0.39553	0.43969
-1.8809	1.5213
1.9333	0.72524
1.1782	-0.3526
-0.3888	-1.6512
-1.2008	-0.38001
-0.67315	1.742
0.75588	-1.824
-1.0138	0.23924
-0.82505	1.8143
-1.1286	0.12679
-0.84868	-0.39449
0.0034586	-1.0738
1.0771	-1.3091
0.83871	1.1131
-1.1762	0.38344
-0.1518	-0.847
1.2962	-1.3342
0.93568	0.072921
1.313	0.17989
1.3652	-0.68488
0.25616	-0.0031397
1.1751	-0.39959
-2.0636	-0.80757
0.10812	0.11093
0.39	-0.72508
-1.6414	-1.0548
2.1784	0.99451
-1.59	-0.43545
-0.23014	1.2746
0.003889	-1.0042
0.25983	1.4415
-2.4088	0.61773
2.1442	-0.5315
1.2246	-0.86213
0.20515	0.74671
0.15052	0.77988
0.89594	-0.0026779
-1.5864	-0.87033
0.53582	0.54599
-0.79083	1.0216
-0.42375	0.17215
-1.0986	-0.28221
0.5692	0.17461
-0.22486	-0.54381
-1.2593	1.1776
1.139	-0.7992
-0.2739	1.8987
-1.0942	-1.6815
0.54589	-0.16095
0.64798	1.3159
-0.82851	1.198
1.2249	-1.1048
-1.3412	0.21284
-0.97049	0.87672
-1.0453	-0.59583
-0.52333	1.0345
0.32599	-0.351
-0.49807	1.7449
-0.89954	-0.56963
0.24424	-0.41059
-0.011929	0.35648
0.10831	-0.1064
-1.4803	-0.70632
0.26451	0.02922
0.59136	-0.72227
1.0733	1.4192
-2.3976	-0.43107
0.25279	0.45166
0.83275	-1.6218
-0.40386	-0.44697
0.12073	0.81017
-0.72572	-0.14993
0.30065	0.69706
-0.2162	0.37646
-0.65882	-0.038192
0.70814	-1.0582
1.3396	-0.94397
-0.33766	0.7592
0.8262	0.62516
-0.37417	0.98289
-0.22726	0.16442
-0.67141	-1.6783
0.46268	-0.22999
1.0639	-0.11729
1.9196	-0.063885
0.55017	1.1906
-1.3079	0.19488
0.25992	0.82594
1.6082	0.14475
1.0485	-0.91064
-0.75872	0.89533
0.77226	0.94831
-1.025	0.25915
0.8942	-0.34998
-0.88287	1.7331
-0.83112	-0.15578
-0.21137	0.49436
0.15976	-1.3156
-0.039001	-1.5722
-0.5025	-1.2459
-0.592	1.6811
-0.20355	-1.2136
-1.0495	0.030779
-0.43921	0.081926
-0.93694	-0.012315
-0.37808	-0.069889
0.79475	0.22487
1.0411	-0.67552
2.1947	-0.71518
0.93022	-0.9094
0.6984	0.29446
-1.0496	-1.6284
0.27362	-1.3652
-1.8758	0.58045
-1.4474	-0.53513
-0.14011	0.05499
1.0038	0.35648
-0.047337	-0.28715
-0.45092	0.83082
0.30849	-1.7474
-1.5588	-0.54504
-0.83878	1.3838
0.069621	0.27219
-0.37884	0.49918
-0.021498	1.6706
-0.68542	0.59829
-1.2834	0.48018
0.19034	0.10577
-0.64316	-0.10938
1.2659	1.2073
-0.31684	-1.7939
1.4352	0.85428
1.0666	0.21772
0.1227	1.4378
-0.72977	-0.86461
0.50593	1.6958
-2.1788	-1.1924
-1.4426	-0.95199
-0.5785	-0.89934
-1.7606	0.20019
-1.6124	1.3099
-2.5924	0.32558
-0.37708	-0.099935
-1.4244	-0.87877
0.97119	-1.5693
-1.521	0.82221
0.94255	0.13243
-1.0094	1.0187
0.50189	-0.27718
2.7932	-0.14019
-1.545	0.078301
0.56849	-1.2858
0.69953	-0.41973
0.14452	0.20664
0.31127	0.18172
0.99365	1.3392
0.83961	-1.578
0.59448	0.48427
0.34994	0.31918
-0.24892	0.074955
0.85672	-0.88964
0.45568	-0.82551
2.241	-0.29393
0.024758	-0.55832
-0.92501	-0.16834
-0.45373	1.5362
-0.12219	1.335
0.16877	-1.7657
1.603	-0.70311
0.72002	-1.9282
1.3139	-0.93504
0.90645	1.0676
-0.10132	-1.275
-0.92979	-0.1228
0.93977	0.095554
0.85886	1.6618
-0.95348	2.332
0.55558	-0.53263
-0.20665	0.71468
-0.71855	-0.59464
-1.3236	1.7723
0.55619	0.36911
0.25472	0.82585
0.82323	1.2248
-1.7409	-1.0902
-0.059313	0.088512
-0.46124	1.9385
-1.769	-1.4848
-1.452	-1.3456
-0.077486	-0.54118
0.88073	0.61568
0.98004	0.89938
-1.0135	0.085057
0.6019	0.75914
0.32642	-0.084925
0.80704	-1.3109
-2.0599	2.3336
-0.31688	-0.46962
0.92169	0.36037
0.69807	-0.5518
-1.4838	-0.55867
-0.18064	-2.008
0.63527	0.98163
-1.1821	-0.41284
2.1709	1.5305
-1.478	0.56547
-1.9753	0.14617
-0.33485	0.61364
0.2999	0.84875
0.48473	-0.66099
0.55114	1.5648
0.24791	1.1582
-0.47931	-0.34496
0.53427	0.5907
1.086	-1.4102
-0.58947	-0.49808
1.794	1.5915
1.1777	-0.18202
0.18264	1.6132
0.50683	0.043514
-0.2603	0.68824
-0.074879	0.21771
-0.49405	-0.18051
0.57588	-1.2938
-0.83434	0.0093432
0.42914	-0.65311
-0.58969	0.92094
-0.76724	-1.8768
-0.83088	0.32794
2.1841	-1.0662
-0.43235	-1.0143
0.2699	-0.13808
-1.4468	1.0614
0.52535	0.19372
0.67718	-1.6378
0.26552	0.44808
1.8994	-0.437
-1.3723	1.6129
-0.55326	-0.25946
0.028893	-0.6046
-0.38346	-0.42978
1.5502	-1.6984
-1.4405	0.025985
0.12425	0.79793
0.81554	0.21983
-1.0942	-0.12961
1.1367	0.15922
1.1787	-1.1342
0.32805	1.0871
-0.21249	-1.7935
-0.44799	-0.13436
-0.78494	0.33367
-0.3814	0.60863
1.9235	0.41789
1.3525	-1.0857
0.85667	0.78551
-0.97538	1.0086
-0.45067	0.23385
-0.20558	0.25147
0.67839	0.46138
1.4211	0.88005
0.55358	0.10259
0.38447	2.6757
-0.92976	-0.40925
-0.64748	-0.57466
0.45502	0.21534
0.021965	-0.31663
0.92476	0.95717
-1.0885	-0.083749
0.35966	0.25038
1.8255	-0.53395
-1.0588	-0.77649
-0.13712	-0.14222
-0.75712	-0.89928
0.40946	-1.254
-0.67073	-1.7337
-1.8556	0.61121
0.10252	0.26472
-1.7726	0.37184
-1.498	1.3505
1.5278	-0.64116
0.90796	-0.94437
1.5273	-0.53059
0.39385	0.48489
-0.76163	-0.53031
1.0048	-0.8229
0.064694	-0.80068
-0.4823	1.1708
0.11604	-1.5492
-0.20407	1.4504
0.62271	1.036
-1.3576	-1.0595
-0.10417	0.45125
-0.42961	0.83095
-0.19394	1.2314
0.92292	-0.47567
0.082008	-1.9489
-1.0479	0.63732
-0.15881	0.12621
-0.12502	1.0022
-0.41888	0.79803
1.1417	0.00015507
-0.82106	-3.2579
-1.6289	-0.091126
1.5478	-0.024504
0.7059	-0.86494
0.097162	-0.60094
-0.75128	0.77222
0.82815	0.78464
1.2071	-0.52326
-0.036613	-0.079748
1.4132	0.2092
-0.81758	0.55368
0.98346	0.34296
1.1998	-1.3184
-0.49924	1.5191
1.1591	2.5054
-1.0788	0.6737
0.55471	-0.84368
1.0457	1.2053
-1.1446	-1.1926
0.63834	-0.1396
-0.19372	0.67343
-1.829	0.89133
-1.5082	0.14713
-0.4316	-0.04821
-0.034231	0.77049
0.70142	2.2593
-0.040695	-0.95147
1.0688	0.58032
0.34018	-0.58861
-1.3257	-0.53627
0.020552	-1.0616
0.48379	-0.21145
0.42774	-0.29008
-2.1513	1.9784
-0.70461	-0.78509
-0.25966	0.43032
-0.0029135	-0.0075389
-0.66319	-0.72371
-0.97789	0.23481
0.082117	-0.2202
0.47026	0.92405
1.1183	-1.6829
0.33464	-1.9287
-0.52327	0.20786
-1.4183	0.88216
0.24034	0.22908
0.71521	-0.48051
1.4573	-0.79648
0.88974	-0.33278
2.8116	0.56939
-0.5383	-0.13879
-0.50266	0.64049
-0.85372	2.7955
1.5178	-1.0195
-0.47459	-0.53483
1.2142	-1.2836
0.62539	-0.88808
0.15865	0.21513
0.6463	-0.10947
0.74559	0.57411
-0.32127	-1.138
1.1216	-0.19705
0.43022	1.5711
0.85404	0.12621
-0.46038	-0.44683
0.96123	-1.7468
0.082719	2.8569
0.014519	0.33632
-1.334	0.22895
0.53304	0.65529
-0.28287	-0.18896
1.8867	-1.9049
-0.14763	-0.15454
-0.53371	0.72795
0.077284	-0.018146
-0.7066	-0.62515
-1.5857	-0.90339
0.81164	-1.9289
-0.22292	1.1134
-0.30381	-2.8028
0.042008	-0.54865
-0.079277	-0.84329
-1.3102	1.0137
0.64385	1.1477
0.43128	0.38941
-1.1183	0.74994
0.5575	0.95753
-0.087291	-1.13
-1.0564	1.0259
-0.47806	-0.48627
-0.22243	1.4386
1.1301	0.44834
-0.43675	2.0728
-0.10511	-1.4822
-1.3004	0.41172
1.1272	2.3034
-0.7951	-1.0652
1.1414	0.39404
-0.21889	0.20956
1.5345	1.4486
0.48195	-1.2117
0.52329	-0.2687
1.0877	2.2291
-1.05	-0.53082
1.7697	0.1163
0.32053	-1.3141
-0.56245	1.1095
1.1269	-0.52586
1.4589	-0.36862
-1.5022	-0.28907
-0.14852	-0.11788
1.063	-0.80164
-0.014771	0.18222
0.96037	1.0659
-2.1364	-0.35318
1.0383	1.1127
1.3573	0.69827
-1.3852	-1.7966
0.11816	-0.26281
2.5821	0.91078
-1.1851	-1.8219
0.6842	-0.99454
-1.0407	-0.46416
-1.3712	-1.2299
-0.42909	-0.597
-0.18424	0.0049049
1.837	1.4989
-1.1184	1.078
0.34649	0.28396
-0.020741	0.6007
0.49743	-0.82789
-0.64403	-0.4007
0.32342	-1.2098
0.08493	1.8977
-0.95804	0.36479
-0.60374	0.90221
0.58228	0.21597
-2.7517	-0.96403
-1.6441	-1.6834
0.076093	-0.63999
-0.18794	-1.162
-0.026653	0.55936
1.003	0.24015
-0.61261	-0.38889
-1.6216	1.0577
0.97852	0.85043
0.90455	-0.89998
-0.72191	-0.58214
0.53474	0.11431
-1.1752	1.0585
-0.15591	-0.58653
-1.1744	-0.25287
0.25209	0.26153
1.0214	1.3382
-0.14456	-0.19947
0.31441	-0.19612
-1.5407	-0.07423
-1.3095	-0.47453
0.49408	1.5158
-0.68782	0.082793
-0.73757	1.1603
-0.58408	0.29058
0.56855	0.75802
-0.33128	-1.3601
-1.5272	-1.0735
1.3569	-0.37711
-1.2164	-0.38265
2.4996	-0.70229
0.99821	3.387
0.94624	0.33172
-0.21518	-0.39536
-1.0721	0.49938
-1.6986	0.15441
-0.92216	-1.7418
-1.069	1.5066
-1.8848	-1.2918
0.047444	-0.95754
-0.93355	1.084
-0.15129	0.11713
-0.31604	-1.3065
-0.24077	-0.098861
0.27248	-0.46255
-0.84506	-0.75803
0.85857	0.4649
-1.5324	1.1857
0.26754	0.3966
0.075993	-0.55114
-2.176	-0.77311
-0.063872	-0.26069
0.011712	-0.76196
0.54134	0.4007
1.0061	0.60358
0.11013	-2.8298
-1.147	-0.1272
0.30061	1.7806
-1.3957	1.095
0.53341	-1.5706
-0.34027	-0.1533
-1.6851	0.31959
1.1398	1.9698
-0.42127	1.305
0.33693	0.73606
-1.2387	-0.56071
-0.067578	-1.3308
-1.0816	-0.74013
-1.4184	-1.2011
-1.3724	2.4769
0.57201	-0.47683
-0.30974	-0.20509
-0.32714	-0.12149
0.24479	-1.3576
0.22229	-0.016666
-0.53787	0.046595
1.5374	0.90299
-0.99503	-1.4974
-0.88358	-1.0759
-0.63759	-0.6157
-0.1707	-0.60227
0.40904	0.84535
-0.53464	-1.6315
0.18432	-0.48153
-1.5285	-0.68283
-1.3211	0.75678
0.84146	0.52645
0.70067	-0.052604
-1.6183	0.62236
-1.0809	0.013888
-1.0211	-0.15374
0.66832	0.4387
1.5736	-0.35247
-0.29112	-0.60215
0.14314	-0.7962
1.3165	-1.4803
-0.52689	-0.19483
0.1075	0.59411
1.1916	-1.1272
1.3883	-0.90903
0.12262	-0.97149
-0.2219	0.38635
-0.33835	1.2744
-0.36736	1.1944
1.3239	-0.86154
-0.84859	0.52824
0.68749	-0.98048
-2.3847	0.66411
0.63981	0.52869
-1.3217	0.12332
0.77387	0.62859
0.62628	-1.5242
0.3425	0.41742
0.29167	-0.7304
-1.7127	-0.51252
-0.79095	0.44493
-0.52479	0.40291
-1.1116	-0.073996
0.52249	0.18523
-0.78285	-0.43122
-0.77505	0.30042
-0.50557	0.3411
-1.395	0.78071
0.51137	0.93762
-1.1189	1.8374
-0.93841	-0.050025
0.26645	-1.0116
0.225	-0.56147
-0.54161	0.60695
-0.16182	-1.6495
0.68579	-1.7468
-1.3961	0.38605
2.073	1.1934
-0.72716	-1.9873
-1.486	-0.48395
-0.90211	1.1777
-0.64052	0.62362
-0.18969	0.66093
0.14685	-2.4755
0.39699	-0.1083
-1.3462	-1.3668
2.3971	1.0962
0.49055	0.3979
-0.095423	1.5198
-0.58244	-0.29323
-0.35543	-0.39726
-1.1308	2.2043
-3.0711	0.94135
0.73394	0.52833
-0.45122	1.9076
0.40866	1.2728
-0.47305	1.72
0.37488	-1.6583
-0.028492	0.61046
0.068552	-1.0758
0.37106	0.96086
0.99372	-0.49674
1.1063	-0.65744
-1.7176	-0.069044
2.2291	1.4368
1.7273	-0.64887
1.8385	0.63821
-1.553	0.56795
1.1468	0.36537
0.34834	2.4141
0.83634	-2.6007
0.52005	0.99917
0.17132	2.4822
-1.6625	1.609
0.09516	-0.15681
1.1654	-0.63577
0.79384	2.3541
-1.8217	-0.59305
0.90509	0.90206
1.2496	-0.077967
1.679	-0.4652
-0.48831	0.085307
-1.7979	-0.59186
-1.5389	-1.3871
0.80757	0.28247
1.2358	1.7368
-0.44486	-0.74744
0.23399	0.67707
0.48547	1.1129
0.099352	-0.033391
-0.12213	0.79774
-1.7347	-0.026366
0.23193	0.16887
0.59734	-1.9565
1.0508	-0.10304
0.53221	0.089697
-0.35479	0.48842
-1.1439	1.1031
-1.2106	-0.53561
1.0489	-0.10242
0.17327	0.98641
-1.5747	0.20783
-0.59894	-1.0292
0.2819	-0.47649
-0.074839	-0.73041
-1.497	1.3097
-0.4335	1.8528
0.068166	-0.49178
0.018568	1.1792
-0.24411	-1.1567
1.0545	1.2479
0.72151	0.91272
-0.27939	-0.8595
-0.95107	0.28929
-1.0331	0.69626
0.90041	0.10223
0.41311	0.82787
1.1862	-0.14015
-2.3036	0.60724
-0.51137	1.0845
-0.87691	0.76201
0.6651	0.63121
-0.13772	0.19952
1.3253	0.11566
0.098335	0.46043
0.2845	-0.56289
0.59119	0.092401
0.44613	0.74622
-0.72944	0.37431
0.74843	0.44997
1.8059	-0.18343
0.18965	-0.81694
0.94665	0.38176
-0.29252	-0.5139
2.0847	0.31306
-0.14621	0.81058
-0.054906	-0.17297
-0.15338	0.8688
-0.3416	-0.5765
-1.6169	0.76213
0.31818	-1.2133
0.54623	0.1256
2.1541	-1.0091
-0.94872	0.56088
0.055071	-1.3339
-1.3916	-0.69227
-0.4191	-0.16876
0.36321	0.083818
0.34915	-0.054378
-0.79343	1.0464
-0.42658	-0.82668
0.5969	0.54653
0.80997	-0.66661
0.21177	0.56099
0.72975	-0.23189
-1.8628	-0.71681
-1.7504	-1.1738
1.2437	-1.7253
-0.21061	0.74954
0.34052	0.56878
-1.367	-1.1632
-0.60126	-1.3726
0.32895	-0.085317
-0.35668	-0.74703
-0.33501	0.02592
0.20778	0.74487
-0.89079	1.6637
-0.63752	-1.4651
-0.0033057	1.7769
1.2037	0.33027
-0.75045	-0.49341
-2.2238	-1.8044
1.0205	1.3851
1.7449	0.15584
-0.93037	0.43602
-0.13213	1.6627
0.53681	1.9815
0.8807	0.72293
0.62932	0.1027
1.1496	-0.15053
1.0772	-0.55557
0.88102	-1.0994
-1.0829	-0.50624
-0.72469	0.71285
2.3793	-0.79414
1.1646	-0.27821
0.27749	0.090346
-1.942	-1.2607
0.016815	-2.5693
1.5663	1.4078
-1.2715	1.884
1.7904	2.9526
-0.46953	0.34769
0.71995	0.91062
0.21471	0.50166
-0.40372	0.030018
-0.65011	2.3533
0.33555	1.0906
0.016419	-1.5601
0.62852	0.25982
-0.17575	-0.18794
1.1259	0.0051006
-1.0123	1.1405
0.094054	-1.0375
-0.66029	0.93361
-0.71669	1.298
-0.18583	0.35988
0.81006	-0.34374
-0.092956	0.39746
-0.013417	-0.59964
-1.0695	1.7113
0.66381	-0.54971
-1.8669	0.14788
-0.98645	0.5987
1.232	0.972
-0.45409	-0.72733
0.19779	-0.91983
1.7454	-0.71984
-0.69983	1.3614
-0.3542	-0.76203
1.1343	0.29599
0.19099	-0.64075
0.64277	-0.45829
0.11275	-0.83845
0.27595	-0.70152
-1.7091	-0.24518
-1.1375	0.64891
-1.6287	0.23378
2.0159	-0.10099
0.062788	0.30272
-0.37421	1.6393
-0.88685	1.8051
1.035	0.1743
1.4458	-0.10181
-0.90455	-0.49528
-0.48958	0.44119
-0.21567	0.97653
-0.60599	1.7381
-0.040674	-0.27169
2.2991	-3.3663
-1.2848	-1.0482
-0.33344	-1.0518
0.93266	-0.45571
-1.5522	-0.13406
1.4331	-0.34728
-0.61126	1.473
-1.0762	0.80299
-0.29564	-1.5236
2.5591	-3.8232
0.2081	-1.1896
-1.6419	-0.1412
0.35493	0.51531
1.1608	0.64176
-0.81949	-0.481
0.32936	0.24129
0.62358	-0.89772
0.72693	-0.52748
0.96831	-0.35502
0.90981	-0.92278
-0.48067	-1.7001
-0.43905	0.30213
-1.2712	-0.34073
0.65558	-0.65069
-1.4839	-1.0933
-0.41982	-1.2457
0.99002	-0.55332
-1.0082	1.4397
-0.16759	0.095109
-2.1399	0.73563
0.075494	-2.8596
0.22223	0.28727
0.23883	0.54798
-0.8448	0.64438
0.17126	-0.12394
-0.84176	0.24963
0.34666	0.27047
1.1925	1.2023
-0.38243	-0.79007
1.3387	0.21558
0.28908	-1.2968
-0.25155	-0.57674
-0.55302	1.6644
-0.32297	0.012822
-0.48861	1.0338
-1.3143	-0.72906
-0.86399	0.040821
1.1649	-0.014542
0.63992	0.84593
-0.05511	-0.45439
-0.15657	-0.55738
-0.69204	0.49771
-0.23768	-1.2738
1.2235	-0.84662
0.81951	0.40907
0.58108	-1.4844
2.2131	1.0415
0.62472	1.3864
0.015502	0.54078
0.23744	-1.1966
-0.92713	-1.5512
2.1393	-1.0818
0.36595	-0.75131
-0.9048	0.056827
-0.10434	-0.29036
-2.4252	-0.16271
-0.54267	0.39327
-1.7597	-0.49891
-2.0976	0.67341
0.28477	1.3712
1.0946	0.40676
0.83439	1.591
1.8292	-0.60731
0.9332	0.60585
0.99355	1.147
0.86909	-2.5944
-0.96225	-0.038301
0.52078	0.073167
0.70814	0.80003
0.29426	1.2524
-0.18507	0.65562
0.31132	-0.56931
0.45574	-0.55427
-0.54399	1.1682
1.5964	1.6277
-1.0668	-1.6142
0.56673	0.47031
-1.198	1.4188
1.8783	-0.3832
1.1133	0.35205
0.60921	0.64333
-0.15896	-0.20944
0.81649	0.23601
2.033	0.50288
-1.2926	-0.043205
1.0009	-0.43462
0.65253	-0.81705
0.058338	-1.4762
0.080392	-0.83047
0.30483	0.61278
1.3654	-0.1319
-0.89902	-1.1877
0.03411	1.336
0.42188	-1.2855
-0.73106	-0.036422
-0.78778	0.44233
-0.039063	-1.3498
-2.6801	1.4192
-0.54178	0.22855
-0.51069	-0.41217
0.1572	-0.73373
1.7326	-1.617
-0.24795	-0.21604
0.53045	-0.59425
0.37399	-1.2237
1.4227	-0.49977
-0.06096	-1.7342
-2.1268	-0.51847
0.17134	0.53048
0.28208	0.56701
2.3567	-0.055952
0.21258	-0.084662
1.759	-1.9161
0.00043785	-1.0505
-0.41078	0.46275
-0.54914	-0.17626
-0.78041	0.22729
0.71351	1.2128
0.36261	-0.40449
0.10642	1.3836
0.060001	0.42711
1.5458	0.096299
-0.79565	0.45675
-0.53402	-0.52385
1.102	1.1055
-0.035015	-1.647
1.4694	0.85304
-0.24324	0.40499
-0.94489	-0.5063
0.29128	1.6356
-0.64622	-1.4433
-0.44369	-0.95817
0.31784	-1.2871
0.047885	0.03275
0.54902	0.12383
-0.80913	1.8034
-0.7431	1.3577
-0.35465	0.66508
-0.87459	2.2624
0.2878	0.90072
-2.4344	0.40025
0.75527	-0.79068
-0.42765	0.20522
0.75251	-0.23726
0.67657	-0.37259
-0.6098	-0.8262
1.1119	-0.27275
1.5878	-1.592
1.2924	1.0682
-0.12207	-2.3088
0.66938	0.2849
0.83388	0.50934
-1.4283	-0.78386
0.10252	-0.5976
1.8854	0.80453
-0.39186	-0.61225
1.3453	-0.75676
1.1334	0.75258
0.069904	1.8722
-0.36515	1.4318
-1.0824	-1.0319
2.0034	-1.6159
-0.14841	-0.75194
0.58006	0.5252
-0.13613	2.1738
-0.38105	1.2994
-1.5773	0.86249
-1.1897	-0.77293
0.19698	0.53991
0.35396	-0.93905
-0.79264	0.4982
0.34072	0.8447
-0.62185	-0.92876
0.7153	1.2669
-0.61343	-0.63295
0.52776	-0.42199
-1.1393	-0.13848
-0.14069	2.6278
-0.93344	1.3512
0.28436	-0.42915
1.4081	-0.35445
1.725	0.30293
0.065612	0.7725
-1.7254	1.25
1.8076	2.8236
0.34035	1.455
-1.5379	-1.4281
0.78802	-0.64151
1.0486	0.12264
-1.2922	-0.34269
0.81082	0.016747
0.27217	-0.15128
-0.36591	0.16108
0.41928	0.2788
-1.1944	0.070685
-2.8898	-0.29885
0.53352	-0.19397
0.48023	-0.0187
0.32779	-1.1402
0.8512	0.67212
0.30881	0.13394
0.79173	1.5287
-0.10649	0.57184
1.155	-0.23588
-0.61044	-0.97513
-0.33038	-0.98218
-0.94889	0.44567
-0.36549	0.074092
0.39716	-0.021599
0.29892	-2.3486
-0.47921	0.44858
0.058341	-0.65442
-2.3141	1.5802
1.1283	-0.20879
-0.45379	0.99771
0.033206	1.2071
-0.76022	0.86342
-0.66889	0.016098
-2.429	0.1554
-0.102	1.4367
1.3898	-0.84311
1.7446	0.64334
-0.95822	-0.57691
-0.39969	-0.32903
-0.55858	0.091183
0.17139	-0.061852
1.462	1.1899
0.093258	-0.44273
0.65184	-1.329
-0.14133	-0.30976
0.73693	0.88731
0.50252	-0.53107
-1.0019	-1.0011
-0.15922	1.1841
-0.39089	1.8595
1.4567	-1.8834
0.0446	0.92725
-1.3063	0.68368
-0.49675	-1.3963
-0.61667	-0.61421
-0.63807	0.56377
0.051657	0.95203
-0.57572	-2.1463
-1.6452	0.84089
0.54688	-0.40225
-0.0088259	-0.39129
-0.46912	1.5057
-0.96888	1.7732
-0.17382	-1.6052
1.6062	-1.5683
1.0218	-0.21145
-1.4827	0.27411
-0.012515	0.52973
-1.1541	1.582
0.60509	-0.45387
-0.56146	-1.0146
0.33829	0.15195
-0.51733	2.0014
-0.20979	-0.89719
0.37318	0.7613
1.0997	0.10897
0.1388	1.3068
0.24281	0.31112
0.74972	0.83642
-1.0932	0.55032
1.2308	0.32771
0.14769	0.51536
0.27484	-0.99898
0.74888	-0.51986
0.42998	-0.16961
-1.606	-2.0695
-1.3442	0.44341
-1.7717	-0.14381
-0.431	1.1169
0.37978	-0.60808
0.73271	1.4277
-0.50503	0.32071
2.2747	-0.14564
-0.77481	1.3339
-0.6709	-3.4045
-0.015056	0.22575
-1.4496	0.098995
0.76678	1.1085
1.2968	-1.1698
0.1419	-1.2348
-1.3022	-0.4325
1.3483	1.7009
0.6542	-0.75787
-1.5684	2.4489
-1.1645	0.24177
0.06724	0.064268
0.59621	-1.1091
1.6022	1.2311
2.0642	0.47743
-0.54327	0.1313
0.42433	2.1736
0.73629	-1.7996
0.8459	0.29872
-0.70809	0.39469
0.90965	-0.45264
-0.42234	-1.4286
0.93274	-0.13496
-0.57878	-1.8043
-0.77452	-0.029189
-1.3938	0.39971
-2.3152	0.58118
-2.4469	1.06
-0.91656	0.10963
0.025705	0.31225
1.0678	0.69242
-2.1564	0.63491
-0.47149	1.0151
1.5033	0.70978
-0.61706	-0.68539
0.60685	1.1933
-0.21352	0.34457
1.0509	-0.0046458
-0.01218	-1.2619
0.062413	-1.2699
-0.65493	1.3274
-0.22566	-0.75321
0.18697	0.53711
-1.1937	-1.1104
-1.8346	1.481
0.49379	1.5347
0.14807	0.30124
-1.1564	1.0373
0.39741	-0.59954
-1.5281	0.57023
0.81739	-0.21412
0.63935	-1.0113
-1.049	-1.0696
-0.55856	0.032025
0.36242	-0.35379
-0.15624	0.38179
0.22634	0.24757
1.7326	0.52039
0.38869	-1.1348
0.914	0.61432
-0.82167	-2.5988
0.77493	-1.6757
-0.64901	0.72302
2.5468	0.92767
-1.4828	-0.1939
3.2875	0.8546
-0.97612	0.88746
1.3024	0.44307
0.18201	-1.1943
-1.247	-0.06348
0.17937	1.6486
-0.91273	-0.30534
0.92253	-0.90503
0.23729	0.81669
-1.5371	0.79562
-0.96792	-0.45092
0.43589	0.14614
0.26237	1.0888
-1.1967	1.099
1.204	0.93056
1.5014	2.1176
-0.45612	-0.7916
1.485	0.47396
0.18683	1.3707
-1.6236	-1.2544
-0.062717	-0.50465
0.54904	1.184
1.4909	-1.3185
0.61207	0.20615
-0.023443	-0.6858
1.2095	-0.90786
-1.7191	0.31329
0.12635	-2.2604
-0.38919	0.88153
-0.62816	0.73768
1.4135	0.56668
-0.26971	0.33066
-1.9755	-0.69218
0.76795	0.073155
-0.68692	-0.00023479
-0.75057	-0.66642
1.7167	0.49235
0.19461	0.52502
0.83754	0.09314
1.022	0.54228
-0.41436	-0.31683
0.21362	1.4257
0.085945	0.14465
-0.89406	2.4418
0.15922	-1.3657
-0.85087	-0.21865
-0.57571	-0.013462
-2.4263	0.7921
-0.69814	1.4464
0.90653	0.87814
-1.2771	0.9569
-0.98577	-0.42907
-2.762	0.26397
-1.4963	-0.45517
1.0361	-1.2327
0.10811	1.5166
-0.77018	-1.947
1.2765	-0.27196
0.26856	-0.1048
-0.1158	-0.7541
0.28173	-0.53007
1.1538	-1.6669
1.9922	-0.86147
0.32902	0.10867
0.92728	0.014079
-0.46668	0.29651
-0.24799	-0.49591
-0.081785	-1.1812
0.33479	-0.33869
0.81866	1.6764
-0.5409	-1.1667
0.89706	1.3475
-0.13228	-1.7822
-0.80802	1.5336
0.39937	0.28212
0.86522	1.9447
0.085684	1.6862
-1.0435	-0.95263
-1.2368	-1.8479
0.19098	0.39721
0.30202	-0.48288
-0.2568	0.27291
-0.8301	-1.0175
1.8506	-0.48588
-0.39062	-1.4341
-1.7654	0.11824
-0.69702	1.5682
1.5076	0.96141
-0.40485	0.0050162
0.41092	-0.46621
-1.2039	1.3411
-1.2443	-1.5736
-1.0128	-2.2969
-0.4867	-0.98336
-2.6557	-0.99776
-0.97013	0.67582
-0.93871	-0.44112
-0.069768	-0.46215
0.62213	-0.063653
0.056209	-0.7062
0.47848	-0.76073
-0.15969	0.32363
-1.05	-0.057842
2.341	-0.36639
0.23921	0.44055
-0.60643	0.14413
1.2217	0.012078
0.636	1.7218
-1.3145	-0.92798
0.11332	-1.789
0.47823	-0.78438
0.97786	0.75583
-0.863	0.3912
1.4076	-1.9827
0.22903	-0.07959
-0.14245	-0.24025
2.5677	-1.6033
-0.72705	-0.43847
-0.38754	0.34754
-0.25353	-1.1583
0.3625	-0.13257
1.257	-0.30186
1.0741	-0.36406
1.8777	-1.1452
-0.051187	-0.64485
-0.46726	-0.18901
-0.34277	2.4722
0.77895	-1.1222
-0.17715	-2.7656
-0.94139	0.010093
0.21394	-0.52887
-0.29778	0.79904
1.0421	1.9591
0.28378	1.5226
-0.039961	1.2695
0.14622	1.0161
0.021806	-0.07183
-0.2431	-0.42876
0.27609	-0.20725
0.32749	0.54979
0.5065	-1.2798
-1.68	0.92565
0.4003	0.70848
-1.7129	-0.73647
-0.9591	0.99235
0.56467	2.3977
-0.026403	0.84419
-1.6162	-0.71792
0.28747	1.051
-0.048836	0.7297
-0.26878	1.0905
0.57792	-0.44982
-1.5284	-0.37087
-0.71178	-1.9029
0.38815	-0.57854
1.6335	-0.14702
0.13377	0.51436
1.3206	0.73107
0.054302	0.15418
1.9851	-2.3819
-1.2511	-1.0639
-1.2683	-0.70896
0.14961	1.1951
-0.67502	0.99757
0.35231	0.4623
0.13052	-0.67084
0.90802	0.1041
-0.016992	-0.055756
-1.6716	1.92
-1.5833	-1.6597
0.3363	-0.39636
-0.55982	-1.4301
-0.47756	1.7664
0.37358	1.5878
0.22591	-1.3047
-0.084078	-1.1568
-0.31933	0.28905
-0.50931	-2.3351
1.4986	-0.24416
-0.85361	-0.85339
0.048899	0.88691
-1.0784	-0.90658
0.14694	-1.4391
-1.1321	0.44127
-0.4198	-0.13659
-1.6943	0.51188
-0.26486	1.1224
2.2089	-0.68029
0.45518	0.65677
-1.525	-0.28831
-1.0675	-1.0669
-0.69344	-2.4202
-0.12441	0.33216
0.39649	1.1373
-0.5252	-1.9877
-2.1129	-0.62629
-1.7905	1.3037
0.2097	-0.8763
2.0589	1.2771
0.32487	-0.23318
-0.65916	1.2256
-1.0251	1.2481
0.70372	-0.040121
0.26998	-0.31372
0.086265	-0.83296
0.15433	-0.77593
1.0738	-0.052677
0.44192	0.40605
-0.97162	-0.59689
0.7714	-0.4109
3.2637	0.30223
-0.81967	0.36738
0.74788	0.36238
-0.88402	0.069433
-1.113	2.5565
-1.0874	-0.12104
0.93107	0.014464
0.16618	0.18629
-0.51393	-0.87432
1.6417	0.13838
-1.2249	0.22967
1.7539	0.48456
0.11508	-0.77912
1.0121	-1.1896
-0.14308	1.6387
-0.31024	-1.2675
-0.41798	0.72147
3.3041	-0.59096
1.8401	0.29564
-0.18055	-1.3494
-0.35657	2.2166
-0.61185	-1.0148
0.59644	-0.42549
0.62347	-0.29105
-1.6138	1.2716
1.38	1.3178
-0.71615	-0.23933
0.72455	-0.51284
-1.8877	-1.2325
0.035703	0.46905
0.24465	-1.626
0.93023	0.95121
1.7074	0.048394
0.73001	0.70967
1.2702	-0.035877
0.31385	-1.2747
-0.71313	1.895
0.73512	-0.33249
1.4915	-0.85271
-1.153	-0.68201
-1.1491	-0.40575
-1.2514	-0.12468
-0.60767	-1.4374
-0.90532	1.1006
0.33459	-0.64512
-0.23998	-0.94415
-0.24125	1.0755
-1.0899	0.10858
0.4394	0.27288
-1.8011	1.3396
1.098	-0.17043
0.72705	0.87656
-0.87272	0.4053
0.97108	0.46186
0.61141	-0.44172
-0.24715	-1.0888
-1.0722	0.49435
0.57646	0.090934
0.51256	-0.50759
0.018207	1.7467
0.25424	-0.98869
-0.19165	-0.4193
0.54412	-0.57624
2.3422	0.45707
0.93342	-1.298
-1.4355	-1.0788
0.66126	0.39443
0.65124	0.92395
-0.041844	0.89495
-0.11211	0.091687
1.3122	-0.25913
0.15959	0.45401
1.1915	0.67274
-0.16211	0.537
-0.90566	-1.084
-1.1289	-0.19848
1.4534	-0.21639
1.3805	0.21724
-1.2831	1.7212
-0.33081	-0.85705
0.52826	-0.52044
-1.7871	-1.2148
0.60223	0.11255
1.0405	-0.83991
2.2513	-1.2107
0.81958	1.1742
0.36197	-1.6561
0.23873	-1.1912
-0.2702	0.76469
-1.9011	0.63899
0.85312	-0.41095
-0.76609	-0.60827
1.5692	-0.79799
-0.79711	-0.56988
0.92527	-0.22892
-0.86039	-0.31967
-0.025286	0.12714
1.382	1.6829
1.0186	0.93746
1.1475	-0.23654
0.69908	2.2588
-0.6456	-1.241
0.79924	-2.7442
-0.048869	0.66998
-0.99347	0.45837
1.5395	3.2146
-0.10513	-0.14093
-0.49449	0.28942
-0.31335	-0.99669
-1.1429	0.47996
2.4	1.1925
-1.2186	-0.19204
1.6159	-0.62414
-1.1121	1.0926
-1.2817	-1.0452
-0.51488	0.94479
-0.53498	1.2646
2.7525	-1.261
-0.4865	0.023063
1.5002	0.2801
-1.1369	-0.74521
-1.0739	-0.71534
-0.87373	1.1893
0.48975	-0.50299
-0.58955	2.1359
1.4929	1.6494
0.45203	0.83417
-0.20189	-0.55219
-0.6977	-0.35636
-0.66672	0.87239
0.66243	-1.2287
-1.3988	0.36138
2.5571	-0.58622
-0.43514	0.34034
-0.89635	0.74102
-0.47526	0.14868
1.1785	0.037126
-0.24958	-0.28871
-0.88523	-0.67172
-1.4498	-1.7024
-0.38453	0.17596
-1.7189	1.1121
-1.554	0.73919
0.33344	0.62506
0.27073	-0.16241
0.89877	-0.92157
1.0758	-1.4665
0.52986	-1.3308
0.0021437	1.3745
0.37427	1.3915
-0.2351	-1.8255
0.58864	0.58282
2.4136	0.17415
0.55468	0.43652
-0.28548	0.4
-0.43024	0.60899
-0.04588	2.0348
-0.1797	-0.72434
-1.2292	1.1025
-1.5322	-0.48597
0.43791	-0.22793
-0.22195	0.68344
0.79076	0.38689
1.4311	-1.1622
0.072346	0.22029
-0.26894	0.22694
-1.316	0.36246
2.1207	0.27913
0.02584	0.074233
-0.92933	-0.58388
0.80836	-0.44318
0.020106	0.10439
0.36323	0.72683
0.048259	-0.75777
0.022266	-0.40339
1.3763	0.016098
-0.7586	-1.3082
-0.32954	0.32518
0.22136	0.31213
-1.0038	0.52567
0.37122	-0.57749
0.00090351	0.34788
-1.2976	-0.38286
-0.13793	0.91343
-0.69924	-0.65781
0.96351	0.52812
-1.4088	0.44987
0.50084	-1.284
1.9677	0.61578
0.78474	0.3568
0.23803	-0.85042
-0.0075836	-0.43639
-0.13363	0.26514
-1.0651	0.12474
-0.8121	0.01999
1.0101	0.030093
-0.64257	1.5947
-0.31909	1.4128
0.65897	-0.8389
-0.40461	-1.6269
0.2447	0.84312
-0.34453	0.41055
0.4835	0.40027
0.61982	-1.0093
-0.054301	0.050274
-1.7741	0.92697
1.3829	1.6724
0.18807	-0.53347
2.3351	0.8441
0.054718	0.68916
-0.19155	1.8231
0.37612	-0.39145
1.9643	-1.6933
0.4736	-1.5643
1.9396	1.4706
1.1119	-3.1622
-0.39955	0.93598
-0.93042	-1.5285
0.71814	-0.04086
-0.3349	0.84065
1.4459	-1.2489
-0.91767	-1.1566
1.2279	-0.13778
-0.44254	1.2076
0.036568	-0.68473
0.28795	0.53622
0.27251	-1.1497
-1.731	0.092307
-0.3427	-2.1681
-1.3399	-0.23985
-0.94841	0.10024
0.14649	-1.1036
-0.3654	-0.21851
-1.1085	0.64218
-1.5164	0.71554
-1.4046	0.27407
0.75446	2.0086
-0.18376	-0.66856
1.4105	-0.14183
-0.2061	-1.4271
-0.46935	-1.9381
-1.7587	1.7165
-0.38562	-1.0215
-0.4202	0.29666
-1.033	-1.1866
-1.0747	-0.085207
1.0781	2.3899
-0.016226	1.0699
0.30629	-0.81253
0.15932	0.16435
0.85071	-2.7066
0.10664	0.40796
-0.4219	-1.7538
0.070886	1.0644
2.4432	1.0295
-1.2462	-0.79572
-0.018517	0.43847
-0.92107	-0.30828
1.1539	1.9486
-1.0744	-0.70586
0.77535	-1.4092
-0.96291	-0.45429
-0.40874	1.3023
0.34434	1.4805
-1.0493	1.5724
0.18452	0.34678
-0.88222	1.0671
0.71927	1.7667
-1.6426	-2.3551
-0.28303	0.78196
1.5764	-1.5673
-0.22299	-1.3313
0.052467	0.82977
0.18476	-1.0246
0.013771	-0.16936
-1.21	-0.091801
-0.070242	-0.97688
-0.38031	0.88508
-0.75032	-0.93105
0.89958	-0.84974
1.2374	1.5194
0.70251	1.1638
-1.0026	-0.16996
0.094793	-2.8265
-0.53694	1.143
0.23161	0.82252
-0.38531	1.692
1.2265	-0.040577
0.38751	0.12004
0.7038	-0.3604
-0.35707	0.53654
-0.86315	-0.18644
1.2427	1.2052
0.74335	0.27303
0.99514	-0.42095
-0.59414	-0.96654
0.0023438	1.5734
0.073579	-0.19109
0.1515	-1.3372
-0.15577	-1.5751
0.053614	-0.82806
0.96114	1.5012
-0.10354	0.24965
0.91952	0.41225
1.2478	-0.4835
0.79728	-1.4869
-1.088	0.81022
0.37432	0.69511
-0.34395	1.0816
-0.87563	0.24665
-1.4342	-1.7788
-1.2632	-0.838
0.16506	-0.2291
0.62679	-0.18467
-0.029106	-0.43811
0.33242	-1.0429
1.222	0.31208
-0.48363	1.4041
0.98687	-0.038172
1.8928	0.24951
-0.098258	0.47339
0.54243	0.56925
-0.64046	-0.81698
-0.1993	-0.66899
-0.48205	0.64985
-0.8739	0.38429
0.21492	1.8275
-0.096957	0.699
-0.65309	0.3815
0.52502	-0.53344
-0.57295	2.0558
2.2827	-1.1295
0.56822	0.37916
-0.82524	1.2566
-0.84579	1.7494
-0.46091	0.58667
-0.81664	1.1964
-1.1804	0.1017
0.54938	0.42485
-0.12613	-0.44295
1.3575	0.31412
0.053123	0.66425
-0.39985	0.013074
0.065603	-0.065535
0.43744	-0.30808
-1.0122	0.42975
-0.34718	-0.66964
-0.10618	-0.17853
0.15321	-0.56771
-0.041005	0.21826
0.64141	1.0762
1.6379	0.0019349
-0.91502	-0.2657
1.0147	-0.084436
1.1603	-3.0979
0.82883	0.24195
0.11906	-0.32012
-0.53765	-0.74188
0.23102	-0.99425
-0.75616	-1.0329
0.48065	-0.017558
0.96769	-0.49754
0.75037	0.03956
0.87294	1.5663
-0.54952	0.8508
0.28849	-2.9968
1.6485	0.5778
0.12419	0.25169
-1.6092	-0.85047
0.95964	-0.60717
0.34412	-0.51759
1.4631	-0.38466
1.4216	0.92942
-2.0939	0.15803
0.064122	-0.1625
-2.6452	0.61208
-1.146	-0.49157
-0.98044	0.72019
0.12826	1.0832
-1.6541	0.81136
-0.4004	0.058519
0.017371	-0.57333
-0.66483	0.76569
0.16841	1.4832
1.7379	-0.96425
-0.29596	1.931
1.1217	0.1141
-0.089442	-0.66679
0.30396	-0.50575
-0.53963	-1.1563
-1.1229	1.3784
-0.11756	-1.1155
-1.1523	-0.94203
0.82771	0.24847
0.34832	0.81158
1.3763	-0.1003
-1.6186	0.56065
-0.011852	-0.85391
0.6183	-0.2013
1.216	0.29276
1.9131	-1.1028
1.4612	0.037565
0.51164	-0.047981
1.5618	0.060481
-0.68004	0.12852
1.912	0.044064
-0.34119	0.015209
-0.55183	0.47513
-0.14332	1.1368
-0.84062	0.42775
0.24207	0.62644
-0.58129	0.15861
1.2848	1.3936
-0.4587	0.39429
-2.6144	-0.66735
-0.85952	0.17623
1.1073	-0.75389
2.3913	-0.96709
0.47822	1.2049
1.1039	0.083305
0.3297	-1.8254
-0.0017911	-0.58688
0.21686	-0.091371
-0.26832	0.14558
1.5227	1.065
-0.51831	-0.4356
-0.19646	-0.14289
0.20785	0.46578
-0.19026	1.1673
0.12259	-0.68443
2.675	-0.41782
0.53444	-0.50647
-0.52937	0.45393
-1.47	-0.38652
-2.0488	0.66452
1.0322	-0.071537
0.22917	0.19971
0.59837	-0.49067
0.021375	-0.77401
-0.18683	0.96863
-1.7649	-1.7286
-2.3546	0.82387
-0.50495	-0.32298
-0.64368	1.3227
-0.96091	-0.78618
0.79735	0.037738
-0.052665	-0.71794
1.9687	0.19539
-0.65717	-0.63016
-1.8757	1.2509
0.392	-0.52797
-0.46171	1.5379
-0.25277	-0.11323
-0.048215	0.3769
-1.1022	-1.0575
-0.94959	0.59466
0.033673	2.5065
0.85215	1.2369
0.36417	-0.43348
-0.82929	-0.98468
-0.86175	0.19396
-1.1356	0.033159
0.27056	-1.3358
1.0785	-0.53879
-0.12195	2.4839
-1.0407	-0.48528
0.26067	1.9774
-0.13671	0.97316
0.59858	0.072617
-1.5057	-0.11113
1.6696	1.5828
-0.52338	-0.91208
-0.55569	0.044993
0.13644	0.46655
2.4176	-0.3989
0.74232	1.6535
-1.2564	-0.2757
-1.4987	0.91824
-1.2489	1.3835
0.69331	-1.1328
0.50389	-0.69301
-0.5857	0.8246
-1.4119	2.2546
-1.667	1.3898
-1.6338	0.43042
1.2818	0.52439
-0.060478	-0.054826
-0.77406	-0.99139
-2.23	1.7532
-0.67971	0.67775
0.46321	0.10039
-1.006	-1.2673
-0.71187	-0.57579
0.38625	0.76874
-2.5675	0.57782
-1.2438	1.2501
1.3996	-0.20469
0.19914	-0.17619
0.64359	-0.75014
0.0037935	-0.215
0.88353	-0.85863
-0.22045	0.18834
-0.23953	0.91511
-0.49548	-0.94501
-0.091054	0.96113
-2.536	-0.20688
0.9705	-1.2239
0.1415	0.32621
-0.94985	-2.3044
1.7121	0.088399
0.46923	-0.6075
0.9832	1.238
0.35196	0.18119
0.30437	-1.5017
-0.84499	-0.62244
-1.1209	0.70155
-0.060877	-2.3543
1.7655	-1.5958
0.41152	-0.99111
1.8299	-0.080354
1.8364	0.34058
-0.47431	0.034817
0.0080394	1.1971
-1.1412	1.133
-0.84258	0.10795
-0.14655	-1.7967
-0.51391	0.81999
-0.10368	0.37913
1.255	0.94241
-0.90264	6.8753e-05
2.022	1.1959
1.4493	1.2932
1.3004	0.42924
-0.24182	0.035232
0.33659	-0.43394
0.75639	-0.12074
-1.0538	0.73074
1.7212	0.033815
0.89001	1.0072
-1.0799	0.067702
-0.53008	-0.16433
1.5241	0.24524
0.29236	-1.0449
0.19226	0.86958
-1.7248	0.83707
-0.3708	0.042178
-0.24923	-2.49
-0.40035	-0.36055
1.1724	-0.95517
-0.060134	-0.039155
0.57322	-1.5192
0.50446	-0.092721
0.80013	1.3075
0.3467	-0.28327
0.20787	0.24035
-0.52267	0.73861
-0.33669	1.7169
1.1688	0.1653
0.93817	-1.3693
1.1428	-0.30196
0.73255	-0.16065
1.1309	-2.2632
-0.12035	2.2696
-1.3808	-0.362
-0.52892	-2.5305
-0.25609	0.53365
-0.66292	-0.27274
-0.63669	-0.58048
-0.18015	0.49906
-0.18937	0.4013
-0.2868	-1.4436
-1.2034	-0.78186
0.82009	-0.60614
0.72651	0.77791
0.44517	-0.57629
-0.3239	-2.358
0.51294	0.56474
0.24974	-1.6948
-1.1088	-0.88829
-0.59892	-0.2397
0.71291	-0.52379
-0.48119	0.41645
-1.8783	-0.87065
-1.5042	0.96691
0.34801	-0.40426
0.3495	0.62535
1.1557	-0.37419
-0.023741	0.52475
-1.0695	1.3199
1.0455	-0.25015
0.67539	-1.4078
-0.47997	1.1655
0.24103	-2.397
0.43727	0.83609
0.13607	0.8829
-1.5205	0.26141
-0.87401	-0.63979
0.83393	-0.70092
-1.0097	-1.148
-0.24464	-1.0935
-0.21662	1.2808
0.40678	-1.209
1.3306	-2.1274
-0.51294	0.20285
-1.8731	-0.38604
-0.72372	0.93804
-0.59671	0.31803
-1.0879	0.47537
0.17384	1.1683
-0.63429	1.1521
-0.58691	-0.16305
-0.77711	-0.76874
1.6239	-0.38635
0.41889	0.72527
0.19337	0.099687
0.034183	-1.3232
-0.80478	-1.4145
0.29069	-0.55254
1.5891	-2.4749
-0.58105	-1.117
-0.033486	-1.0589
1.5671	0.36659
-0.087629	-0.83657
-0.68429	1.678
-0.2758	-0.16794
1.5715	-0.44322
0.42783	-0.34096
-0.12151	0.38491
-0.32277	0.26522
0.045931	-1.0688
-1.3768	1.201
-0.55981	-0.12553
-0.61014	-1.9332
0.44952	0.53066
0.1247	1.2527
0.41507	1.9319
-1.7209	-2.1265
-1.262	0.51107
-1.526	0.72495
-0.36888	0.72415
0.1083	-0.53648
-0.16251	-0.45082
1.3148	0.23852
-2.4099	-0.76925
2.8176	0.58692
-0.39697	-0.55871
-0.27308	-0.12827
0.47978	-0.43286
0.00032112	-1.7019
1.6164	2.154
1.1149	0.39012
-0.23583	-0.2095
-0.1953	-0.96113
-0.15727	-2.1721
-2.2475	-1.3206
0.82993	-2.4674
-1.6789	1.2025
-1.2868	1.2511
0.33415	-0.29608
-0.79408	0.46076
1.8632	-0.69265
-0.58092	-1.3522
-0.29157	0.90369
-1.2647	0.07148
0.33096	0.39661
-0.29175	1.3512
-0.10911	1.0856
2.0673	-0.18268
0.77761	-1.6777
0.91384	0.59848
-0.47006	-2.6043
1.8666	-0.74714
-0.38881	-1.1539
-0.4446	-1.2616
-0.86553	-0.46126
0.99986	0.031934
1.8906	0.7182
0.31545	-1.199
-0.72452	-1.0862
-0.40566	-1.6453
-0.84485	1.9255
0.54344	-0.91323
-0.31216	-0.22054
0.66792	0.21829
1.0885	0.37137
0.0099156	-2.1488
-1.5564	0.41393
0.62883	-0.69874
-0.16725	0.31824
-0.884	0.34123
-0.68738	0.050174
-0.94491	-2.0978
0.86169	-0.22134
1.6272	0.30064
0.25914	-0.9536
0.3225	1.176
0.47812	-1.8083
0.74578	-0.90744
0.4087	0.52855
1.509	-1.2083
-0.13147	1.773
-0.81617	1.7392
-0.33473	-0.30495
-1.3231	1.635
1.2945	0.071265
-0.051281	-0.27006
-0.036287	0.37425
-0.20005	0.66587
1.0323	-1.3154
-0.45078	-0.88581
-1.0906	-0.75152
-0.27048	-0.21227
-0.69754	-0.25437
-0.76669	0.081822
-0.16432	-0.8045
-0.16117	0.026089
-0.60822	-0.065209
-0.38601	0.91478
0.11386	0.41195
2.0897	0.50203
-0.23915	-1.5757
0.28322	0.036282
0.34448	0.20585
-0.96146	-1.0408
0.34198	1.2933
1.0571	1.3495
-1.2808	0.40609
1.1088	1.4531
0.77839	0.34911
0.60015	-0.19261
-1.5249	0.52831
0.43798	-0.60192
-1.1092	-1.0783
0.17379	-0.062848
-1.9443	0.41267
-1.0375	0.80423
2.1899	0.2525
-0.3046	-0.59135
-1.3193	-0.30622
0.021004	1.259
-0.54485	2.6583
0.61687	0.56404
1.9498	-0.33252
1.4815	0.10468
0.74229	-0.3606
0.52518	1.1595
0.81109	0.024525
0.087994	-0.2854
-0.33424	1.3752
-0.90539	-0.24888
-0.56722	1.0199
-1.4869	-1.1078
-0.24151	-1.4392
1.4255	-0.43529
1.2108	-0.32894
-0.43462	-1.8289
2.218	-0.732
-0.27971	-1.6534
-0.25496	-0.59056
-0.9004	-1.7374
1.2644	-0.14882
0.75193	0.70026
-1.2191	-0.96554
-0.89731	-1.7434
0.92025	-0.74635
2.0496	1.2955
-1.1887	0.31826
0.42502	-0.10842
1.6865	0.18276
0.21631	2.6113
-0.54102	0.86162
-0.7583	-0.23145
-0.10163	-2.423
-0.67748	-1.1639
-0.033823	2.0052
0.24806	0.85627
-0.23896	0.083436
-0.92981	-0.088219
-2.0131	1.82
-1.9047	-0.67768
-0.50797	-1.0715
-0.090942	-0.19191
0.88203	0.10569
-0.074072	-1.807
0.26678	0.37813
0.33421	-0.15436
-0.38052	0.29433
0.025731	0.77652
-1.5581	-0.80048
0.28422	-1.629
0.46554	0.40782
0.71131	0.61405
0.88902	-0.33854
0.30266	0.28418
-0.20879	-0.90036
-1.5304	-0.48365
0.99673	0.86716
0.21827	0.93208
-0.39441	0.053635
0.56905	0.84049
0.015226	2.6952
0.087041	-0.15531
0.22792	0.064306
1.1796	-0.25957
0.8784	-0.78787
0.36058	1.4963
0.23083	1.2456
-0.4479	-0.93217
0.8121	0.15238
-0.15819	-0.2534
0.86002	0.71329
0.61573	-1.2548
-0.5765	1.0511
-0.35006	0.80326
-1.331	-0.21168
0.15355	0.5897
0.83307	-0.78083
-1.0806	0.87025
0.19127	-1.2265
-2.9846	-0.12357
-0.2185	1.7835
0.81048	0.35323
0.23604	0.36129
-1.4128	-0.11167
0.39887	2.2494
-1.3377	-0.47221
1.9523	0.81917
0.81062	-1.2485
-1.6718	-0.23357
0.73504	-0.055131
-1.1541	-0.25924
0.33734	1.3698
-0.74733	-0.52715
0.12808	-0.33515
-0.35238	2.1957
-1.6881	-0.89091
1.1721	-0.45774
0.44586	-0.22908
0.612	-1.0181
1.2921	-0.057948
0.56471	1.4606
-1.4953	-0.42572
-0.37983	0.62339
0.14296	-0.85635
-0.47339	-1.6748
1.1158	0.90565
-0.94773	0.30945
-0.25714	-0.079894
-0.019954	0.2607
-0.41378	-0.80391
0.67735	1.0405
0.68138	0.53017
1.0843	0.29977
-0.19599	1.52
-0.24361	1.239
2.4706	-0.10399
-1.5901	-1.2084
0.73622	0.87911
0.60049	0.43262
0.86227	0.069013
-1.7786	-1.0737
0.19922	-1.1855
-0.21081	-0.046136
0.82966	-0.67576
0.64312	-0.56064
0.089417	-1.1439
0.23365	0.27039
-0.21483	0.94526
-0.086907	-0.69176
0.069419	-0.092212
-0.3263	0.21615
-0.71287	0.13174
-0.11302	-0.23768
1.452	-1.2277
-0.48665	-0.64395
-0.05491	-0.39415
0.86073	-1.8058
-0.586	-2.3142
0.058004	-1.3342
0.16248	-0.70401
-0.34486	0.61898
-0.1554	0.18327
-0.59636	0.74358
-2.4445	-0.47732
-2.0883	-2.6009
-1.336	0.33067
-0.34976	1.4039
0.53388	-1.9689
-1.4266	1.3925
0.63852	1.4256
-0.88359	0.93341
0.62755	-1.0764
0.7388	-1.3331
0.73387	-0.18157
1.6706	-0.18579
-0.22546	1.0038
-0.98251	0.93665
-0.30362	1.182
1.1217	-0.98411
1.7596	1.1242
-0.57459	-0.90604
1.3214	-0.88811
0.73896	1.2277
0.48251	-0.43699
-1.2747	-1.111
0.19725	-0.39469
0.08715	-0.66479
0.36864	0.69062
2.3313	-0.56267
-0.79459	0.96967
-0.33523	2.1046
-0.78229	0.8462
1.4724	-0.62828
-0.19097	-0.10326
1.8795	-1.587
0.9544	0.12369
0.92591	-0.52723
0.12288	-1.9666
1.7689	0.3413
-0.41965	-1.2697
1.612	-1.4953
-1.0923	0.1537
0.027585	1.842
-0.50246	-1.2194
-1.0487	-0.37058
1.171	-0.78311
-0.98105	0.75573
0.024296	-0.90272
-1.5206	0.18658
0.33177	0.4958
0.9014	0.027202
2.1298	-0.16239
0.03142	3.4889
0.66907	-1.4574
-0.25367	-0.9956
-0.88106	-0.65939
-0.33644	-0.99972
-0.88296	-0.19124
0.56402	0.47871
-0.1967	-0.947
-0.96979	-0.2963
0.96831	1.1314
-0.71983	-0.34297
0.19725	0.22278
1.7487	-0.50425
-0.30355	1.3863
-0.1214	0.71514
0.78747	0.57158
0.17055	-0.30379
-0.9152	0.46808
0.44523	0.50062
-0.30547	-2.4318
-1.7929	-2.2529
-0.068488	-1.0985
0.091985	-0.28845
-0.40192	-0.22167
1.3014	-0.016686
0.20137	0.52493
0.084565	2.032
-0.14125	-0.03026
-0.36784	0.59672
0.67395	-0.79708
-2.2992	-0.178
0.030994	-2.0435
-0.61718	-0.10458
-1.0136	-1.5076
-0.3184	-0.77626
-1.2779	1.646
0.62002	-2.0588
-1.3878	0.60064
0.45529	0.11519
0.1784	-0.019831
-1.5223	1.2355
-0.71236	0.70971
0.29315	1.2638
0.54265	2.2175
-0.22313	0.56974
1.6112	1.7869
-0.26502	0.16581
-0.080925	-0.53021
-0.94751	0.197
-1.8407	-0.90503
-0.080804	-0.9933
0.42122	0.43286
-1.0989	0.521
0.32595	-0.52084
-0.90693	-1.5151
1.3256	1.2771
1.3903	-0.97596
-0.18676	0.31108
0.10158	0.29574
-0.14953	-0.66457
-2.2261	0.23777
-0.28884	0.85263
0.5553	0.53481
2.4073	-0.019387
-2.0331	-0.12721
-0.51347	0.050461
-0.36662	-2.5543
-1.3201	-0.97002
0.9576	-0.96622
0.0082094	-0.87288
