-2.0402	1.0923
-2.5952	1.4557
-1.759	0.42183
-3.2043	0.97211
-2.4939	0.35069
0.52061	0.39542
3.0175	-0.15813
1.7309	1.5682
0.68009	-2.7765
-1.556	-1.4003
-2.261	0.64717
-0.97174	0.44651
1.8875	-1.3252
1.2798	0.83256
1.1588	-1.2538
0.15464	-0.97948
-0.28848	0.44479
0.27227	-0.092719
1.8755	0.60477
2.3761	1.4153
2.3836	1.6608
1.8771	-0.49795
-0.43427	0.84448
-0.36993	-0.62133
1.0232	-0.76
1.3842	0.58537
-0.50722	0.67662
-0.26986	-0.28344
-0.081652	-1.0107
-0.91404	-0.19928
-0.23713	-0.7025
0.93002	-0.92843
0.37008	1.118
-0.96009	2.1067
-0.37124	-0.57408
-0.68232	0.019152
0.15162	-0.077839
0.37555	1.9381
1.5311	0.95281
1.3647	2.4379
1.2772	-0.78739
0.57629	0.59604
-0.39541	-0.13125
0.040649	-0.34803
0.5454	-0.73464
-1.0382	0.12228
-0.5518	-0.1721
-0.39882	-2.8338
-0.4711	-0.26741
0.087566	-0.091639
0.88686	1.048
0.41213	-1.3382
1.3283	-2.5852
0.056705	-0.86696
0.99922	-0.79072
-0.11899	1.2107
0.8594	0.99185
1.7044	1.5779
0.4554	1.9977
1.1694	0.47991
-0.42026	0.54214
0.15128	-0.90121
-0.38828	-1.2797
-0.28457	-0.8095
-0.4568	-0.046269
-0.66339	-0.36753
-1.4117	0.89439
-0.54868	0.76142
-0.64109	-0.30874
-0.88074	0.55652
0.0087011	-1.3438
-0.93221	0.20054
-0.64393	-0.33186
0.37617	-1.9967
-0.5306	1.1095
1.242	-0.69614
0.71298	1.3916
0.18281	3.0678
0.13953	1.543
-0.77187	-0.9959
-1.1929	0.81329
-0.53015	-0.70641
-1.012	-0.13417
-0.40421	-0.69247
-0.54295	-0.54365
-2.0234	-1.1928
-0.39509	-1.3981
-0.85075	-1.4429
-0.9415	-1.5225
-0.61886	0.37751
-1.313	0.67287
-0.74237	-0.32091
0.23769	-0.84742
0.25595	1.3654
1.1997	0.28678
1.0754	-0.36712
0.56686	-0.41067
0.86388	-0.62356
-0.62953	-1.4569
0.5631	-1.6541
-0.80691	-0.64034
-0.30404	-0.52376
-0.87993	-1.3313
-1.7656	0.12559
-0.41029	-0.37332
-1.0476	-0.23374
-0.4563	-1.0487
-0.33931	-0.060757
-0.43265	-1.1253
-0.91754	0.90699
0.22027	-0.71973
0.65374	-0.8137
-0.34018	0.57662
1.566	-0.50968
1.2653	0.38564
0.49896	-1.2976
-0.71476	0.87499
-0.15317	-0.64054
-0.34475	-0.011242
-1.0443	-1.096
-2.0799	1.0574
-0.91319	0.32772
-0.84791	-0.65119
-1.0256	0.21795
-0.63158	0.62747
-1.3195	0.33745
-0.36983	-0.9925
0.29048	-0.63112
-0.092264	0.53457
0.3852	0.11091
0.63033	-0.13334
1.5173	0.064126
1.9732	0.86763
1.5118	2.0939
-0.072472	1.7701
-0.08499	0.52504
1.0724	-1.6189
-0.84702	-0.53317
0.51675	-0.006636
-0.26331	-0.90145
-0.63144	-0.015113
0.086362	-1.5077
-0.93294	-0.19683
-0.37834	-0.57132
0.50221	0.060729
-0.77959	1.5215
-0.29739	1.1105
0.99036	-0.87415
0.19543	0.62828
0.020951	2.5573
2.2714	-0.11268
1.7721	1.4173
1.8715	0.87547
2.173	0.96226
0.75593	0.25734
-0.42315	1.0399
-0.16281	0.52905
0.71913	-1.0039
-0.81437	-0.22295
-0.73128	0.1715
-0.88255	0.4619
-0.064018	-0.51916
-0.77252	-0.71582
-1.9467	0.38977
-0.52499	-1.3456
-0.99707	0.54279
-0.76606	2.569
0.27232	0.77317
0.43454	-0.83685
-0.47739	1.5013
0.70756	2.0544
0.74712	0.59226
0.59464	1.2544
0.62488	-0.57943
-0.14233	1.5502
0.18448	-0.96556
-0.85394	-0.066289
-0.036036	-0.073697
-0.074708	0.68883
-0.17725	1.0604
0.041138	0.69444
-0.71403	-0.20548
-0.51335	0.62089
0.22963	-1.4498
-0.45972	-0.032213
0.47125	-0.88958
0.7583	-0.19111
0.97409	0.47426
0.99512	0.028763
0.81682	1.2202
0.64054	-0.072107
1.1336	-0.43256
-0.44329	-0.0015106
-0.21631	-1.5684
-0.69345	-0.14989
-0.23976	-1.0038
-0.65376	-0.39623
-0.026092	0.30294
-0.2911	-0.81785
0.20922	0.36519
-1.8141	0.72952
-2.8005	1.7405
-1.9198	0.32575
-3.5028	1.0462
-2.0015	0.63117
0.43033	0.31037
2.7374	-0.011207
1.5865	1.9749
0.99185	-2.381
-1.568	-1.2432
-2.4484	0.70416
-0.67775	0.58115
1.9572	-1.3132
1.0626	0.75595
1.248	-1.4675
0.14661	-1.0524
0.13107	0.57988
0.085827	-0.31228
2.2085	0.91486
2.1399	1.4558
2.4737	1.7195
1.8265	-0.65022
-0.50076	0.98587
-0.060468	-0.66402
0.94364	-1.0602
1.2224	0.86562
-0.45339	0.59963
0.40954	-0.10639
-0.43332	-0.98703
-1.1208	-0.3008
-0.25482	-0.66338
1.4691	-0.79752
-0.246	0.8764
-1.0778	2.0904
-0.5456	-0.97977
-0.59581	0.072153
0.47305	0.016261
0.5668	2.1844
1.8381	1.0475
1.1905	2.5136
1.2163	-0.96662
1.1051	0.44389
-0.11457	-0.06527
-0.17251	-0.44624
0.31397	-0.88348
-0.57661	0.31273
-0.3752	-0.32055
-0.27597	-2.5245
-0.23984	-0.071006
0.39586	-0.23774
0.77997	0.9033
0.48094	-1.5693
0.64913	-2.2808
-0.010357	-1.0074
0.98081	-0.74232
-0.21151	1.307
0.84235	1.0416
1.4918	1.325
0.34979	2.053
0.989	0.55871
-0.77673	0.83
0.23158	-1.2896
-0.51292	-0.98019
-0.063616	-1.0472
-0.26268	-0.03391
-0.080314	-0.30143
-1.6771	0.71712
-0.86096	1.0855
-0.59128	-0.49462
-0.80964	0.62895
-0.16182	-1.5888
-0.77537	0.28361
-0.30886	-0.18549
0.50045	-1.5327
-0.020711	1.0944
1.6581	-0.49704
0.67062	0.43058
0.077836	3.1884
0.16602	1.6863
-0.47991	-1.2003
-1.3631	0.67042
-1.0618	-0.98425
-0.61539	-0.53655
-0.98981	-0.74357
-0.77472	-0.73118
-1.4468	-1.5447
-0.39529	-1.5645
-0.62295	-1.3123
-0.26373	-1.3886
-0.63264	0.53287
-1.5642	0.48531
-0.96716	-0.50852
0.69339	-0.85836
0.42252	1.278
0.84306	-0.052811
1.4015	-0.50257
0.89025	-0.21255
1.1916	-0.82645
-0.47099	-1.684
0.68622	-1.5353
-0.90008	-0.70118
-0.39215	-0.6134
-0.73135	-1.0769
-1.5692	-0.19441
-0.77148	-0.62504
-1.0373	-0.046666
-0.17615	-1.2845
-0.63597	-0.056188
-0.1741	-1.3249
-0.97383	0.74987
0.3615	-0.80664
0.45931	-0.81054
-0.50529	0.91253
1.6159	-0.5719
1.3533	0.8113
1.0122	-1.3955
-0.85338	0.7584
-0.41637	-0.69338
-0.71769	-0.13501
-0.92216	-1.0913
-1.8392	1.0345
-1.0227	0.11472
-0.75057	-0.83002
-0.94267	0.33815
-0.49816	0.42833
-1.2554	0.49167
0.1169	-0.96918
0.40686	-0.86977
0.0028798	0.46038
0.38016	0.47898
0.30751	-0.085003
1.3287	0.50771
2.1612	0.56267
1.7288	1.6413
-0.041506	1.6663
-0.43105	0.72278
0.75296	-1.5108
-0.47371	-0.42897
0.90686	0.36891
-0.15424	-0.58394
-0.97774	-0.14053
0.31852	-1.1031
-0.97888	-0.45317
-0.50794	-0.23948
0.4029	0.21794
-0.65073	1.8419
-0.60079	1.3341
1.0034	-0.99411
-0.052191	0.39239
0.0071349	2.2995
2.0017	0.15034
1.7057	1.2271
1.7568	0.6012
1.7466	0.92334
0.55929	-0.14978
-0.38986	0.89064
-0.12473	0.56408
0.37883	-1.3731
-0.44253	-0.15835
-0.76622	0.22514
-1.3331	0.1085
0.073996	-0.83927
-0.47174	-0.36946
-1.457	0.369
-1.0092	-0.95869
-1.2226	0.53428
-0.61789	2.3145
-0.023183	0.81315
0.66745	-0.96581
-0.32822	1.5745
1.1864	1.6092
0.64787	0.45522
0.31972	1.0531
0.90713	-0.357
-0.2508	1.6935
0.29792	-0.9093
-0.89726	0.032137
-0.41852	-0.25216
-0.069147	0.2664
-0.53359	0.72938
-0.022594	0.44521
-0.38059	-0.2888
-0.59387	0.066962
0.37009	-1.3612
-0.51291	-0.172
0.93188	-0.70925
1.1566	-0.35437
1.0294	0.28414
0.65348	-0.073297
0.6209	1.3518
1.247	-0.024529
1.2706	-0.17865
-0.16357	-0.053758
-0.83967	-1.6984
-0.79803	-0.227
0.095087	-0.93311
-0.87309	-0.080123
0.014182	-0.1486
-0.34967	-0.48599
0.14357	0.11952
-2.1157	0.44303
-2.3806	1.458
-1.9032	0.44522
-3.2024	1.0231
-2.2721	0.31398
0.22946	0.24551
2.9116	0.026863
1.7373	1.7201
0.65006	-2.2652
-1.6353	-1.2065
-2.4548	1.0688
-0.85913	0.71578
2.0297	-1.6182
0.7279	0.82277
1.1998	-1.3643
-0.028658	-1.0417
-0.1605	0.74393
0.018984	-0.058164
2.0451	0.588
2.4291	1.7651
2.307	1.6556
1.7938	-0.75195
0.012654	0.82939
-0.47063	-0.90335
1.0987	-0.99486
1.3953	0.77435
-0.35022	0.53722
0.030918	-0.077966
-0.27701	-0.98773
-0.87923	-0.026375
-0.21599	-0.45715
1.382	-1.0232
-0.39761	0.66045
-1.224	2.2306
-0.51026	-0.46496
-0.24414	-0.05223
0.48653	-0.13723
0.41982	1.6703
1.8274	0.96585
1.2246	2.7529
1.3454	-0.571
0.83991	0.17223
-0.40518	0.40411
-0.0099764	-0.30603
0.35407	-0.85351
-0.66066	0.096731
-0.30998	-0.40757
-0.143	-2.3134
-0.084237	0.030715
0.13909	-0.23914
0.72848	0.76549
0.70814	-1.2653
1.2825	-2.4027
-0.26527	-0.9363
1.132	-0.65664
0.028003	1.4306
0.99965	0.81682
1.1845	1.6118
0.63585	2.0352
0.91573	0.89587
-0.52204	0.58862
0.29161	-1.2193
-0.68203	-1.2013
-0.2535	-0.73422
-0.45177	0.0134
-0.26882	-0.20069
-1.3297	0.52006
-0.77048	0.89118
-0.40253	-0.55164
-0.97536	0.45394
-0.20258	-1.5826
-0.73617	0.16189
-0.32473	-0.28019
0.61442	-2.1097
-0.040406	0.8592
1.1226	-0.45025
0.5992	0.57903
0.46547	2.9321
-0.3406	1.3413
-0.3253	-1.0643
-1.0186	0.92006
-0.47867	-0.807
-0.87777	-0.081948
-0.25104	-0.60098
-0.41088	-0.77232
-1.731	-1.1982
-0.1067	-1.5243
-0.79724	-1.2457
-0.64975	-0.94689
-0.56235	0.82065
-1.4201	0.32695
-0.87388	-0.77128
0.41938	-0.96588
0.54557	1.3127
1.0429	0.25184
1.506	-0.47508
0.80315	-0.35921
0.89618	-0.93816
-0.81726	-1.5913
0.79474	-1.6498
-1.295	-0.42808
-0.39276	-0.59097
-0.75299	-1.3282
-1.285	-0.019741
-0.51556	-0.43058
-1.0458	-0.1491
-0.53521	-0.99301
-0.54479	0.11991
-0.16291	-1.3004
-1.215	0.3224
0.2112	-0.84392
0.25218	-0.91145
-0.50569	0.89495
1.6464	-0.78113
1.4852	0.71762
0.91267	-1.3301
-0.7324	0.70432
-0.33855	-0.56854
-0.55102	-0.23173
-0.90928	-1.4139
-2.0046	0.94479
-0.9991	0.2618
-1.0513	-0.66117
-0.94053	0.17479
-0.69821	0.52202
-1.171	0.42039
-0.0081463	-0.80909
0.4812	-0.66419
-0.46258	0.66118
0.096405	-0.070332
0.53532	0.22642
1.3377	0.29302
2.0595	0.88186
1.7365	1.7724
-0.18376	1.6158
-0.74161	0.64654
0.74789	-1.4613
-1.0406	-0.76418
0.54327	0.053399
-0.15991	-0.58087
-0.92539	-0.117
0.21043	-1.5582
-1.1899	-0.14655
-0.59536	-0.72639
0.54002	0.017192
-0.69902	1.8893
-0.30029	1.1931
0.76066	-0.89758
0.20108	0.5044
-0.17828	2.1271
1.9389	-0.18422
1.9416	0.99527
1.6854	0.89318
1.508	0.95172
0.77969	-0.049794
-0.32432	1.2396
-0.030375	0.11347
0.55836	-1.3176
-0.6451	-0.34599
-0.65571	0.18783
-1.3293	0.74807
-0.06041	-0.61874
-0.2638	-0.2963
-2.1576	0.13236
-0.95489	-1.2447
-0.92113	0.59513
-0.68701	2.2628
-0.078636	0.87337
0.35602	-0.88063
-0.32356	1.446
1.0038	1.7757
0.75488	0.43579
0.21862	0.88995
0.66707	-0.56076
-0.14547	1.8784
0.5302	-0.70343
-1.0435	-0.60151
-0.35003	-0.22402
-0.23513	0.30561
-0.85148	0.84664
-0.0049272	0.33229
-0.48622	-0.014155
-0.4589	0.029928
0.51349	-1.4452
-0.51858	-0.19501
0.87104	-0.6877
0.80741	-0.42198
1.0188	0.35691
0.53591	0.018625
0.36464	1.0568
0.47329	-0.056676
1.3204	-0.40895
-0.25174	0.28825
-0.29521	-1.494
-0.81708	-0.128
-0.025439	-1.2973
-0.78112	0.16732
-0.36757	-0.09003
0.19501	-0.89056
0.3854	0.23817
-2.3538	0.56556
-2.4653	1.1306
-2.1513	0.48645
-3.1254	0.88039
-2.4618	0.33491
0.52978	0.21725
2.9061	-0.37688
1.7419	1.967
0.63369	-2.553
-1.512	-0.84342
-2.3081	0.45137
-0.90139	0.0041537
2.0431	-1.2726
1.1399	0.42914
1.1899	-1.1126
0.20379	-0.85245
-0.18486	0.41788
0.061856	-0.34188
2.1901	0.5425
2.1579	1.1039
2.3101	1.3837
1.8889	-0.30138
-0.29523	1.1746
-0.11127	-0.30707
1.2202	-1.1809
1.2435	0.61806
-0.32138	0.79224
0.0041924	-0.1234
-0.20864	-0.92018
-1.0647	0.046614
-0.20171	-0.56996
1.2355	-1.1056
-0.2362	0.98755
-1.5444	1.8864
-0.26734	-1.0049
-0.40108	0.22829
0.53715	-0.17672
0.3598	1.9428
1.6383	0.99297
1.0693	2.6651
1.4187	-0.74861
0.85437	0.13012
-0.57395	0.26323
0.2551	-0.23536
0.48919	-0.77565
-1.287	0.37582
-0.097898	-0.12122
-0.13195	-2.287
-0.56774	-0.010815
0.23475	0.076313
0.99096	1.186
0.39541	-1.6342
0.94888	-2.2754
-0.063454	-1.0287
0.92505	-0.46521
-0.17026	1.1485
1.0445	1.0984
1.462	1.4556
0.1875	1.778
1.2645	0.60992
-0.41315	0.53676
0.020674	-1.2233
-0.47883	-0.92699
-0.37037	-0.7369
0.25824	-0.46723
-0.57292	-0.37771
-1.3178	0.67482
-0.79366	0.91634
-0.40133	-0.45179
-0.44942	0.6611
-0.058486	-1.3373
-0.73068	0.29338
-0.22741	-0.44968
0.24466	-1.6678
-0.17102	1.0813
1.3069	-0.59525
0.89689	1.0762
0.37105	2.8966
-0.34866	1.5304
-0.4111	-1.0904
-1.2978	1.0034
-0.49811	-0.90548
-0.71799	-0.52985
-0.73426	-0.52514
-0.59577	-0.55272
-1.6961	-1.3554
-0.22804	-1.6194
-0.86013	-1.6001
-0.63521	-1.365
-0.6772	0.57226
-1.1213	0.20087
-0.77527	-0.35813
0.16088	-0.58774
0.21165	1.1178
0.85438	0.55057
1.3456	-0.28347
0.63555	-0.14285
1.004	-0.74082
-1.018	-1.7337
0.063309	-1.585
-0.78236	-0.88745
-0.3785	-0.5419
-1.0598	-1.2459
-1.6408	0.088575
-0.97321	-0.59557
-1.1771	-0.50928
-0.099077	-0.94721
-0.8345	-0.081127
0.075308	-1.2077
-0.70601	0.78741
0.41455	-0.75242
0.5067	-1.0472
-0.30684	0.53723
1.63	-0.94528
1.7588	0.37269
1.1875	-1.4316
-0.62872	0.88427
-0.4361	-1.1238
-0.1978	-0.36953
-0.78889	-1.5092
-1.9484	0.75338
-0.93704	0.055395
-1.1407	-0.49486
-1.2237	0.082349
-0.86353	0.57026
-1.0961	0.30599
0.035668	-1.1744
0.62024	-0.53613
-0.50909	0.5189
0.21945	0.16815
0.23855	-0.076977
1.2933	0.38764
1.9428	0.80154
1.6448	1.5994
0.062921	1.5229
-0.092224	0.99664
0.73326	-1.5507
-0.55939	-0.64778
0.98468	0.46796
-0.15702	-0.83592
-0.85867	-0.050271
0.029363	-1.7672
-1.1667	0.10077
-0.30248	-0.49247
0.37885	0.088767
-0.50464	2.0917
-0.41187	1.3238
1.0969	-0.62981
0.2917	0.44839
-0.14995	2.4696
2.218	-0.10654
2.1093	1.322
1.6323	0.81426
1.8409	0.93668
0.39264	0.029323
-0.73077	1.1256
-0.20229	0.29958
0.80947	-1.5804
-0.62196	-0.3566
-0.44113	0.055029
-1.1691	0.26103
-0.30956	-0.76985
-0.9239	0.319
-1.7549	0.53397
-0.9873	-1.1555
-1.261	0.55086
-0.40918	2.3395
0.0034209	0.89555
0.69868	-0.6076
-0.57661	1.2564
1.2224	2.173
0.46862	0.40095
0.56279	0.91923
0.79834	-0.85111
-0.079553	2.0399
0.12413	-0.8301
-1.1138	-0.33919
-0.41374	-0.081797
-0.055875	0.49126
-0.46766	0.93642
0.1003	0.54247
-0.1221	-0.30624
-0.53305	0.10255
0.41878	-1.2127
-0.61292	0.092815
1.1034	-0.8744
1.0366	-0.28704
1.1212	0.44611
1.212	0.046978
0.36155	1.2865
0.77677	-0.18828
1.45	-0.88498
-0.39171	-0.03032
-0.38935	-1.5836
-0.59052	-0.27211
-0.12451	-1.1155
-0.8	-0.53321
-0.066214	-0.15789
-0.2482	-0.95734
0.084303	-0.025425
-1.8439	0.81157
-2.7454	1.6972
-2.1123	0.30209
-3.1517	1.2746
-2.4971	0.174
0.75619	0.20778
2.9827	-0.20716
1.6255	1.585
0.57241	-2.2631
-1.1968	-0.83507
-2.2803	0.71055
-0.94447	0.37575
2.3073	-1.1164
0.77575	0.55116
1.207	-1.0525
0.091929	-1.1748
-0.076095	0.35799
0.30879	-0.43407
1.7938	0.42375
2.3669	1.3935
2.3693	1.7908
1.5323	-0.25872
-0.20235	1.1248
-0.0013937	-0.71986
1.1595	-1.1338
1.4592	0.57204
-0.30631	0.64889
0.003474	-0.27806
-0.22483	-1.0326
-1.0398	-0.37564
-0.36509	-0.74543
1.1784	-0.67758
-0.39604	0.79687
-1.2181	1.9383
-0.27738	-0.52707
0.0029149	0.26811
0.30473	-0.056047
0.25787	1.7193
1.8313	0.87362
1.189	2.7636
1.5026	-0.91219
0.53422	0.038386
-0.42532	0.11581
-0.099425	-0.28573
0.47358	-0.59487
-0.99013	0.22122
-0.44023	-0.20644
-0.27955	-2.4413
-0.37899	-0.17949
0.18897	-0.22661
0.55885	0.84529
0.49912	-1.5167
1.0779	-2.3573
-0.12559	-1.121
0.83992	-0.69825
-0.14066	1.6804
0.92075	0.9366
1.3355	1.6621
0.40292	1.9317
1.2564	0.41915
-0.77301	0.56553
0.25047	-1.1355
-0.27563	-1.4284
-0.42494	-0.6393
-0.40879	0.0011429
-0.39506	-0.18549
-1.4745	0.66161
-1.1024	1.145
-0.3193	-0.44886
-0.70015	0.54238
-0.18263	-1.1435
-0.67253	0.28487
0.16373	-0.59043
0.50816	-1.8599
-0.32695	1.211
1.3205	-0.50616
0.71683	0.81898
0.23888	2.9064
0.38475	1.4297
-0.59327	-1.1661
-1.006	0.85117
-0.47301	-0.75086
-0.83862	-0.18844
-0.58156	-0.53641
-0.73448	-0.65559
-1.5522	-1.2887
-0.15915	-1.6748
-0.65846	-1.3824
-0.38294	-1.4322
-0.71658	0.6058
-1.4011	0.40645
-0.63098	-0.24685
0.44632	-0.85138
0.35908	1.367
1.406	0.36034
1.1711	-0.40577
0.69556	-0.25375
0.94224	-0.81832
-0.94723	-1.6049
0.61388	-1.8863
-0.57098	-0.57337
-0.47867	-0.54271
-0.81308	-0.98387
-1.5151	0.030398
-0.82999	-0.67723
-1.0265	-0.12606
-0.12405	-1.0765
-0.071104	-0.15559
0.19118	-1.4655
-1.0663	0.73351
0.13251	-0.6741
0.5253	-0.45516
-0.33167	0.5584
1.4534	-0.89345
1.3876	0.42078
0.73586	-1.2588
-0.63465	0.79429
-0.40533	-0.49453
-0.36484	-0.3248
-1.3005	-1.056
-1.6828	1.3367
-1.0323	0.23854
-0.77749	-0.65672
-0.73113	0.46471
-0.70675	0.45493
-1.0645	0.3809
0.46881	-0.89036
0.081672	-1.0231
-0.10734	0.36522
0.2879	-0.36483
0.39854	-0.10661
1.6715	-0.28366
1.8844	0.78234
1.6579	1.7666
0.11299	2.2451
-0.45547	0.72365
0.62606	-1.29
-0.66205	-0.82981
0.59613	0.40934
-0.13463	-0.65734
-0.72731	-0.066991
0.21616	-1.1755
-0.97098	-0.19901
-0.51298	-0.49431
0.29983	-0.046694
-0.71504	1.7368
-0.3408	1.15
1.1639	-0.91096
0.11014	0.085676
-0.3661	2.3011
1.8267	-0.24736
1.841	1.2592
2.0149	0.77946
1.6162	0.81614
0.43911	0.52029
-0.056603	1.008
0.093279	0.63245
0.34543	-1.4947
-0.60884	-0.43236
-0.66138	0.058022
-1.2573	0.45722
-0.086838	-0.82879
-0.55256	-0.43826
-1.6686	0.41633
-0.65629	-0.76265
-1.1494	0.45317
-0.46985	2.5412
-0.17962	0.70714
0.45606	-1.032
-0.25882	1.2506
0.7039	1.6607
0.54024	0.7411
0.32245	1.2159
0.98994	-0.93394
0.008787	1.8664
0.23325	-0.82404
-1.3111	-0.42653
-0.29146	-0.4349
-0.037241	0.65939
-0.67228	0.73815
0.078124	0.25044
-0.66478	-0.53037
-0.63265	0.28984
0.3231	-1.4789
-0.38728	-0.45778
0.69761	-1.085
0.77965	-0.12952
0.97046	0.32974
0.9171	0.077452
0.69715	1.133
0.80268	0.028311
0.9849	-0.415
-0.28939	0.045675
-0.5472	-1.3895
-0.88373	-0.32482
-0.3267	-0.61765
-0.84545	-0.23975
0.044384	-0.18625
-0.09544	-0.79894
0.49854	0.49276
-2.1457	0.56904
-2.4962	1.5247
-1.8004	0.40331
-3.3647	1.0395
-2.4634	0.40058
0.21882	0.28925
2.7103	-0.10713
1.8524	1.7059
0.33002	-2.6165
-1.393	-1.1483
-2.2268	0.77327
-0.83327	0.58361
2.0368	-1.4459
0.85939	0.69289
1.1985	-1.1308
0.39651	-0.94292
-0.15742	0.59303
0.20676	0.097342
2.2538	0.86496
2.4432	1.3214
2.3104	1.4288
1.8272	-0.11644
-0.32007	0.50047
-0.51079	-0.42988
1.1138	-1.1554
1.1062	0.67959
-0.16914	0.75624
0.11941	-0.14378
-0.39235	-0.99077
-1.364	-0.0041002
-0.23124	-0.43989
1.2135	-1.1163
-0.065081	0.74235
-1.2404	2.0678
-0.2873	-0.64718
-0.22856	0.054893
0.80431	-0.15539
0.79192	1.9574
1.7264	1.0704
1.36	2.5614
1.3033	-0.48112
0.92267	0.37129
-0.99693	-0.14006
-0.027757	-0.35641
0.38177	-0.90407
-1.0242	0.082477
-0.59947	-0.41233
-0.12237	-2.462
-0.032838	0.0088207
0.50334	-0.11783
0.77302	0.94319
0.72626	-1.4064
0.83155	-2.4866
-0.2268	-1.1203
0.87658	-0.58884
-0.38828	1.254
1.1751	0.83722
1.3841	1.5354
0.23969	2.0904
0.86919	0.64768
-0.58322	0.40941
0.27684	-1.0394
-0.55912	-1.0487
-0.40243	-0.79442
-0.33324	0.20494
-0.32222	-0.13747
-1.39	0.70818
-0.75919	1.0535
-0.38205	-0.31375
-1.0131	0.51806
-0.13999	-1.3003
-1.03	0.0061669
-0.48058	-0.61643
0.44948	-1.9831
-0.022824	1.0531
1.0605	-0.69961
0.67717	1.0016
0.39909	2.884
0.23917	1.7368
-0.40133	-0.73422
-1.1223	0.93793
-0.71669	-0.78604
-0.91278	-0.45825
-0.50619	-0.53082
-0.0093018	-0.54281
-2.0283	-1.3422
-0.23474	-1.5278
-0.7116	-1.2351
-0.44165	-1.2223
-0.60338	0.35923
-1.332	0.7495
-1.0175	-0.48441
0.41118	-0.79684
0.60437	1.1739
1.0826	0.27324
1.6159	-0.45852
0.92603	-0.3774
0.7886	-0.97664
-0.49576	-1.6589
0.50498	-1.5615
-0.67644	-0.91197
-0.63457	-0.54608
-0.92603	-1.4059
-1.177	0.044769
-0.57371	-0.58047
-0.80815	-0.29599
-0.24706	-1.0092
-0.62927	-0.082939
0.21305	-1.2989
-1.2709	0.48916
0.41409	-1.3411
0.17573	-1.1496
-0.42465	0.60004
1.5307	-0.58321
1.514	0.30123
0.85949	-1.3448
-0.85166	1.0394
-0.62571	-1.0107
-0.572	-0.33707
-0.79529	-1.5077
-2.0776	0.92864
-0.86492	0.26751
-1.1628	-0.62351
-0.80024	0.029149
-0.65879	0.59933
-1.409	0.20162
0.34056	-0.59469
0.43177	-0.73304
-0.51059	0.72778
0.4617	0.46587
0.40556	0.28306
1.5671	0.263
2.0453	0.75343
1.7059	1.5563
-0.12906	1.603
-0.16843	0.80032
0.84671	-1.7339
-0.55766	-0.53072
0.77299	0.017397
-0.14241	-0.40746
-0.77192	0.048894
-0.19828	-1.1378
-1.1982	-0.26269
-0.59706	-0.62286
0.6487	-0.20215
-0.53645	1.5698
-0.241	1.2118
0.90128	-0.84306
0.4871	0.4878
-0.060092	2.338
2.0643	-0.20312
1.9479	1.193
1.7055	0.83661
1.6574	0.66503
0.69293	0.054533
-0.30949	1.3319
-0.2894	0.41042
0.69086	-1.3774
-0.65522	-0.42021
-0.69119	0.14853
-0.93182	0.52513
-0.11033	-0.5443
-0.41531	-0.59532
-1.8796	0.43779
-0.57167	-1.0863
-1.6826	0.63155
-0.3673	2.2692
-0.027779	0.67585
0.62761	-0.90648
-0.44957	1.5311
0.84568	1.9396
0.91286	0.39581
0.47044	1.148
0.95236	-0.69975
0.17902	1.7174
0.64894	-0.8055
-0.85551	-0.67144
-0.39961	-0.32536
-0.31946	0.65645
-0.67503	0.68359
-0.052194	0.30647
-0.55812	-0.43225
-0.90554	0.0085065
0.82941	-1.3121
-0.64081	-0.27298
0.97037	-0.82661
1.2913	-0.15414
1.1065	0.14995
1.0842	0.081748
0.87431	1.1813
0.66577	0.18739
1.1611	-0.30599
-0.18003	-0.036253
-0.63553	-1.2383
-0.71222	-0.0093775
-0.066344	-0.98582
-1.0813	-0.041474
-0.48737	-0.13633
-0.30496	-0.89636
0.0034572	0.027633
-2.0398	0.59884
-2.5478	1.1529
-2.0042	0.48775
-3.0528	1.1853
-2.1248	0.54259
0.53738	0.1677
2.9008	-0.3119
1.4674	1.8628
0.9098	-2.3721
-1.426	-1.3397
-2.4044	1.0261
-0.7912	0.79654
1.8066	-1.1216
1.0631	0.8775
1.533	-1.4456
0.15324	-1.0261
-0.15818	0.5326
0.21835	-0.18749
2.0294	0.43894
2.5071	1.5716
2.2673	1.4157
1.7521	-0.41394
-0.76817	1.2022
-0.49832	-0.70187
1.266	-1.3025
1.4104	0.48679
-0.33646	0.77454
0.23575	-0.094646
-0.4581	-0.95249
-0.93385	-0.47268
0.083734	-0.65183
1.3424	-0.95478
-0.29994	0.61042
-1.3761	2.0405
-0.65186	-0.59156
-0.21121	0.14527
0.068978	-0.014122
0.50986	1.6768
1.5388	0.95345
1.4662	2.9391
1.4144	-0.28821
0.757	0.26749
-0.4155	-0.019271
-0.056952	-0.3414
0.39922	-0.86559
-0.92343	0.25569
-0.3189	-0.45605
-0.45814	-2.5883
-0.21996	-0.21325
-0.033032	-0.11348
0.89246	1.023
0.4004	-1.8157
0.96992	-2.6542
0.061886	-0.97682
0.6503	-0.85738
0.15523	1.7678
0.73493	0.99515
1.4474	1.2505
0.23138	1.9047
1.2459	0.66777
-0.57153	0.54949
-0.05495	-1.0152
-0.49287	-1.077
-0.14988	-0.85148
-0.26274	0.21834
-0.027963	-0.37448
-1.8401	0.55523
-0.65002	0.86975
-1.0698	-0.63076
-0.88345	0.53669
-0.10324	-1.5939
-0.75875	0.17932
-0.0259	-0.31255
0.51689	-1.9443
-0.12762	1.4273
1.3853	-0.74308
0.58862	1.228
0.20009	2.9233
0.078118	1.2664
-0.33989	-1.2065
-1.3864	0.80765
-0.52679	-0.82097
-0.95219	-0.21883
-0.50465	-0.64628
-0.35862	-0.86585
-1.6254	-1.3855
-0.78773	-1.6965
-0.94446	-1.0982
-0.40788	-1.3794
-0.88966	0.73723
-1.2978	0.42963
-1.0123	-0.39145
0.44059	-0.88846
0.3883	1.6002
0.75709	0.11985
1.2112	-0.53997
1.1675	-0.43145
1.0798	-0.93328
-0.91228	-1.8451
0.67228	-1.7372
-0.97089	-0.75528
-0.65867	-0.57186
-0.89736	-1.1514
-1.6882	-0.091193
-0.74675	-0.53794
-0.99604	0.065831
-0.38071	-0.88247
-0.50361	-0.064523
0.11681	-1.1726
-1.1347	0.6682
0.562	-1.0305
0.7188	-0.67016
-0.16115	0.33542
1.8771	-0.75229
1.2316	0.59204
0.80552	-1.0043
-0.81826	1.1047
0.082825	-0.69128
-0.83861	-0.21867
-1.4626	-1.2367
-2.1508	0.89977
-1.2842	0.50116
-1.014	-0.71754
-0.75251	0.20498
-0.84725	0.70872
-1.1334	0.032264
0.18113	-0.85637
0.32217	-0.83115
0.1002	0.44453
0.19013	0.099412
0.4337	-0.014307
1.5264	-0.018741
2.3424	0.72723
1.6217	1.876
0.08353	1.7668
-0.1866	0.62135
0.60017	-1.4841
-0.74702	-0.5332
0.84375	0.29894
-0.31711	-0.79886
-0.72307	-0.61633
-0.0049228	-1.6204
-1.3969	-0.047997
-0.50109	-0.34529
0.25653	-0.14725
-0.97023	1.9131
-0.037082	1.3265
1.0468	-1.2796
-0.039583	0.64321
0.19788	2.1291
2.1011	-0.20718
1.7269	1.4715
1.7382	0.71443
2.1204	0.95335
0.54008	0.043524
-0.27401	1.1401
-0.29892	0.39508
0.44517	-1.4108
-0.71523	-0.049889
-0.59176	0.10349
-0.66913	0.42665
-0.13052	-0.74311
-0.60387	-0.6152
-1.8704	0.36737
-0.97036	-1.2735
-1.1759	0.54498
-0.7808	2.4867
0.078929	1.2185
0.41945	-0.95948
-0.56541	1.4998
1.0699	1.5788
0.49158	0.282
0.33928	0.82216
0.85438	-0.92197
0.1427	1.8066
0.59101	-0.91694
-1.0712	0.0035174
0.20388	-0.30514
-0.59044	0.54542
-0.80171	1.0078
-0.12937	0.51967
-0.4347	-0.38124
-0.75844	0.18793
0.32051	-0.94566
-0.76596	-0.34305
0.80418	-0.64633
1.1219	-0.30571
1.2077	0.42764
0.8205	-0.027223
0.83669	1.541
0.5357	-0.070669
1.2548	-0.58657
-0.178	0.03745
-0.34181	-1.2232
-0.94195	-0.53577
-0.16038	-1.1866
-1.0625	-0.047255
-0.25818	-0.24502
-0.025114	-0.67764
-0.0018113	0.49396
-1.8207	0.83097
-2.6451	1.2877
-1.7358	0.14262
-3.0982	0.90277
-2.2949	0.34155
0.21647	0.05401
2.944	-0.43328
1.5841	1.5635
0.54528	-2.0465
-1.5165	-1.1237
-2.4946	0.94411
-0.80483	0.40092
1.7437	-1.4061
1.054	0.74435
1.6	-1.3684
0.12233	-0.74918
0.0039674	0.42975
0.62625	0.10825
1.9977	0.46169
2.5011	1.2424
2.2286	1.39
1.7504	-0.31126
0.091738	1.0508
-0.22324	-0.5884
1.1836	-1.0476
1.1198	0.98418
-0.58003	0.4831
-0.091991	-0.26252
-0.27777	-1.0776
-0.92726	-0.020899
-0.012132	-0.51058
1.1689	-0.98579
-0.028126	0.97057
-0.84328	2.2812
-0.59691	-0.28377
-0.29624	-0.20996
0.59279	-0.20177
0.24558	2.194
1.4508	0.90266
1.6557	2.7807
1.2509	-0.83724
0.72089	0.34448
-0.41755	0.39013
0.077779	-0.19091
0.43802	-0.66569
-1.1819	0.41973
-0.12695	-0.15582
-0.24881	-2.3343
-0.46538	-0.058021
0.47638	-0.045014
0.77282	0.66867
0.72143	-1.4754
0.97685	-2.6735
-0.23897	-1.1393
0.72698	-0.60307
0.1303	1.3427
0.59461	0.86924
1.6077	1.5312
0.001674	1.882
1.2179	0.67631
-0.65363	0.66229
0.39504	-1.4486
-0.24441	-0.89475
-0.44962	-1.0675
-0.30752	-0.25555
-0.43872	-0.064069
-1.3924	0.6374
-0.73685	1.2813
-0.24093	-0.42862
-0.62615	0.73473
0.10231	-1.4631
-0.89279	0.097275
-0.3991	-0.41489
0.31338	-2.0376
-0.22897	1.0078
1.2345	-0.71127
0.73654	1.1629
0.18	3.1319
0.16027	1.4107
-0.62741	-0.80818
-1.346	0.68042
-0.50989	-1.0881
-0.49223	-0.45158
-0.16042	-0.47196
-0.3059	-1.0314
-1.7773	-1.5706
-0.19611	-1.8546
-0.88902	-1.5606
-0.47102	-1.2556
-0.8654	0.46952
-1.3669	0.4664
-0.90773	-0.20833
0.58765	-0.74044
0.40773	1.2342
0.84757	0.21195
1.4092	-0.45532
1.0059	-0.48848
0.95045	-1.1119
-0.61575	-1.581
0.72341	-1.5535
-1.1641	-0.80612
-0.46134	-0.62054
-0.85586	-1.0892
-1.3836	0.12876
-0.58006	-0.74116
-1.0959	-0.10309
-0.48472	-0.94925
-0.57557	-0.41419
-0.35917	-1.4068
-1.091	0.82728
0.22695	-0.82263
0.70228	-0.73735
-0.30231	0.63387
1.5058	-0.74888
1.5615	0.38184
0.6788	-1.4819
-0.55662	0.77236
-0.60845	-0.80221
-0.64961	-0.18741
-1.1733	-1.0215
-2.1178	0.97967
-1.1915	0.27733
-1.1557	-0.78648
-0.93515	0.16538
-0.65639	0.34694
-1.2672	0.13281
-0.024967	-0.82704
0.31926	-0.85961
-0.047872	0.32128
0.46559	0.30541
0.24358	0.072035
1.5408	0.35592
2.0515	0.77363
1.6108	1.6474
0.16033	1.8177
-0.099175	0.77928
0.8863	-1.3595
-0.72727	-0.80121
0.66413	0.1669
0.35075	-0.94329
-0.88027	0.11645
0.18984	-1.7526
-1.1514	-0.11419
-0.63462	-0.092738
0.41955	0.12977
-0.81938	2.0308
-0.59643	1.2162
1.1306	-0.94425
0.27833	0.53669
-0.029076	2.2537
2.1003	-0.22601
1.9935	1.4574
1.9055	0.47283
1.6261	0.82232
0.75604	0.15064
-0.35859	1.1869
0.19028	0.37049
0.73939	-1.5633
-0.8311	-0.35255
-0.4959	0.30281
-1.0212	0.43735
-0.20392	-0.91907
-0.5754	-0.45591
-1.8592	0.23396
-0.9576	-0.85877
-1.0249	0.56412
-0.66022	2.1995
0.083052	1.1527
0.47265	-1.015
-0.51419	1.7498
1.1328	2.0641
0.78582	0.3197
0.023704	1.3061
0.5327	-0.99863
-0.13033	1.7941
0.45377	-0.76045
-1.107	-0.57499
-0.025725	0.034768
-0.31969	0.43739
-0.62301	0.97574
-0.31105	0.46022
-0.17206	-0.2569
-0.70653	0.12187
0.45555	-1.4187
-0.53481	-0.27616
0.8365	-0.65754
1.0268	-0.045617
0.7306	0.074121
0.90945	0.065214
0.41332	1.3154
0.93127	0.0076182
1.0456	-0.49864
-0.46445	-0.35812
-0.26402	-1.4955
-0.86955	-0.024794
-0.12142	-0.65008
-0.94848	-0.18006
0.01803	-0.34139
-0.44365	-0.8138
0.21829	-0.062142
-1.7151	0.8372
-2.6391	1.392
-1.7158	0.44817
-3.1655	1.2875
-2.3063	0.39725
0.86876	-0.025341
3.1484	-0.22336
1.4178	2.2842
0.83304	-2.5823
-1.5306	-0.94211
-2.6544	0.65985
-1.4355	0.89214
1.9315	-1.442
0.9144	0.50498
1.5055	-1.3239
0.026842	-0.77635
0.088232	0.47074
0.23056	-0.42387
2.1169	0.67254
2.5478	1.587
2.2317	1.436
1.8624	0.034057
-0.24597	0.83184
-0.29015	-0.45877
1.1149	-1.0178
1.181	0.70938
-0.092038	0.41264
-0.029385	-0.030448
-0.14684	-1.0085
-1.0266	-0.0028231
-0.21231	-0.50367
1.2445	-0.87001
-0.54386	1.0723
-1.2058	1.9369
-0.50609	-0.87962
-0.82965	0.092587
0.7198	-0.15653
0.58009	1.9963
1.716	0.58595
1.3129	2.622
1.5253	-0.87015
0.64734	0.53388
-0.20367	-0.040598
0.080916	-0.43379
0.57432	-0.64885
-0.82097	0.51998
-0.32633	-0.38492
-0.47453	-2.5935
-0.088944	-0.13042
0.057971	0.0014078
0.58503	1.0563
0.40147	-1.4646
0.94732	-2.424
-0.14	-1.1229
0.78071	-0.83329
-0.12086	1.4505
0.65176	1.1727
1.8928	1.2166
0.25883	1.9367
0.99697	0.52183
-0.5613	0.48935
0.089327	-1.0735
-0.29528	-1.1065
-0.30837	-0.95839
-0.081769	0.063382
-0.54729	-0.13095
-1.5927	0.55062
-0.94994	0.99925
-0.27574	-0.26195
-0.87352	0.65071
-0.075003	-1.1628
-0.64407	0.037983
-0.47479	-0.44596
0.60082	-1.9145
-0.034396	0.91742
1.3497	-0.51195
0.59866	0.81685
0.03937	3.0356
0.47494	1.4005
-0.52007	-0.67668
-1.0781	0.85901
-0.87278	-0.81367
-0.54616	-0.23963
-0.75065	-0.45172
-0.33999	-0.85464
-1.6706	-1.3878
-0.28776	-1.845
-0.67495	-1.2352
-0.72166	-1.2063
-0.51004	0.2493
-1.4227	0.2712
-0.87276	-0.61495
0.32356	-0.67721
0.41338	1.2425
1.1033	0.43705
1.2932	-0.47635
1.0656	-0.29565
0.97523	-0.33669
-0.7746	-1.5968
0.91671	-1.4982
-0.83846	-0.44378
-0.53267	-0.46279
-0.82455	-1.1066
-1.4714	0.2515
-1.2337	-0.32617
-0.72637	0.064197
-0.34714	-1.0673
-0.37996	0.10142
0.2522	-1.1445
-0.79842	0.47346
0.46154	-0.99743
0.37604	-0.90533
-0.54871	0.8644
1.7173	-0.71568
1.7249	0.32392
0.61112	-1.3617
-0.66802	0.54844
-0.22179	-0.49137
-0.94181	-0.38292
-1.0624	-1.1536
-2.1404	0.92549
-1.1791	0.38973
-1.1636	-0.93607
-0.86315	0.099636
-0.68107	0.72634
-1.4624	0.3548
-0.13156	-0.88859
0.38341	-0.52431
-0.23183	0.61274
0.16806	0.31913
0.28022	0.055574
1.5651	0.16269
1.8558	0.44601
1.4894	2.0297
-0.19858	1.4553
-0.33054	1.089
0.77407	-1.569
-0.72118	-0.51223
0.96927	0.16132
-0.17167	-0.73432
-0.77631	0.19484
0.46736	-1.0789
-0.91422	-0.13929
-0.13133	-0.37519
0.73275	-0.344
-0.60992	1.9256
-0.48974	0.9894
0.98482	-0.78644
0.15143	0.43321
-0.14537	2.2931
1.9361	0.089215
1.7694	1.042
1.8667	0.56159
1.5671	0.77902
-0.041629	0.3638
-0.47041	1.0159
0.15689	0.11834
0.26401	-1.4592
-0.60965	-0.28656
-0.76612	-0.10765
-0.94025	0.39698
-0.24795	-0.6267
-0.58259	-0.4595
-1.8817	0.64408
-0.49078	-1.1622
-1.1461	0.7751
-0.36428	1.8148
-0.25426	0.97214
0.75828	-0.93666
-0.16594	1.6204
0.92659	1.9833
0.89195	0.35953
0.068378	0.81532
0.91139	-0.56466
0.13388	1.9695
0.49985	-1.1355
-1.0825	-0.58546
-0.34113	-0.32622
-0.42006	0.58225
-0.74272	1.0111
0.11305	0.61771
-0.62654	-0.72447
-0.77263	-0.23495
0.29118	-1.4508
-0.72178	-0.27813
0.96499	-0.42638
1.2546	-0.2129
1.3073	0.025445
0.92508	-0.060917
0.64984	1.1281
0.36393	-0.29017
1.0356	-0.40059
-0.5242	0.0015834
-0.28458	-1.4921
-0.67514	-0.20915
0.011872	-0.72102
-1.2029	-0.31268
-0.23162	-0.23731
0.22844	-0.84204
0.1454	0.51462
-2.0816	0.747
-2.7539	1.5798
-1.6612	0.43274
-3.4883	1.1772
-2.4555	0.30126
0.36774	0.27914
3.2759	-0.34527
1.5521	1.8824
1.0202	-2.3083
-1.5927	-1.1632
-2.3858	0.79437
-1.1491	0.5422
2.0371	-1.2285
0.87992	0.58739
0.96896	-1.2179
0.017329	-1.345
-0.02171	0.5605
0.073951	-0.30736
2.1071	0.42351
2.4264	1.2721
2.2294	1.5562
1.9114	-0.30834
-0.006575	0.85929
-0.205	-0.68524
1.2571	-1.0512
1.1816	1.0735
-0.48906	0.61032
0.2235	-0.35175
-0.063905	-1.1896
-0.79446	0.22312
-0.44119	-1.0167
1.2305	-1.0452
-0.61965	0.96189
-1.1476	2.0934
-0.48624	-0.85657
-0.43003	0.35267
0.44033	-0.33791
0.61258	1.7769
1.4475	0.94932
1.5028	2.6145
1.0899	-0.63285
0.89019	0.53766
-0.33307	-0.061603
-0.0079127	-0.29861
0.13425	-0.44767
-0.85918	0.42438
-0.44684	-0.42486
-0.19806	-2.6669
-0.012814	0.28925
0.092525	-0.086594
0.5233	0.90987
0.7322	-1.5199
0.78873	-2.374
-0.16785	-0.83015
0.99747	-0.77863
-0.13639	1.7672
0.64283	0.95072
1.4641	1.5383
0.18357	1.9131
0.95283	0.55747
-0.71956	0.70468
0.18982	-1.1343
-0.49137	-1.2431
-0.4789	-0.45584
-0.19364	-0.17043
-0.073975	-0.072143
-1.474	0.58147
-1.0588	0.83618
-0.54149	-0.73431
-1.0411	0.55127
-0.2774	-1.4618
-0.85161	0.22454
0.026582	-0.29324
0.65123	-1.6618
-0.043577	0.94356
1.3159	-0.85044
1.0801	1.1216
0.45608	3.0971
-0.031598	1.7052
-0.55174	-1.1633
-1.22	1.0738
-0.79323	-0.66566
-0.58751	-0.13862
-0.43244	-0.60031
-0.084933	-0.71918
-1.6735	-1.4935
-0.49072	-1.4924
-0.83224	-1.4183
-0.28118	-1.3046
-0.61841	0.95086
-1.369	0.42077
-0.60094	-0.76887
0.31486	-0.8605
0.37753	1.3663
0.82408	-0.23971
1.5099	-0.34912
0.69745	-0.3025
0.87768	-1.1751
-0.74753	-1.9072
0.47739	-1.4627
-0.49818	-0.6287
-0.26457	-0.72305
-0.68781	-1.0446
-1.7238	0.030762
-0.79906	-0.3794
-1.2019	-0.10164
-0.37488	-1.2734
-0.48167	-0.15894
-0.11656	-1.6334
-0.85481	0.48165
0.22616	-0.97417
0.3649	-0.6488
-0.52148	0.49877
1.3768	-0.70094
1.5473	0.40196
0.84271	-1.2187
-0.99076	0.90579
0.0069765	-1.1108
-0.20517	-0.48564
-1.0351	-1.1661
-1.8774	0.70287
-0.91525	0.3213
-1.5012	-0.71334
-0.86128	0.04532
-0.88689	0.48439
-1.1011	0.31423
-0.31905	-0.72949
0.27649	-0.41123
-0.077011	0.57038
0.16205	0.22234
0.47611	0.0024408
1.4003	0.15153
2.233	1.1427
1.7102	1.392
0.080266	1.5928
-0.32984	0.92225
1.2262	-1.2545
-0.76864	-0.63422
0.53009	0.075565
-0.10314	-0.70798
-0.9286	-0.20199
0.44246	-1.2811
-1.3808	-0.096906
-0.57845	-0.34855
0.64055	-0.60593
-0.5832	1.7356
-0.059546	1.4024
1.3143	-0.70284
0.50934	0.64964
0.047844	2.3105
2.2324	-0.26596
1.9312	1.7024
1.6044	0.65132
1.4539	0.82285
0.89117	0.20568
-0.71757	1.2273
-0.18087	0.26413
0.30841	-1.0794
-0.84644	-0.24253
-0.88375	0.037533
-0.95993	0.73267
-0.10317	-0.56806
-0.79279	-0.32559
-2.0549	0.49122
-0.77268	-1.1183
-1.0235	0.54916
-0.50801	2.2655
0.051448	0.88365
0.60854	-0.87899
0.04358	1.2907
1.1167	1.6975
0.699	0.39367
0.30694	0.87362
0.69209	-0.71307
-0.056181	1.6109
0.10725	-0.44842
-0.93641	-0.42044
-0.09935	-0.11946
-0.12669	0.67028
-0.50071	1.0292
-0.12413	0.18971
-0.24893	-0.44917
-0.42875	-0.061888
0.41567	-1.2697
-0.46475	-0.15154
1.0337	-0.76683
0.96976	-0.33633
0.97778	-0.025922
0.89324	-0.049811
0.62614	1.1272
0.82865	0.25597
1.0924	-0.64389
-0.46134	-0.17718
-0.47176	-1.5014
-0.62863	-0.56312
-0.19059	-0.817
-1.389	-0.021687
-0.032609	-0.32805
0.051517	-0.99812
-0.0067788	0.14581
-1.8819	0.9933
-2.7626	1.3864
-2.2584	0.56216
-2.888	1.3908
-1.9283	0.28941
0.71463	-0.041208
3.0048	-0.31927
1.5442	1.7296
0.63562	-2.5483
-1.5967	-1.1338
-2.4795	0.86318
-0.8746	0.45246
1.8094	-1.3561
1.0155	0.27194
1.397	-1.1775
0.23276	-1.0808
0.092142	0.76813
0.4337	-0.48659
1.8882	0.98802
2.4958	1.2885
2.5086	1.4562
1.8639	-0.26103
-0.46439	1.008
-0.17563	-0.50773
1.1825	-1.2085
0.89364	0.73008
-0.41015	0.32518
0.092391	-0.14538
-0.28432	-1.0693
-1.1689	-0.083743
-0.3562	-0.58021
1.362	-1.1741
-0.62727	0.76812
-1.0696	2.0628
-0.47287	-0.45107
-0.77023	-0.096293
0.39054	-0.11965
0.27455	1.9158
1.6882	0.95854
1.4498	2.6416
1.3489	-0.82061
0.87113	0.26623
-0.24906	-0.086024
0.024365	-0.14945
0.25769	-0.96859
-0.84811	0.20997
-0.26119	-0.49709
-0.56926	-2.3904
-0.099461	-0.16257
0.27798	-0.29952
0.8704	0.94016
0.95949	-1.3166
0.99276	-2.2439
-0.037827	-0.96721
0.66258	-0.44686
-0.31992	1.4711
0.9287	0.76615
1.5566	1.3322
0.13484	1.6759
1.1406	0.81683
-0.24209	0.82805
-0.030055	-1.4293
-0.26914	-1.2531
-0.38303	-0.89565
-0.33391	0.27039
-0.1575	-0.42201
-1.8141	0.46256
-0.93577	1.2699
-0.4045	-0.79365
-0.6982	0.71077
0.0045513	-1.2487
-0.49635	0.004399
-0.33682	-0.32922
0.62741	-1.8741
-0.14817	1.3872
1.4092	-0.93484
0.79207	0.89779
0.1276	3.0444
-0.078531	1.3722
-0.50333	-0.84917
-1.0674	0.84753
-0.59129	-0.52929
-0.91753	-0.21853
-0.5441	-0.41335
-0.43797	-1.0646
-2.1637	-1.6016
-0.28352	-1.2424
-0.60904	-1.1934
-0.68838	-1.2557
-0.91087	0.33716
-1.583	0.46893
-0.89903	-0.41297
0.44337	-1.0692
0.43035	1.046
0.6726	0.50429
1.3912	-0.49817
1.0971	-0.092551
0.69538	-0.61127
-0.32657	-1.6566
0.33971	-1.5714
-0.68935	-0.47523
-0.86108	-0.41214
-0.68594	-1.0945
-1.3653	0.16295
-0.64673	-0.46512
-0.82051	-0.25413
-0.15475	-0.6344
-0.63262	0.2219
-0.058223	-1.3499
-1.4461	0.57575
0.27057	-0.79071
0.71854	-0.76725
-0.13034	0.58159
1.4852	-0.80896
1.4722	0.59672
0.92392	-1.4517
-0.95977	0.77243
-0.4544	-0.58518
-0.65763	-0.10653
-1.0234	-1.4051
-1.9574	1.4636
-0.86384	0.2643
-1.2478	-0.79756
-1.065	0.13846
-0.53001	0.57521
-1.5409	0.30184
0.070605	-1.0288
0.49402	-0.7233
-0.050797	0.42371
0.42312	0.068991
0.34166	0.0058151
1.5118	0.15524
1.9839	0.79956
1.3035	1.6472
-0.10659	1.4565
-0.39708	0.77866
0.76326	-1.5609
-0.4956	-0.73492
0.72477	0.051567
-0.018153	-0.787
-0.63985	-0.10074
0.28165	-1.251
-1.3876	-0.29127
-0.80286	-0.8418
0.16788	-0.039735
-0.54057	2.0295
-0.38425	1.1459
1.284	-0.87971
-0.030141	0.49796
0.0059735	2.4584
2.0093	0.0059533
1.8297	1.4219
1.7873	0.86773
1.7084	0.72608
0.5645	0.28537
-0.33832	1.3887
-0.2074	0.39026
0.33315	-1.4337
-0.89141	-0.12332
-0.62727	-0.19589
-1.3147	0.79088
-0.29464	-0.71824
-0.75409	-0.43774
-1.9066	0.36094
-0.78791	-0.53009
-0.77934	0.77976
-0.75715	2.3152
-0.27778	0.76654
0.66691	-0.81887
-0.41821	1.5801
1.3814	1.9705
0.73434	0.35511
0.19683	0.63563
0.55945	-0.8595
0.010252	2.0074
0.33485	-0.92302
-0.98461	-0.32899
-0.27859	-0.29471
-0.23767	0.3566
-0.54011	0.87259
0.032278	0.35066
-0.23818	-0.36344
-0.58659	-0.016978
0.26931	-1.3123
-0.63972	0.049084
0.7895	-0.71593
1.3402	-0.11134
0.99236	0.42195
1.0683	0.1088
0.73715	1.3374
0.64463	0.16578
1.2851	-0.44957
-0.23499	-0.1356
-0.25175	-1.435
-0.56849	0.034127
0.17853	-0.71415
-1.0703	-0.50202
-0.43288	-0.33144
0.057255	-0.5443
-0.012323	0.091809
-1.8504	0.79844
-2.4898	1.0257
-1.6256	0.60639
-3.4488	0.94005
-2.4933	0.4686
0.17539	0.35147
2.896	-0.4194
1.8125	1.757
0.59703	-2.6625
-1.5282	-1.1785
-2.3115	1.0756
-0.89661	0.70423
2.3528	-1.2049
1.1629	0.48998
1.6047	-1.3666
0.023168	-1.2904
0.076011	0.5815
0.060051	-0.12162
1.9843	0.7789
2.4786	1.3851
2.3211	1.3198
1.9714	-0.43566
-0.26127	0.87653
-0.48596	-0.46384
1.0173	-1.235
1.1854	0.69937
-0.45197	0.42468
-0.28643	-0.18735
-0.21726	-1.0023
-0.99213	0.04052
-0.3467	-0.85409
1.1598	-0.6307
-0.13515	0.52856
-1.0347	2.0377
-0.56153	-0.4997
-0.73225	-0.0011269
0.55044	-0.421
0.24185	2.0627
1.346	0.70179
1.4007	2.943
1.5185	-0.76147
0.83224	0.34816
-0.7286	0.08142
-0.12446	-0.48265
0.41251	-0.83467
-0.8051	0.2752
-0.47932	-0.31857
-0.51056	-2.4534
-0.11799	0.14504
0.17185	-0.047875
0.6139	1.0407
0.59407	-1.7905
0.79691	-2.3958
-0.28749	-0.88691
0.73052	-0.59764
-0.29398	1.5769
0.84329	0.84612
1.6542	2.1413
0.29608	1.7834
1.0919	0.63485
-0.56272	0.30532
0.15732	-1.0101
-0.49048	-1.0264
-0.23281	-0.54918
-0.49729	0.37698
-0.4874	0.093206
-1.325	0.61801
-0.50446	1.0373
-0.2537	-0.43633
-1.006	0.36031
-0.022185	-1.2867
-1.1219	-0.11839
-0.3431	-0.30639
0.32315	-1.7999
-0.21233	1.1418
1.4608	-0.63774
0.66357	0.86835
0.14709	3.2059
-0.15563	1.346
-0.48079	-0.81673
-1.3378	1.1199
-0.935	-1.0647
-0.59809	-0.33578
-0.75782	-0.88219
-0.12942	-0.47622
-1.6976	-1.1889
-0.39126	-1.5854
-0.9654	-1.2756
-0.47738	-1.2797
-0.77604	0.25878
-1.6027	0.42669
-1.1335	-0.79956
0.58891	-0.8564
0.33688	1.0135
1.1588	0.091171
1.1747	-0.30943
1.0663	-0.16224
1.2272	-0.81352
-0.066678	-1.4161
0.17241	-1.5888
-1.167	-0.79882
-0.38659	-0.54594
-0.65798	-1.2954
-1.4468	-0.21609
-0.83484	-0.12784
-0.93168	-0.29855
-0.38072	-1.1775
-0.55394	0.19423
-0.34832	-1.0204
-1.1867	1.0067
0.37997	-0.59736
0.36017	-0.28907
-0.43078	0.44855
1.9204	-0.66271
1.4681	0.15932
0.96752	-1.2687
-0.54681	0.9208
-0.21353	-1.0246
-0.57716	-0.20141
-0.96285	-1.5263
-2.1645	0.5701
-1.4593	0.35185
-1.2667	-0.80607
-0.69744	0.022361
-1.0155	0.73002
-1.418	0.24152
-0.26921	-0.76592
0.13251	-1.1141
0.1405	0.41025
0.23679	0.14703
0.56088	0.14416
1.5525	0.18814
2.1555	0.64353
1.5066	1.6663
-0.069035	1.8545
-0.072949	0.41759
0.6892	-1.7676
-0.59524	-0.42615
0.79896	0.067207
-0.0035018	-0.54242
-0.713	0.044004
0.021337	-1.3973
-1.1249	-0.14763
-0.68905	-0.58256
0.82414	0.053129
-0.77555	1.9989
0.07339	0.88031
1.0368	-0.99731
0.36992	0.63454
-0.43481	2.3097
1.9915	0.16895
1.9083	1.2985
2.0025	0.97388
1.7463	0.81339
0.63139	0.02432
0.0039136	0.8804
-0.22502	0.55529
0.63124	-1.3588
-0.80149	-0.16292
-0.38072	-0.21367
-1.2093	0.45927
-0.44948	-0.73401
-0.80101	-0.52012
-1.8716	0.16734
-0.4234	-1.2683
-0.83851	0.45074
-0.40739	2.4287
0.19926	0.67245
0.69912	-0.9959
-0.13104	1.6056
1.0814	1.7913
0.82172	0.55645
0.87522	1.0033
0.84981	-0.6633
-0.20021	1.8327
0.75245	-0.75088
-0.74563	-0.457
-0.35776	-0.62183
-0.37875	0.56115
-0.41494	0.68929
0.0021877	0.54941
-0.091605	-0.59687
-0.47892	-0.092085
-0.00077262	-1.4312
-0.50167	-0.39665
1.0831	-0.89348
1.0341	-0.41296
1.2071	0.02616
1.0035	-0.17878
0.76698	1.1311
0.70623	0.18553
1.0826	-0.59074
-0.39653	0.33944
-0.77893	-1.6781
-0.75265	-0.28088
-0.16149	-1.1413
-0.80777	-0.096212
-0.11713	-0.41011
-0.10581	-0.39477
0.34108	-0.052522
-2.171	0.79502
-2.3902	1.4623
-1.918	0.37737
-3.1829	0.95959
-2.0077	0.33957
0.29067	0.054454
3.145	0.12802
1.6936	1.8593
0.59612	-2.4848
-1.2435	-1.0927
-2.6684	0.53112
-0.78501	0.62859
1.9883	-1.4547
0.83911	0.34374
1.41	-1.3434
0.2265	-1.0595
0.17523	0.52824
0.30705	0.12885
1.8802	0.74272
2.3604	1.6069
2.2694	1.2428
1.7305	-0.14934
-0.036736	0.87347
-0.25436	-0.58047
1.2688	-0.82432
1.1402	0.67907
-0.4643	0.76741
0.10977	-0.48063
-0.60612	-0.67799
-0.89499	0.040542
-0.017891	-0.55797
1.1117	-0.96689
0.017709	0.83575
-1.1335	2.2752
-0.68029	-0.71684
-0.58478	0.22476
0.55249	-0.29747
0.8005	1.8886
1.2437	0.70812
1.4494	2.6611
1.2978	-0.62709
0.82439	0.33026
-0.39979	0.1436
-0.1636	-0.08553
0.61749	-1.1262
-1.0179	0.59029
-0.2563	-0.30929
-0.41344	-2.6518
0.005296	-0.032081
0.57353	-0.30535
0.36398	0.93066
0.69549	-1.5503
0.87199	-2.8419
-0.24462	-1.1109
0.73713	-0.6573
-0.25558	1.5947
0.8008	0.7621
1.2815	1.7795
0.41298	2.2064
0.81534	0.40935
-0.3745	0.57547
-0.027206	-1.0152
-0.43936	-1.0346
-0.42258	-1.1593
-0.36085	0.13574
-0.31307	0.083155
-1.4478	0.54745
-1.0801	1.1179
-0.74042	-0.54487
-0.48706	0.5385
-0.21314	-1.5259
-0.85068	0.14156
-0.72161	-0.69369
0.45494	-1.72
-0.062036	1.1526
1.2199	-0.78691
0.3935	1.0631
0.33133	3.1279
0.29592	1.4536
-0.47035	-1.0756
-1.4156	1.027
-0.58784	-0.96114
-0.55989	-0.22759
-0.64729	-0.52745
-0.36725	-0.75941
-1.7817	-1.3469
-0.28249	-1.6945
-1.0557	-1.4874
-0.57448	-1.329
-0.84284	0.86531
-1.0679	0.85534
-0.66379	-0.67112
0.39453	-0.89278
0.42332	1.5208
0.72024	0.11688
1.4615	-0.76356
0.80395	-0.34183
0.90937	-0.59019
-0.35729	-1.4142
0.38214	-1.3263
-1.0148	-0.74064
-0.73421	-0.19803
-1.088	-1.1667
-1.4912	-0.21576
-0.69239	-0.43166
-1.0017	-0.15011
-0.16816	-1.2268
-0.6886	0.021838
0.12569	-1.3893
-1.3534	0.73679
0.0041691	-0.74399
0.51213	-0.62975
-0.48143	0.94809
1.4792	-0.95629
1.3434	0.17804
0.70965	-1.3691
-0.62511	1.0441
-0.19186	-0.69505
-0.47986	-0.30699
-1.0445	-1.4568
-2.0226	0.91409
-1.2488	0.23231
-1.1169	-0.72686
-0.74288	0.12171
-0.91611	0.40643
-1.2707	0.31124
-0.21823	-0.75749
0.36913	-0.70787
0.051143	0.78965
0.32169	0.16855
0.49637	0.2895
1.2402	0.079122
2.3163	0.71658
1.9569	1.6169
0.16669	1.5618
-0.46689	0.60275
1.0586	-1.3826
-0.8783	-0.65662
0.10933	0.22078
0.14232	-0.67577
-0.77465	-0.22965
0.010437	-1.3397
-1.2445	-0.11029
-0.97098	-0.53252
0.41579	-0.097459
-0.58849	1.7579
-0.35609	1.3951
1.0105	-0.92861
0.1986	0.37711
0.25886	2.4935
2.3364	0.063684
1.6969	1.2293
1.9789	0.69467
1.9359	0.80605
0.6621	0.071559
-0.21464	1.3015
0.06783	0.48803
0.33109	-1.481
-0.79928	0.061045
-0.81349	0.48551
-0.86476	0.52021
-0.028084	-0.49618
-0.5933	-0.38953
-1.8146	0.41761
-0.73638	-1.0229
-1.3571	0.48498
-0.43799	2.2662
0.24171	0.62034
0.84309	-1.0794
-0.13962	1.7976
0.7451	1.7863
0.44657	0.42424
0.48978	1.0504
0.85852	-0.67861
0.068888	1.9416
0.40231	-0.86368
-0.94003	-0.22895
-0.022595	-0.27736
-0.090768	0.54209
-0.65246	0.62591
-0.21943	0.056964
-0.50372	-0.56394
-0.80028	0.039375
0.27262	-1.0841
-0.48533	-0.58299
0.9053	-0.31324
1.136	0.021576
1.178	0.048486
1.0749	-0.12141
0.31185	0.96319
0.9712	0.25057
1.2098	-0.62194
-0.32968	0.12505
-0.69585	-1.351
-0.95223	-0.070252
-0.14464	-0.68568
-0.59042	-0.014254
-0.084179	-0.15587
0.045941	-0.80621
0.24082	0.14611
-2.2113	0.78976
-2.9558	1.2711
-1.7228	0.20387
-3.1204	1.0988
-2.1213	-0.063491
0.30039	0.067895
2.9113	-0.46659
1.2101	2.0585
0.47181	-2.2844
-1.4716	-1.326
-2.3042	0.88359
-0.74773	0.52289
2.1525	-1.2918
1.1765	0.76148
1.005	-1.3998
0.11685	-1.1088
-0.42274	0.55899
0.10869	-0.30488
1.921	0.76708
2.4646	1.4128
2.4174	1.4734
1.9739	-0.21555
-0.28329	1.0771
-0.11698	-0.55087
0.95126	-0.93254
0.88922	1.1157
-0.56902	0.43749
0.023378	-0.30358
-0.29306	-1.0984
-0.87416	-0.23522
-0.25688	-0.40893
1.2523	-1.1136
-0.19567	0.70621
-1.0512	2.3006
-0.48743	-0.58628
-0.71469	-0.12808
0.50521	-0.30499
0.75314	2.2488
1.8374	0.81439
1.1995	2.7117
1.3812	-0.89437
0.7655	0.28527
-0.43299	0.16746
-0.24931	-0.50881
0.48224	-0.71198
-0.92028	0.43084
-0.22173	-0.6272
-0.451	-2.3787
-0.13649	0.15507
0.080149	-0.43057
0.75107	1.0104
0.69349	-1.5599
0.83483	-2.2563
0.12725	-1.1172
0.7181	-0.44631
0.05915	1.486
1.1149	1.0739
1.3086	1.5847
0.34802	2.462
1.2344	0.63741
-0.32159	0.54584
0.34771	-1.2541
-0.13437	-1.1991
-0.2612	-1.1599
-0.62339	-0.24414
-0.47674	-0.32534
-1.5343	0.64888
-0.75612	1.0935
-0.20246	-0.53469
-0.64678	0.50345
-0.017717	-1.3528
-0.97486	0.11937
-0.26669	-0.45597
0.63802	-1.8291
-0.3983	1.2212
1.469	-0.70901
0.44373	0.70294
0.41912	3.1784
0.11522	1.6019
-0.73174	-1.2139
-0.99532	0.74092
-0.63223	-0.93252
-0.56333	0.11213
-0.58827	-0.67282
-0.10238	-0.76846
-1.8255	-1.3246
-0.66562	-1.7038
-0.55453	-1.3876
-0.62853	-1.6966
-0.65387	0.24298
-1.2133	0.56805
-0.78611	-0.39671
0.51512	-0.78387
0.72708	1.1425
0.9045	0.52064
1.1991	-0.45306
0.86433	-0.34342
0.82165	-0.54166
-0.731	-1.9179
0.37989	-1.4739
-0.70086	-0.65279
-0.35919	-0.45416
-0.9516	-1.0281
-1.4829	-0.13188
-0.44572	-0.473
-0.84477	-0.46122
-0.15306	-0.94665
-0.46364	-0.054925
0.19703	-1.3893
-0.71894	0.85094
0.39373	-0.73398
0.4383	-0.29646
-0.35154	0.72721
1.445	-0.71754
1.5722	0.36511
0.59524	-1.3439
-0.76171	0.9445
-0.41991	-0.65065
-0.40394	-0.41522
-1.0318	-1.467
-1.852	1.408
-1.255	0.14814
-0.9192	-0.59837
-1.2126	-0.08159
-0.76346	0.556
-1.2168	0.53728
0.21606	-0.64252
0.12145	-0.6599
0.23212	0.58686
0.43172	0.0386
0.42376	0.10766
1.1927	0.29533
2.1596	0.76465
1.5627	1.7695
0.061428	1.6235
-0.38984	0.73439
0.71444	-1.6344
-0.73635	-0.5891
0.47594	0.098146
-0.17962	-0.40551
-0.5201	0.21584
0.36733	-1.2946
-0.83057	-0.32039
-0.72167	-0.52668
0.68294	0.029809
-0.66602	1.8652
-0.051425	1.219
0.91063	-1.1445
0.04029	0.35687
-0.38355	2.2047
1.7951	-0.20608
2.109	0.95008
2.0403	0.8467
2.1511	0.95009
0.38852	-0.072744
-0.36905	1.0974
0.06032	0.62527
0.67364	-1.5823
-0.92486	0.026229
-0.68823	0.38645
-1.0857	0.55948
-0.3519	-1.0563
-0.33023	-0.28504
-1.8676	0.50339
-0.59089	-1.1984
-1.0269	0.65076
-0.47268	2.4287
0.23665	0.65563
0.4647	-1.2213
-0.43684	1.2262
0.93458	2.1249
0.90386	0.6478
0.42163	0.97878
0.7698	-0.65108
-0.27993	1.7388
0.16875	-1.0291
-1.0952	-0.44555
-0.24549	-0.0022707
-0.2691	0.49099
-0.78133	1.0814
-0.029828	0.49024
-0.4306	-0.38803
-0.62675	0.05711
0.36368	-1.4861
-0.39359	-0.39783
0.93009	-0.93903
1.3399	-0.32467
1.1412	0.28125
1.1245	0.26688
0.95716	1.1002
0.72914	-0.02993
1.3286	-0.68904
-0.27722	-0.14748
-0.45792	-1.105
-0.82945	0.18975
-0.4632	-0.8693
-0.78416	0.032299
-0.43299	0.1069
0.20642	-0.85688
-0.021991	0.2891
-2.1338	0.62145
-2.7767	1.2415
-1.6925	0.44599
-3.1138	0.91751
-2.7293	0.42864
0.78218	0.21901
3.1583	-0.37932
1.257	1.8759
0.49247	-2.7143
-1.776	-0.99758
-2.3192	0.74188
-0.47919	0.50141
2.1249	-1.3607
0.64352	0.74018
1.2795	-1.5256
-0.063175	-1.0717
-0.1067	0.26672
0.22689	-0.48696
1.7951	0.79175
2.6334	1.2023
2.6809	1.7828
2.1476	-0.38996
-0.39868	1.1885
-0.16354	-0.64485
1.1237	-1.0874
1.0479	0.6047
-0.45007	0.75191
0.28423	-0.09901
-0.11529	-0.79522
-1.1088	-0.11488
-0.43785	-0.62726
1.2459	-0.87618
0.12003	0.86998
-1.2804	2.0963
-0.36002	-1.0022
-0.66212	-0.27798
0.48215	-0.26325
0.62549	1.5011
1.7958	0.77963
1.6297	2.7304
1.1825	-0.80241
0.49007	0.2013
-0.95188	-0.0015107
-0.075243	-0.5603
0.50152	-1.1728
-0.97037	0.22187
-0.16796	-0.1858
-0.12774	-2.583
-0.30399	-0.18799
0.3261	0.1722
0.83532	0.96798
0.89498	-1.6539
0.97489	-2.5113
-0.28523	-1.2262
0.84825	-1.0655
-0.010406	1.4272
0.71051	0.87846
1.5726	1.5021
0.67866	1.9934
1.5213	0.32873
-0.399	0.48292
0.13969	-1.0274
-0.77592	-0.87799
-0.51219	-0.61648
-0.054351	-0.069893
-0.47187	-0.17991
-1.3233	0.62289
-0.7295	1.0261
-0.39889	-0.34398
-1.2052	0.56734
-0.078053	-1.0302
-0.77433	0.056159
-0.44183	-0.6163
0.41969	-1.8649
0.036184	1.1245
1.3477	-0.56979
0.78812	0.71987
0.071943	3.089
0.19089	1.8501
-0.6439	-0.67704
-1.3643	1.0709
-0.54976	-0.96546
-0.61195	-0.22214
-0.36659	-0.74365
-0.2558	-0.74395
-2.0216	-1.5027
-0.2323	-1.3788
-0.86031	-1.1001
-0.67792	-1.368
-0.63389	0.12188
-1.5617	0.88756
-0.84819	-0.38631
0.53562	-0.93471
0.24973	1.041
0.81654	0.039741
1.407	-0.30177
1.0795	-0.16756
0.86336	-0.89866
-0.85893	-1.8501
0.6505	-2.0907
-0.90695	-0.82207
-0.6253	-0.37933
-0.92284	-0.83712
-1.4821	-0.057178
-1.0706	-0.51476
-0.73516	-0.12154
-0.15189	-1.1835
-0.47723	0.2389
-0.052891	-1.5182
-0.81163	0.58658
0.37222	-0.7236
0.24586	-1.0188
-0.94485	0.79279
1.8322	-0.66808
1.5388	0.47154
0.91762	-1.5286
-0.85194	0.93892
-0.27227	-0.73624
-0.41268	-0.063207
-0.98708	-0.86267
-2.0202	1.2784
-1.196	0.024112
-1.093	-0.89863
-0.70699	-0.089149
-0.62527	0.64013
-1.1506	0.40968
0.19764	-0.97295
0.21783	-0.8722
0.10051	0.81058
0.10962	0.41072
0.24602	-0.019957
1.3545	0.032314
2.1104	0.50887
1.3295	1.6267
-0.18926	1.5753
0.010732	0.82794
0.86035	-1.386
-0.42081	-0.69617
0.58903	0.118
-0.27386	-0.68887
-0.42391	0.23932
0.21863	-1.5404
-1.2276	-0.022343
-0.31759	-0.40741
0.3424	-0.064554
-0.72655	1.8867
-0.35771	1.0997
1.0817	-1.0038
0.4369	0.54078
-0.18524	2.2966
2.218	-0.032681
1.7869	1.1191
1.8923	0.96847
1.9412	0.63816
0.60453	0.21217
-0.65345	1.013
-0.030487	0.52615
0.4362	-1.3378
-0.67675	-0.40458
-1.0494	0.1578
-1.231	0.40022
-0.52831	-0.92996
-0.86491	-0.28786
-2.1074	0.7179
-0.69116	-0.86131
-0.99856	0.58115
-0.45648	2.0566
-0.049628	0.82186
0.53919	-1.0275
-0.29722	1.2507
1.1955	1.9629
0.79257	0.43004
0.34277	0.97075
0.97866	-0.77735
-0.065794	1.9303
0.3644	-0.9325
-1.1348	-0.33818
-0.065215	-0.35716
-0.42101	0.68451
-0.41229	0.97509
0.11039	0.4109
-0.53052	-0.71491
-0.55843	0.20529
0.28116	-1.0383
-0.30457	-0.12335
0.94838	-0.46517
0.96798	0.092638
1.0019	0.19936
0.86729	-0.12135
0.57187	1.0556
0.83751	0.38987
1.2051	-0.45829
-0.15298	0.026835
-0.8146	-1.4328
-0.69661	-0.44725
-0.28289	-0.9073
-1.2609	-0.2971
-0.094663	0.18746
-0.28818	-0.82501
0.073064	0.34501
-2.2185	0.80462
-2.466	1.522
-2.0209	0.19015
-3.4471	0.87997
-2.4205	0.57967
0.67061	0.19799
3.0581	-0.22356
1.5429	1.6897
0.64362	-2.7292
-1.8019	-0.66757
-2.5697	0.60631
-0.92814	0.55364
1.6344	-1.2776
1.0387	0.64526
1.0396	-1.3874
-0.036677	-1.1753
0.12263	0.33726
-0.092977	-0.11891
2.1154	0.56573
2.6698	1.5845
2.3501	1.4252
1.9086	-0.28552
-0.024494	0.61409
-0.33291	-0.67146
1.2632	-1.6867
1.2289	1.0144
-0.565	0.59892
0.34897	-0.12585
-0.52562	-1.0265
-0.98319	0.031682
-0.18105	-0.25881
1.2319	-1.0982
0.19246	0.67016
-1.1343	2.2019
-0.037728	-0.71401
-0.32301	0.073136
0.52117	-0.20899
0.73195	1.6416
1.7806	0.73208
1.3594	2.5952
1.095	-0.63475
1.0002	0.13813
-0.68952	-0.11171
-0.038972	-0.34715
0.38669	-1.1496
-0.84231	0.32837
-0.45953	-0.31742
-0.090345	-2.2745
-0.22355	-0.055074
-0.10597	0.070366
0.33709	1.1032
0.92517	-1.6482
1.076	-2.7285
0.10844	-1.4439
0.99802	-0.63029
-0.28178	1.7174
0.54097	0.85982
1.3646	1.4186
0.43743	2.0416
1.098	0.6992
-0.58831	0.79749
-0.084192	-1.1218
-0.18301	-1.1403
-0.22476	-0.80847
-0.33675	-0.27431
-0.0054822	-0.35829
-1.0867	0.68446
-1.0212	0.93912
-0.50077	-0.6602
-0.94772	0.58363
-0.044605	-1.5474
-0.86536	0.38613
-0.084723	-0.10361
0.32724	-1.9085
-0.012661	1.1714
1.2755	-0.91008
0.67185	0.77096
0.29651	2.7653
0.34412	1.6434
-0.88377	-1.1412
-0.81183	1.0067
-0.3194	-0.88336
-0.56988	-0.37351
-0.29482	-0.72287
-0.46341	-0.76124
-1.6673	-1.2612
-0.13104	-1.6795
-1.0943	-1.4692
-0.64801	-1.0364
-0.63479	0.61927
-1.1322	0.56816
-0.73514	-0.60578
0.32913	-0.64681
0.43654	1.1689
1.1327	0.35638
1.2052	-0.4372
0.96729	-0.18463
0.70227	-0.80268
-0.57429	-1.6514
0.94092	-1.4991
-0.82849	-0.77391
-0.49455	-0.65948
-0.63472	-1.2973
-1.5743	0.13986
-0.74415	-0.35899
-1.0166	0.036689
-0.2914	-1.0564
-0.53181	-0.018315
-0.048057	-1.4949
-1.1833	0.37232
0.36766	-0.83827
0.57697	-0.89058
-0.24233	0.60474
1.4835	-0.81678
1.3649	0.54233
0.71973	-1.6207
-0.57204	1.0385
-0.53912	-0.51651
-0.47366	-0.49472
-0.75592	-1.5112
-1.8196	0.7778
-1.2979	-0.083515
-1.4092	-0.54484
-0.67774	-0.14278
-0.54815	0.7346
-1.1843	0.20459
0.056132	-0.73881
0.36753	-0.79415
-0.28449	0.98755
-0.08362	0.29956
0.57908	0.04253
1.3064	0.17754
1.9626	0.78886
1.6261	1.8482
-0.15597	1.8111
0.031809	0.42003
0.89813	-1.4014
-0.50654	-0.62526
0.55014	0.28442
-0.24893	-0.69914
-0.90269	0.089255
0.057869	-1.6809
-1.2717	-0.19866
-0.57132	-0.38208
0.67014	-0.10548
-1.0214	1.98
0.19338	1.2366
0.94671	-0.75018
0.00089228	0.63195
-0.21105	2.646
1.9635	-0.15414
1.8262	1.1805
1.8406	1.0792
1.6468	0.83574
0.49338	0.034698
-0.53825	1.2698
-0.092846	0.4479
0.54326	-0.99711
-0.87993	-0.37817
-0.65332	-0.11323
-1.2931	0.44946
-0.42262	-0.27948
-0.55346	0.0070341
-1.776	0.15312
-0.54729	-1.0852
-1.1809	0.80053
-0.40925	2.4312
-0.058769	0.94571
0.56071	-1.0083
-0.37567	1.1738
1.0695	1.7779
0.48774	0.48525
0.40765	1.1192
0.66831	-0.43597
-0.18221	1.6673
0.28761	-0.88228
-0.68953	-0.39648
-0.45571	-0.29145
0.083529	0.35835
-0.67385	0.63462
0.21269	0.63333
-0.29019	-0.30549
-0.60632	0.28154
0.39706	-1.2458
-0.76459	-0.4961
0.62208	-0.84811
1.2245	-0.2716
0.80065	0.20584
0.71272	0.01718
0.37955	1.3674
0.61002	0.11677
1.0791	-0.93167
-0.3844	0.1856
-0.52652	-1.3417
-0.91671	-0.35281
-0.38549	-0.92385
-1.0988	-0.25893
-0.19034	-0.21869
-0.1161	-0.83831
-0.13055	0.24761
-2.0881	0.65919
-2.5529	1.3718
-1.8436	0.49684
-3.3925	1.0612
-2.5864	0.32602
0.9585	0.041033
2.7268	-0.13476
1.6201	2.0002
0.42195	-2.2408
-1.5349	-1.2031
-2.4954	0.75436
-0.97815	0.41894
2.0844	-1.4301
1.0518	0.46786
1.4065	-1.5573
0.13361	-1.2598
-0.21126	0.98377
-0.15142	-0.11921
1.9386	0.46463
2.4087	1.2661
2.3314	1.7293
1.8193	-0.39186
-0.19178	0.97287
-0.37851	-0.31678
1.0284	-1.1261
1.2216	0.57367
-0.65617	0.39408
-0.11642	-0.25455
-0.64389	-1.0183
-1.0895	-0.032296
-0.66344	-0.57774
0.97942	-0.85114
-0.61875	0.77254
-1.0218	1.8226
-0.5184	-0.83753
-0.18675	0.44213
0.77601	0.10162
0.14688	1.9778
1.5812	0.56744
1.0893	2.9148
1.0673	-0.79792
0.52368	0.36903
-0.4793	0.30863
-0.23745	-0.52863
0.15805	-1.0145
-0.7433	0.66763
-0.13139	-0.36126
-0.38597	-2.2687
-0.19052	0.23247
0.12404	-0.31098
0.74165	0.74652
0.71187	-1.4259
0.7602	-2.4285
-0.17342	-0.85073
0.67017	-0.57906
-0.29309	1.29
1.4949	1.0227
1.4299	1.7181
0.16055	1.7548
0.79889	0.55679
-0.31257	0.80465
0.09201	-1.3787
-0.55378	-0.89155
-0.37612	-0.68851
-0.38734	0.10105
-0.29639	-0.055009
-1.3239	0.47628
-0.8862	0.77269
-0.54634	-0.64273
-0.71088	0.46255
0.22669	-1.4182
-0.57779	0.32093
-0.29304	-0.68962
0.4879	-1.7843
0.020558	0.97942
1.5534	-0.74352
0.93934	1.163
0.21258	2.9411
-0.087791	1.3639
-0.38	-1.0206
-1.3649	0.92007
-0.37161	-0.86586
-0.76922	-0.29888
-0.37021	-0.6994
-0.24554	-0.97754
-1.4964	-1.0061
-0.49147	-1.5906
-0.86742	-1.6532
-0.62559	-1.6678
-0.93265	0.61319
-1.7022	0.66703
-0.46173	-0.52571
0.3748	-0.7156
0.23107	1.2679
0.85168	0.086456
1.6411	0.15769
0.99491	-0.14582
0.60362	-0.84368
-0.51435	-1.3967
0.59136	-1.6339
-0.71076	-0.74882
-0.54842	-0.12873
-0.8619	-0.93288
-1.365	-0.19535
-0.67671	-0.23001
-0.80335	-0.30708
-0.22384	-0.80742
-0.46216	-0.24011
0.035755	-1.5026
-0.94722	0.47075
0.37613	-0.62514
0.32659	-0.64823
-0.24194	0.5436
1.5714	-0.52573
1.5773	0.61318
0.47296	-1.2971
-0.62784	0.97924
-0.30866	-0.54916
-0.59002	-0.38534
-0.82546	-1.4131
-2.1329	1.1627
-1.0208	0.46555
-0.93016	-0.83721
-0.82847	0.22221
-0.48495	0.31311
-1.1681	0.30304
0.015704	-0.73631
0.22412	-0.54457
-0.21228	0.5058
0.40936	0.15051
0.55522	0.021669
1.6451	0.11716
2.066	0.77431
1.5581	1.5538
-0.3164	1.8965
-0.18228	0.72785
0.70773	-1.3002
-0.45037	-0.62467
0.541	0.38013
-0.28289	-0.80805
-0.78591	0.21168
0.35133	-1.2332
-1.0996	-0.10956
-0.72418	-0.56156
0.46582	-0.48276
-0.61881	1.6506
0.21537	1.124
0.69487	-1.0527
-0.044156	0.308
0.14657	2.0434
2.5703	-0.037617
1.7605	1.3866
1.9787	0.79263
1.4581	0.78992
0.64529	0.010147
-0.52867	1.0499
0.18177	0.21027
0.56948	-1.1053
-0.6801	-0.014516
-0.84555	0.060949
-0.97273	0.59586
-0.16768	-0.34731
-0.95905	-0.2748
-1.8447	0.51323
-1.01	-0.93313
-0.93323	0.77191
-0.40723	2.3533
-0.27952	0.40085
0.73991	-0.84583
-0.58833	1.5047
1.0209	2.1144
0.73196	0.2479
0.49269	0.96568
0.42196	-0.69039
-0.19583	1.7705
0.13433	-0.48243
-0.80448	-0.17857
-0.30832	-0.17223
0.0087099	0.38248
-0.41807	0.69386
0.22709	0.29938
-0.33168	-0.4472
-0.61833	0.2733
0.18732	-1.5453
-0.60809	-0.23025
0.6706	-0.66703
1.2309	-0.27336
1.2793	0.40019
0.90987	-0.054018
0.61198	1.1562
0.93413	0.16942
1.2452	-0.59536
-0.44038	0.093156
0.050703	-1.5467
-1.0256	0.011634
-0.16045	-0.6046
-1.104	-0.22397
-0.73857	-0.055248
0.050677	-0.76872
0.30023	0.027824
-2.079	0.52625
-2.4794	1.4929
-1.7992	0.31527
-3.2681	0.90886
-2.4981	0.3829
0.45971	0.37494
2.8816	0.2863
1.618	1.7018
0.50933	-2.6414
-1.5735	-1.0642
-2.32	1.1428
-0.89122	0.77832
1.9552	-1.5245
0.97598	0.38695
1.4942	-1.0951
0.092112	-1.0319
-0.014075	0.56287
-0.044509	-0.61107
1.9186	0.67889
2.2565	1.2429
2.1447	1.5689
1.7242	-0.15486
-0.39684	0.95547
-0.24828	-0.56268
1.2114	-1.0523
1.2036	0.36416
-0.55505	0.80757
0.12316	0.062768
-0.62427	-1.3683
-0.86674	-0.19291
-0.44931	-0.22646
1.0825	-1.1536
-0.40889	0.78337
-1.3004	1.9931
-0.71748	-0.66716
-0.3556	-0.030662
0.58854	-0.10424
0.48905	1.9117
1.8059	0.57705
1.2594	2.6445
1.0607	-0.80658
0.88699	0.47245
-0.38364	-0.10448
0.014023	-0.49711
0.3444	-0.77004
-0.63148	0.5473
-0.43512	-0.12322
-0.38525	-2.5633
-0.17155	0.024582
0.037407	-0.059075
1.0945	1.1931
0.49045	-1.6119
1.1743	-2.3063
-0.26727	-1.0969
0.86016	-0.83611
0.13513	1.2895
1.1272	1.4187
1.387	1.2775
0.33635	1.9994
1.055	0.35085
-0.46049	0.67186
-0.071212	-1.2788
-0.19497	-1.3239
-0.38231	-0.5937
-0.2166	-0.0045492
-0.18418	-0.13916
-1.2306	0.71446
-0.8582	0.94176
-0.55543	-0.57488
-0.72348	0.70935
0.17287	-1.5443
-0.84824	0.21098
-0.18133	-0.27608
0.352	-1.9915
-0.34053	1.0203
1.1374	-0.57346
0.90427	0.95856
0.3391	3.2571
-0.33757	1.7422
-0.17241	-0.7566
-1.5187	0.96731
-0.65786	-1.039
-0.67229	-0.19037
-0.39494	-0.70278
-0.49911	-0.87695
-1.7205	-1.5958
-0.31709	-1.2335
-0.80066	-1.3796
-0.59204	-1.0416
-0.66683	0.5965
-1.3491	0.27956
-0.94594	-0.61549
0.72794	-0.5228
0.1748	1.5439
1.1711	0.29746
1.268	-0.75028
0.99158	-0.49331
0.93775	-0.50624
-0.75715	-1.93
0.63099	-1.4057
-0.60286	-0.73385
-0.5395	-0.038237
-0.53824	-0.99115
-1.6973	0.094719
-0.84635	-0.45837
-0.68747	0.038824
-0.22462	-0.94703
-0.37112	-0.17939
-0.057784	-1.1872
-1.1755	0.44256
0.34685	-0.49332
0.69943	-0.58959
-0.2463	0.46147
1.7217	-0.85277
1.6207	0.029964
0.93651	-1.4515
-0.92656	1.0247
-0.26694	-0.74929
-0.4831	-0.28933
-0.89989	-1.2916
-1.9031	1.1819
-1.2535	0.28589
-1.3128	-0.98578
-0.95348	0.38692
-0.88371	0.7053
-0.9816	0.43801
-0.0095117	-0.8622
0.33141	-0.96682
0.041759	0.79583
0.19267	0.18049
0.429	0.23038
1.5351	0.54844
2.2862	0.77455
1.6178	1.4671
0.15823	1.4865
-0.57676	0.45603
0.86641	-1.1701
-0.59103	-0.58592
0.67451	0.24406
-0.38264	-0.81741
-0.87673	0.066504
0.51592	-1.5946
-1.1225	-0.12641
-0.52177	-0.376
0.59653	-0.053482
-0.47087	2.1018
-0.19795	1.633
1.1961	-0.98569
0.076065	0.37916
0.027999	2.6201
1.8054	-0.3156
2.1708	0.80929
1.5296	1.139
1.7303	0.86935
0.703	-0.13494
-0.27189	1.1863
-0.039108	0.5437
0.59689	-1.1811
-0.68439	-0.32093
-0.65622	-0.14961
-1.0717	0.47427
-0.3779	-0.63428
-0.69229	-0.49079
-1.8305	0.34787
-0.76729	-1.3671
-1.0198	0.55916
-0.2994	2.6387
-0.049396	0.75198
0.64189	-0.89289
-0.31025	1.1357
1.0726	1.8168
0.51184	0.50893
0.19373	1.0502
0.37636	-0.46982
-0.0145	1.8434
0.75102	-0.73181
-0.88437	-0.39468
-0.3911	-0.2496
-0.2421	0.28389
-0.6228	0.6872
0.071836	0.71034
-0.30348	-0.52123
-0.72602	-0.066832
0.61508	-1.4633
-0.70197	-0.37851
0.63715	-0.88841
1.2348	-0.26567
1.1498	0.09538
1.0266	-0.069375
0.74567	1.2186
1.2261	0.03338
1.1233	-0.58972
-0.41834	0.12757
-0.26954	-1.4351
-0.62975	-0.46005
-0.08394	-1.2024
-0.85114	0.10718
-0.16845	-0.35177
0.11732	-0.79551
0.22098	0.2006
-2.0449	0.39548
-2.5365	1.3318
-1.7369	0.24478
-3.4753	1.3861
-2.2443	0.23589
0.35557	0.13187
3.2349	-0.30767
1.6509	2.125
0.84421	-2.5243
-1.5575	-1.0453
-2.1543	0.89778
-1.0355	0.30376
2.334	-1.442
0.96541	0.66042
1.3235	-1.1891
-0.19054	-0.94548
0.024876	0.27121
0.081135	-0.28338
2.262	0.19097
2.4035	1.3652
2.3619	1.1887
2.0854	-0.29822
-0.25224	0.83447
-0.57964	-0.36224
1.1033	-1.048
0.99352	0.65873
-0.48081	0.62439
-0.0074467	0.054878
-0.25978	-1.2296
-1.0859	-0.045492
-0.31453	-0.94468
1.3868	-0.90057
-0.42882	0.90022
-1.0524	2.489
-0.21683	-0.85195
-0.50228	-0.082319
0.33583	-0.10101
0.3885	2.0333
1.5382	1.1939
1.3275	2.6175
1.2047	-0.83149
0.81414	0.18597
-0.36046	-0.078902
0.15163	-0.17669
0.13344	-0.90739
-0.9604	0.29698
-0.4433	-0.48173
-0.16475	-2.3829
-0.07806	0.16174
0.1774	0.11666
1.1016	0.90028
0.64331	-1.5324
0.86048	-2.2257
-0.13584	-0.81078
1.1105	-0.86366
-0.051609	1.0814
0.73359	1.0216
1.6044	1.4606
0.60283	1.8624
1.023	0.43071
-0.41602	0.6896
0.10751	-0.82276
-0.12776	-1.2664
-0.1894	-0.94133
-0.57998	-0.12246
-0.48305	-0.073905
-1.2471	0.84171
-0.98635	0.63976
-0.51103	-0.33848
-0.70984	0.94192
-0.18018	-1.1679
-0.95718	0.25875
-0.35801	-0.49899
0.4786	-2.1209
0.083352	1.1901
1.2437	-0.43288
0.59235	0.78832
0.22294	2.7277
0.15685	1.3944
-0.33688	-1.097
-1.1223	0.71113
-0.58242	-0.93406
-0.66353	-0.46512
-0.87352	-0.43473
-0.15952	-0.76699
-1.7443	-1.4188
-0.61201	-1.4129
-0.33908	-1.5474
-0.76584	-1.1728
-0.58417	0.66557
-1.4952	0.43438
-0.60373	-0.27558
0.18789	-0.42909
0.57783	0.97872
1.0179	-0.07524
1.4623	-0.39724
1.059	-0.15252
1.0273	-0.83156
-0.95756	-1.5074
0.63737	-1.6041
-0.83748	-0.42884
-0.55272	-0.40915
-1.0258	-1.0695
-1.405	-0.032692
-0.83666	-0.47277
-1.0184	0.12653
-0.19082	-1.28
-0.24263	0.31312
-0.41361	-1.4416
-0.98488	0.46005
0.63225	-0.69433
0.46722	-0.48966
-0.3061	0.44452
1.4477	-0.52145
1.5038	0.73016
0.60328	-1.2836
-0.63854	1.0442
-0.36938	-0.8962
-0.43153	-0.0017665
-1.1435	-1.277
-2.0179	0.95989
-1.0174	0.27669
-1.0629	-0.74736
-1.1775	0.22687
-0.68096	0.50231
-1.1859	0.16307
0.29039	-0.85069
0.025662	-0.56156
0.0038565	0.64857
0.19112	-0.13879
0.28848	0.048222
1.5527	0.29729
1.98	0.86583
1.7318	1.7268
0.018193	1.7234
-0.34755	0.7253
0.77368	-1.7097
-0.52678	-0.89083
0.70828	0.31646
-0.0033156	-0.72713
-0.68626	0.15775
0.1801	-1.3526
-1.4503	-0.25322
-0.56271	-0.54595
0.48299	-0.28119
-0.42099	1.6089
-0.0060308	1.3118
0.91341	-0.7407
0.26856	0.53801
0.11767	2.1584
2.148	-0.36453
1.9799	1.4873
2.0225	0.84196
1.6144	1.0067
0.62727	-0.042754
-0.3192	1.4229
-0.2101	0.54893
0.55975	-1.1934
-0.84761	-0.40041
-0.90769	-0.059042
-1.2149	0.44645
-0.14076	-0.49362
-0.74717	-0.45559
-1.9766	0.51281
-0.71577	-1.0218
-1.1442	0.65805
-0.6629	2.363
0.066974	0.73687
0.62806	-1.1931
-0.13899	1.0874
1.029	1.737
0.78961	0.41038
0.085579	0.90688
0.5633	-0.88496
-0.23448	2.0635
0.11632	-0.75019
-0.98951	-0.30163
-0.079334	-0.3416
-0.23491	0.4889
-0.51999	1.0231
-0.17901	0.18319
-0.63644	-0.24802
-0.5308	0.33183
0.3761	-1.3258
-0.53043	-0.14661
0.9875	-0.45935
1.1225	-0.070082
0.98741	0.45911
1.0087	-0.010152
0.53503	1.2789
1.1285	0.036171
0.91472	-0.66778
-0.023033	-0.044754
-0.28789	-1.5322
-0.58219	-0.058192
-0.35949	-0.87449
-0.68045	-0.034386
-0.61534	-0.0083691
-0.38527	-0.71207
-0.059256	0.1637
-2.2097	1.0078
-2.6802	1.7393
-2.2116	0.77439
-3.3861	1.0855
-2.6252	0.44833
0.38388	-0.14278
2.8473	0.066916
1.7221	1.8343
0.69512	-2.2127
-1.5196	-1.2619
-2.096	0.39371
-1.0676	0.77169
1.9452	-1.5364
1.044	0.51769
1.3722	-1.2378
0.14257	-1.0661
0.21546	0.5105
0.08244	-0.57225
2.1225	0.59468
2.488	1.3957
2.2553	1.569
1.9338	-0.49655
-0.24538	0.83868
-0.046855	-0.94592
1.0625	-1.2629
1.1452	0.78601
-0.31839	0.76954
0.2171	0.023251
-0.51189	-1.2754
-0.90248	-0.37378
-0.37767	-0.94339
1.2737	-1.2334
0.025337	0.8586
-1.3049	1.9132
-0.54405	-0.56662
-0.35844	0.054765
0.8653	-0.030356
0.67463	2.2699
1.6367	0.75439
1.3629	2.749
1.1548	-0.75025
0.82862	0.73577
-0.37329	0.050714
0.051218	-0.30952
0.74116	-0.78286
-1.244	0.4681
-0.39306	-0.37118
-0.12485	-2.1568
-0.55965	-0.043966
-0.25753	-0.11703
0.60122	0.87804
0.82009	-1.5967
1.1302	-2.502
-0.2402	-0.89384
1.031	-0.67294
-0.040715	1.3895
0.83115	0.6875
1.5022	2.0335
0.22903	1.9659
1.2466	0.52478
-0.50127	0.52948
-0.10074	-1.1293
-0.72757	-1.343
-0.091485	-0.70903
-0.52491	0.12893
0.17059	-0.25471
-1.4922	0.79572
-1.0805	1.2215
-0.38069	-0.37616
-0.69012	0.68323
-0.078021	-1.465
-0.54152	0.32797
-0.051558	-0.25304
0.40532	-1.809
-0.01897	1.1631
1.3017	-0.93477
0.58137	0.88566
0.64658	3.0281
0.15526	1.3329
-0.2994	-0.77972
-1.1383	0.90748
-0.56077	-0.7846
-0.74182	-0.23406
-0.6017	-0.55135
-0.27547	-0.9987
-1.8049	-1.1764
-0.30608	-1.6194
-0.69071	-1.214
-0.84238	-1.453
-0.77566	0.62276
-1.233	0.15692
-0.99326	-0.49381
0.42583	-0.85408
0.33059	1.6202
1.062	0.14194
1.2257	-0.75072
1.0322	-0.20781
1.0977	-1.0095
-0.62378	-1.2266
0.40294	-1.569
-0.93727	-0.73151
-0.62222	-0.48862
-0.87327	-1.5726
-1.6721	0.19761
-0.62743	-0.34994
-0.88013	-0.24875
-0.3843	-0.92076
-0.28333	-0.076686
-0.064623	-1.6551
-0.8574	0.64144
0.14101	-0.97262
0.34944	-0.70162
-0.37679	0.87123
1.6154	-0.59124
1.8052	0.31527
0.83939	-1.6409
-0.49858	0.84261
-0.36218	-0.56692
-0.61266	-0.19462
-0.95601	-1.2613
-1.8563	1.0141
-0.77526	0.16414
-0.98196	-0.7766
-0.52823	0.41463
-0.883	0.59584
-1.3209	0.33463
0.064927	-0.92315
0.33923	-0.84681
0.14956	0.62797
0.1437	0.28927
0.46926	0.040034
1.5973	-0.079987
1.8613	0.82952
1.5737	1.6772
-0.20661	1.6324
-0.36581	0.44266
0.51947	-1.6226
-0.72972	-0.303
0.70156	0.2008
-0.35624	-0.43689
-0.77984	0.34231
0.2976	-1.6694
-1.1641	-0.35784
-0.46816	-0.71489
0.47459	-0.12375
-0.81049	1.883
-0.19893	1.0064
0.96007	-1.0338
0.21939	0.67253
-0.27659	2.1334
2.2852	0.082629
2.1683	1.3338
1.5105	0.85706
1.7521	0.91649
0.60959	0.26719
-0.29602	1.2756
-0.032629	0.2923
0.29372	-1.532
-0.75539	-0.0093099
-0.71236	0.16594
-0.89004	0.67792
-0.22861	-0.62432
-0.43051	-0.47186
-2.3553	0.077593
-0.8844	-0.896
-0.83819	0.34907
-0.62714	2.1305
-0.12154	0.721
0.58542	-0.79216
-0.12249	1.4421
1.1111	1.7506
0.65235	0.45503
0.61773	0.82951
0.66572	-0.51249
0.089941	1.6803
0.34697	-1.1747
-0.85278	-0.076016
0.20579	-0.094897
-0.24365	0.73544
-0.60276	0.69145
0.27758	0.45733
-0.66531	-0.37941
-0.53653	-0.03946
0.39316	-1.2436
-0.66136	0.081364
0.61501	-0.4639
1.0739	-0.18149
1.1779	0.34045
1.3385	0.19309
0.50538	1.1002
1.0265	-0.017018
1.1452	-0.59993
-0.53674	0.12481
-0.57564	-1.5611
-0.74158	-0.30695
-0.14517	-0.94663
-0.9743	0.32939
-0.38252	-0.14039
-0.067841	-0.68739
0.12232	0.20283
-2.1882	0.7577
-2.7348	1.5278
-1.9482	0.3759
-3.1545	1.1073
-2.4101	0.03417
0.26064	-0.10848
2.8948	-0.13257
1.5228	2.2192
0.75206	-2.465
-1.5184	-1.3135
-2.3425	0.47781
-0.8172	0.41953
2.4523	-1.5844
0.92558	0.70563
1.3458	-1.104
0.32184	-0.59846
-0.011553	0.15377
0.048902	-0.28054
1.9804	0.29923
2.3727	1.2122
2.3231	1.5359
2.0043	-0.37397
-0.036309	0.976
-0.46837	-0.7333
1.2429	-1.354
1.5281	0.83355
-0.33104	0.43323
-0.045246	-0.15539
-0.4115	-1.3712
-0.65008	0.25488
-0.18475	-0.57587
1.09	-0.7617
-0.071884	0.8538
-1.193	2.07
-0.41604	-1.1357
-0.52394	0.15838
0.57742	0.026408
0.51137	1.8516
1.4691	0.89913
0.99198	2.7195
1.179	-1.1047
0.88329	0.51804
-0.87222	-0.23538
-0.14519	-0.45329
0.37356	-0.92709
-0.93036	0.67514
-0.17499	-0.32713
-0.2061	-2.4589
-0.20261	0.15205
0.27613	-0.080695
0.52714	0.80639
0.63115	-1.3062
0.77831	-2.4931
0.025183	-0.82425
1.0579	-0.77676
0.13186	1.751
0.69709	0.77918
1.3583	1.7017
0.75087	2.1303
0.85773	0.56082
-0.32937	0.59166
0.15085	-1.1907
-0.087597	-1.1275
-0.38187	-0.96147
-0.29604	-0.064258
0.123	-0.034233
-1.5749	0.6071
-0.62079	0.75439
-0.53813	-0.6958
-0.76456	0.82221
0.018169	-1.5277
-0.66844	-0.023597
-0.44722	-0.21557
0.47435	-1.8218
-0.12584	0.92539
1.3625	-0.6015
0.96669	0.88742
-0.08043	3.2738
0.29821	1.5104
-0.26726	-1.0383
-1.6002	0.9139
-0.63163	-0.94912
-0.32727	-0.47708
-0.89033	-0.66894
-0.22503	-0.97507
-1.8891	-1.2094
-0.60024	-1.468
-0.85868	-1.4217
-0.53739	-1.2923
-0.30062	0.43753
-1.3764	0.83092
-0.73624	-0.42954
0.48129	-0.7267
0.33738	1.1458
0.84373	0.21309
1.2349	-0.65398
1.1893	-0.0060759
0.84335	-0.55667
-0.61662	-1.4096
0.60228	-1.6507
-1.3258	-0.43191
-0.93334	-0.48776
-0.92471	-1.2592
-1.6641	-0.1044
-0.67563	-0.36079
-0.85442	-0.26943
-0.3568	-1.0124
-0.51346	0.37582
0.15619	-1.3847
-1.032	0.32422
0.22787	-0.75968
0.50182	-0.79246
-0.3354	1.0092
1.4955	-0.76703
1.3388	0.61562
0.86992	-1.338
-0.40981	0.89061
-0.40886	-0.81922
-0.57119	-0.3425
-1.1615	-1.1363
-2.2181	1.1442
-0.81131	0.35754
-1.138	-0.62543
-0.8546	0.36595
-0.75362	0.63966
-1.0056	0.34907
-0.22732	-1.0208
0.053866	-0.74877
0.037926	0.40939
0.090887	0.26811
0.61617	-0.34266
1.9801	0.50757
2.2465	0.71854
1.5328	1.6555
-0.072501	1.8445
-0.45238	0.8778
0.48735	-1.5925
-0.52159	-0.28953
0.26302	0.25411
-0.29553	-0.82661
-0.74296	0.23949
0.18365	-1.3678
-1.3603	-0.25119
-0.63353	-0.44268
0.34233	-0.22597
-0.84899	1.8651
-0.057671	1.1838
1.0082	-0.59032
0.21638	0.48394
-0.15804	2.2619
1.766	0.051494
1.9229	1.2583
1.7168	0.72444
1.8257	0.83036
0.75911	0.061402
-0.76095	0.7354
-0.24565	0.59156
0.78227	-1.0976
-0.74179	0.090368
-0.83667	-0.12968
-1.0597	0.56157
-0.44451	-0.52684
-0.18701	-0.22789
-1.7412	0.59275
-0.53878	-1.0369
-1.2494	0.62754
-0.7805	2.1686
-0.28463	0.84965
0.25868	-0.95379
-0.18539	1.9238
1.0382	1.8349
0.60304	0.47331
0.36145	1.0039
0.56068	-0.88045
-0.04875	1.73
0.30085	-0.79076
-0.677	-0.40427
-0.55609	-0.32367
-0.43599	0.49477
-0.72209	0.8672
-0.096609	0.38418
-0.22088	-0.31948
-0.86629	-0.078924
0.29702	-1.4333
-0.81896	-0.15061
0.7136	-0.41161
1.3026	-0.26791
1.167	0.14766
0.84885	0.27758
0.49612	1.3484
0.67704	0.15076
1.3129	-0.51342
-0.15523	-0.21121
-0.55735	-1.4657
-0.8561	-0.33716
-0.18247	-1.2039
-1.0422	-0.14054
-0.11136	-0.070221
-0.080983	-1.0597
0.18292	-0.08088
-2.1216	0.6298
-2.6225	1.453
-1.8153	0.61287
-3.2247	1.2444
-2.283	0.11037
0.41825	0.34197
2.8975	-0.42944
1.3762	2.3118
0.83856	-2.4774
-1.6957	-0.98672
-2.2507	0.73872
-0.99723	0.30471
2.128	-1.2977
0.95507	0.52972
1.0534	-1.0969
0.038744	-0.8971
-0.088298	0.58254
0.027107	-0.14469
2.0766	0.56658
2.255	1.443
2.2181	1.662
1.9176	-0.17568
-0.27563	1.2664
-0.10849	-0.57949
1.2174	-0.82495
1.1581	0.80231
-0.54455	0.36514
0.025379	-0.25439
-0.3062	-0.89393
-1.238	-0.2725
-0.35946	-0.91671
1.1018	-0.73458
0.18526	0.72983
-1.4705	1.9025
-0.65756	-0.54249
-0.45246	0.41659
0.55129	0.026714
0.56236	1.9686
1.3457	0.56456
1.3357	2.5725
0.98156	-0.76813
1.2054	0.1917
-0.37785	0.062398
0.093762	-0.18032
0.37937	-0.79676
-0.98681	0.3824
-0.26384	0.023223
-0.5712	-1.9572
-0.00082158	-0.10458
0.26887	0.16169
0.88585	1.0424
0.78922	-1.2925
0.73883	-2.7436
-0.053294	-0.95072
0.73796	-0.834
0.094219	1.5134
0.955	0.76515
1.5238	1.2716
0.10527	2.1888
1.5416	0.49619
-0.38592	0.3901
0.45848	-1.3923
-0.57863	-0.85443
-0.10445	-0.84859
0.014288	0.28937
-0.50577	-0.60079
-1.1913	0.60214
-0.52582	1.245
-0.42181	-0.088701
-0.83989	0.58413
0.0093307	-1.5461
-0.41381	0.39562
-0.52437	-0.21365
0.73094	-1.826
-0.013198	0.99185
1.492	-0.8912
0.66608	0.94533
-0.06807	3.2024
-0.33003	1.52
-0.38673	-1.0217
-0.8386	1.0268
-0.76127	-0.93942
-0.64676	-0.21544
-0.32044	-0.51251
-0.17846	-0.78377
-1.6192	-1.1669
-0.49628	-1.2741
-0.68211	-1.4087
-0.68339	-1.6317
-0.59614	0.33658
-1.2944	0.50437
-0.79772	-0.31746
0.40448	-0.52555
0.16219	1.3934
1.0901	0.040505
1.4881	-0.36363
0.77477	-0.0098239
0.71528	-0.77361
-0.67763	-1.6898
0.40386	-1.6865
-0.88922	-0.30581
-0.34596	-0.19998
-0.90735	-1.2399
-1.3489	0.15975
-0.91488	-0.54623
-0.72334	-0.15111
-0.030642	-1.0165
-0.58462	-0.027515
-0.15202	-1.2154
-1.0742	0.76152
0.51331	-0.87575
0.57506	-0.68911
-0.19151	0.56868
1.3774	-0.35355
1.5863	0.69906
0.79215	-1.1364
-0.54138	0.84722
-0.35864	-0.7707
-0.40752	-0.42901
-0.89255	-1.273
-2.0317	0.93606
-0.97543	0.16938
-0.91561	-0.68366
-0.95086	0.26768
-0.56901	0.49449
-0.96895	0.079458
-0.09565	-1.018
0.54007	-0.87481
-0.1831	0.59656
0.58546	-0.054287
0.47598	0.17195
1.4093	0.19737
2.1769	0.92107
1.4947	1.6487
-0.10741	1.9444
-0.37207	0.45899
0.90013	-1.5431
-0.43405	-0.99967
0.60813	0.36753
-0.34115	-0.87412
-1.0195	0.076365
0.11513	-1.3701
-1.1042	-0.1632
-0.55503	-0.51017
0.39716	0.092656
-0.8057	1.8048
-0.07995	1.2263
1.0689	-1.1094
0.22982	0.51119
-0.03764	2.2205
1.8117	0.019707
1.6012	1.354
1.75	0.45279
1.7758	0.96658
0.67245	0.13945
-0.7375	1.1244
-0.33222	0.36992
0.55487	-1.332
-0.84116	-0.26615
-0.74657	0.17534
-0.8807	0.6049
-0.17989	-0.4588
-0.83199	-0.43301
-1.6311	0.59942
-0.48174	-1.1944
-1.1806	0.57544
-1.1059	2.3768
0.23848	0.85251
0.81803	-1.1773
-0.38324	1.6166
1.2158	2.1868
0.97837	0.63914
0.61541	0.95897
0.78896	-0.74734
0.049435	1.5987
0.4262	-1.0651
-1.006	-0.57083
-0.44431	-0.19014
-0.19498	0.69646
-0.37085	0.47179
0.10873	0.25904
-0.33059	-0.39663
-0.99456	0.14111
0.017952	-1.6709
-0.17729	-0.27488
0.85923	-0.27826
1.7202	-0.085115
1.0717	0.342
1.1739	0.023908
0.7168	1.2484
0.77618	0.097101
1.3867	-0.11334
-0.12986	0.12056
-0.63783	-1.6222
-0.66536	-0.26655
-0.2072	-0.85931
-0.81295	-0.32032
-0.18232	0.13596
-0.2057	-0.91279
0.15744	0.40063
-1.9446	1.0145
-2.6213	1.4452
-1.8734	0.27054
-3.2893	1.1119
-2.4161	0.30826
0.53731	0.51571
2.9479	-0.3732
1.3764	2.1839
0.64599	-2.2675
-1.2747	-1.1977
-2.5705	0.72289
-0.97547	0.43251
2.1609	-1.612
1.0912	0.91126
1.1906	-1.2959
0.25855	-1.1538
-0.12887	0.36482
0.19664	-0.40933
1.8992	0.49061
2.3526	1.2785
2.035	1.7101
1.8774	-0.059387
-0.37223	1.2277
-0.050839	-0.89418
1.1737	-1.1611
1.437	0.94153
-0.33872	0.8564
0.21666	-0.26358
-0.14798	-1.2276
-1.1871	-0.037767
-0.23415	-0.50052
1.3209	-0.80758
-0.078841	1.1287
-1.1733	2.0298
-0.54586	-1.3675
-0.77526	0.18851
0.38197	-0.2186
0.56307	1.6916
1.4252	1.0645
1.4344	2.4147
1.4239	-0.50767
0.73929	0.58521
-0.71291	-0.078091
-0.23891	-1.17
0.36627	-1.0055
-1.1143	0.57327
-0.28899	-0.36963
-0.084593	-2.518
-0.31795	-0.037248
0.15927	-0.14109
0.64385	0.74717
0.6596	-1.7191
0.97353	-2.6558
-0.12691	-1.2566
0.59274	-0.84329
-0.087541	1.5321
0.69403	1.0647
1.4689	1.3282
0.007442	2.0331
0.88184	0.49204
-0.46533	0.49316
0.20539	-0.94085
-0.4657	-1.0844
-0.46533	-0.39607
-0.67207	-0.32946
-0.22439	-0.16743
-1.282	0.5811
-0.87898	1.1433
-0.40933	-0.53006
-0.90553	0.75036
0.020155	-1.3327
-0.50701	0.20376
-0.37065	-0.41613
0.69965	-1.9646
-0.28288	0.95988
1.2393	-0.66612
0.85348	1.1487
0.18926	3.0947
0.099509	1.6896
-0.77448	-0.88432
-1.3083	1.0768
-0.47138	-1.0479
-0.57563	-0.24477
-0.58128	-0.63956
-0.27497	-0.81694
-1.7269	-1.1336
-0.4654	-1.6137
-0.68506	-1.6571
-0.36317	-1.3665
-0.8252	0.22377
-0.96864	0.41415
-0.56539	-0.32755
0.47836	-0.7386
0.25958	1.1324
0.66633	0.10575
1.4754	-0.86284
0.89622	-0.36865
0.81183	-0.60137
-0.70239	-1.619
0.18327	-1.3254
-0.88452	-0.5373
-0.80107	-0.32688
-1.0312	-0.82769
-1.2922	0.15057
-0.55575	-0.51843
-0.70812	-0.081411
-0.081668	-1.3416
-0.25324	0.003764
0.19475	-1.3499
-1.246	0.11893
0.26543	-0.66265
0.495	-0.79582
-0.13432	0.74418
1.7787	-0.59519
1.5736	0.60561
0.77444	-1.4482
-0.71398	0.72643
-0.28905	-0.60055
-0.18686	-0.27546
-1.2934	-1.3855
-1.869	1.029
-1.0327	0.55491
-0.87815	-1.0006
-0.72559	0.036897
-0.56231	0.53565
-1.2153	0.31937
0.11221	-0.96532
0.68949	-0.99425
-0.24861	0.77856
0.35883	-0.012694
0.37341	-0.1283
1.262	0.022085
1.9956	0.68187
1.7219	1.7159
0.151	1.4647
-0.51951	0.61278
0.98654	-1.33
-0.68261	-0.81952
0.56115	0.26668
-0.22566	-0.55003
-0.93345	-0.17237
0.031856	-0.89378
-1.1983	-0.033305
-0.7057	-0.44804
0.29451	-0.24526
-0.63631	1.4398
-0.27886	1.2365
1.0432	-1.0658
0.029049	0.27027
0.014955	2.1016
1.9088	-0.32915
1.6357	1.4817
1.8965	0.86462
1.8142	0.88302
0.84463	-0.18735
-0.40858	1.0624
-0.10741	0.010584
0.39479	-1.4108
-0.69815	-0.10975
-0.79809	0.17682
-1.067	0.66313
-0.037163	-0.71312
-0.57698	-0.42553
-1.6662	0.53718
-0.61128	-1.0409
-0.8235	0.36428
-0.6494	2.4799
-0.1901	0.80864
0.85599	-0.98026
-0.53021	1.248
1.3138	1.8884
0.68676	0.54058
0.23739	1.0328
0.93681	-0.51582
-0.33276	1.6609
0.18818	-0.92675
-1.0989	-0.52438
-0.23769	-0.26337
-0.11025	0.46596
-0.44396	1.1878
0.075093	0.69754
-0.33769	-0.24729
-0.42651	0.44499
0.48087	-1.275
-0.79704	0.09551
0.77905	-0.86004
1.1058	-0.15062
1.1506	0.1184
1.0097	-0.12951
0.45046	1.1861
0.92626	-0.12792
1.1754	-0.87848
-0.014233	-0.00062001
-0.74762	-1.6978
-0.6572	-0.2685
0.004015	-0.89796
-1.2266	-0.10189
-0.25944	-0.21707
0.2439	-0.90652
-0.00063442	0.17613
-1.9438	0.50507
-2.4094	1.3306
-1.6908	0.63633
-3.195	1.2735
-2.6019	0.38705
0.50583	-0.27627
2.8224	-0.29772
1.7259	1.9277
0.94611	-2.1778
-1.4338	-0.95758
-2.5128	1.0586
-1.129	0.62238
2.1251	-1.2645
0.93696	0.49619
1.2923	-1.0857
0.22825	-0.98767
-0.26509	0.42977
0.4191	-0.20482
1.8347	0.6059
2.4183	1.282
2.1187	1.6528
2.2457	0.062137
-0.14792	1.2799
-0.30571	-0.72052
1.2589	-1.4089
1.5314	0.5164
-0.34863	0.61076
0.0081949	0.21112
0.2588	-0.91032
-0.79167	0.04952
-0.59518	-0.60211
1.2449	-1.132
-0.073994	0.72408
-1.3369	2.1759
-0.31139	-0.76474
-0.47159	0.10683
0.52804	-0.064503
0.59043	1.846
1.4948	1.0456
0.90542	2.9556
1.3593	-0.85561
0.83021	0.29094
-0.58832	-0.10779
0.10601	-0.40236
0.54252	-0.85419
-0.60654	0.47877
-0.33909	-0.30554
-0.19392	-2.6258
-0.35322	-0.12426
-0.073761	-0.21085
0.6155	1.108
0.59886	-1.5095
0.94411	-2.5439
-0.37894	-1.3574
0.8588	-0.57759
-0.14436	1.3522
0.80269	1.4315
1.5821	1.3243
0.39366	2.1644
1.2414	0.7395
-0.5066	0.88506
0.071225	-1.159
-0.73808	-0.79709
-0.1264	-0.56149
-0.2599	-0.24256
0.0080583	-0.31175
-1.5693	0.59003
-0.94435	0.96774
-0.47302	-0.41313
-0.8187	0.58645
0.27195	-1.3569
-0.84659	0.13622
-0.30935	-0.6108
0.4515	-1.8465
0.04281	1.1747
1.3382	-0.75378
0.46809	0.87444
0.35446	3.2194
0.21378	1.7797
-0.57442	-1.3701
-1.0862	1.074
-0.69078	-0.65572
-0.99375	-0.38157
-0.67054	-0.58984
-0.19582	-0.61862
-1.5786	-1.1694
-0.6152	-1.6799
-0.83124	-1.0933
-0.4973	-1.4331
-0.76294	0.43204
-1.2431	0.8035
-0.71472	-0.082481
0.18937	-0.98072
0.38297	0.917
1.0733	0.030374
1.195	-0.24686
1.0079	-0.1633
0.96971	-0.38179
-0.63484	-1.727
0.30847	-1.6614
-0.80537	-0.67618
-0.33795	-0.17122
-0.99191	-1.2556
-1.3567	0.064164
-0.59198	-0.5559
-0.82936	-0.030496
-0.16432	-1.0317
-0.24741	0.055001
-0.13731	-1.1655
-0.83967	0.43577
0.47129	-0.73148
0.33189	-0.89806
-0.29261	0.57581
1.6195	-0.78794
1.0606	0.44422
0.6949	-1.118
-0.93882	1.0528
-0.28141	-0.62088
-0.61408	-0.40157
-0.69435	-1.2318
-2.0201	1.1431
-0.79656	-0.068408
-0.99398	-0.45985
-1.4112	-0.20716
-0.69123	0.56122
-1.3368	0.51725
0.21403	-0.8512
0.39141	-1.1101
-0.21856	0.4536
0.074097	0.27256
0.77109	0.097181
1.4246	0.037244
2.1973	1.2917
1.4941	1.8518
0.014636	1.6497
-0.32477	0.43747
1.1676	-1.537
-0.26123	-0.8046
0.60514	0.2642
0.13857	-0.48579
-0.89317	-0.32398
0.32952	-1.4688
-1.1983	0.0078346
-0.53495	-0.62881
0.13681	-0.25954
-0.5519	1.7222
-0.51633	1.0809
0.95169	-0.83444
0.011183	0.68991
-0.31382	2.6979
1.9593	0.31186
1.8632	1.4097
1.8515	0.85564
1.9269	0.80131
0.37165	0.45661
-0.35714	1.2832
0.18588	0.36717
0.36356	-1.2892
-0.48183	-0.14528
-0.6921	0.19974
-0.86911	0.40782
-0.43319	-0.92955
-0.72122	-0.49547
-1.7673	0.62444
-0.79269	-1.1516
-0.93709	0.58696
-0.89259	2.3352
-0.10296	1.2177
0.83384	-0.85187
-0.26647	1.4665
1.0117	2.2361
0.64174	0.337
0.29844	1.2381
0.77303	-0.80981
-0.12022	1.5553
0.099483	-0.86564
-1.0441	-0.25269
-0.2466	-0.35012
-0.1656	0.58515
-0.50836	0.86711
0.27783	0.28759
-0.46843	-0.56199
-0.40913	0.019721
-0.089463	-1.5708
-0.65679	-0.55851
0.79259	-0.49896
1.5632	-0.42929
0.87933	0.40037
1.4847	-0.30075
0.61718	1.4435
1.0384	-0.062905
1.0507	-0.65531
-0.4685	0.17358
-0.22061	-1.2454
-0.92601	-0.14576
-0.16003	-1.084
-0.82248	-0.10993
-0.28994	0.15823
-0.26453	-0.7088
0.19564	0.16754
-1.8494	0.86745
-2.6549	1.6618
-1.6669	0.37947
-2.8792	1.1274
-2.4946	0.33929
0.7003	0.046488
3.1265	-0.076549
1.233	1.9802
0.62376	-2.5183
-1.333	-1.087
-2.403	0.40905
-0.78487	0.52058
1.9462	-1.3889
1.0467	0.39417
1.1548	-0.99397
-0.18251	-1.3454
-0.012291	0.62499
0.18736	-0.10407
2.234	0.50353
2.4128	1.4738
1.9467	1.6877
2.042	-0.36642
-0.28464	1.0822
-0.46314	-0.62182
1.4019	-1.3423
1.3695	0.73326
-0.33718	0.43117
0.26059	-0.21644
-0.40477	-1.024
-0.81098	0.061574
-0.19963	-0.60843
1.4183	-0.54232
-0.36823	0.64997
-1.267	2.1367
-0.4867	-0.59691
-0.68878	0.55749
0.64597	0.13566
0.72489	1.8599
1.5942	1.1655
1.1249	2.7039
1.0082	-0.39114
0.53162	0.48151
-0.51212	-0.20688
0.11855	-0.20591
0.15149	-0.97817
-0.76937	0.19596
-0.37641	-0.43568
-0.4153	-2.5327
-0.18775	-0.17959
0.025168	-0.47924
0.81769	0.5823
0.68908	-1.5911
1.0141	-2.605
-0.14637	-0.93535
0.77054	-0.72308
-0.22689	1.3044
0.89302	0.86625
1.7771	1.5959
0.11505	1.9073
1.3657	0.64998
-0.75627	0.47998
0.24179	-0.954
-0.3724	-1.1314
0.056146	-0.61831
-0.10829	0.23179
-0.53444	-0.16423
-1.761	0.46722
-0.78139	0.98452
-0.43757	-0.59066
-0.83026	0.68086
-0.28484	-1.3464
-0.63448	-0.08658
-0.45135	-0.49481
0.3035	-1.5926
-0.050379	1.4364
1.6473	-0.69346
0.66647	0.92507
0.2208	2.9446
0.049031	1.8161
-0.87032	-0.99749
-1.616	0.80591
-0.79564	-0.96343
-1.2116	-0.06511
-0.55465	-0.38648
-0.35737	-0.70577
-1.7687	-1.3293
-0.20926	-1.5704
-0.81214	-1.4953
-0.55012	-1.469
-0.69314	0.53917
-1.5085	0.68189
-0.5699	-0.75683
0.49364	-0.77868
0.32107	1.4027
1.1257	0.033291
1.6363	-0.3299
0.66641	-0.18256
0.7094	-0.95577
-0.69144	-1.7522
0.71804	-1.6328
-0.92442	-0.49792
-0.59275	-0.90241
-0.83644	-1.2088
-1.5444	0.0040333
-0.62221	-0.94944
-1.1525	-0.13932
-0.23782	-0.94916
-0.61839	-0.067687
-0.041678	-1.4301
-0.91433	0.35462
0.4771	-0.95494
0.51214	-1.1145
-0.40708	0.65934
1.5061	-0.67932
1.7789	0.84992
0.76389	-1.5745
-1.0659	0.5311
-0.48153	-0.69469
-0.6248	-0.37124
-0.89966	-1.1821
-1.6259	1.1544
-0.83649	0.3844
-0.91101	-0.55876
-0.76308	0.23874
-0.72349	0.51984
-1.2528	0.30265
-0.0095071	-0.9533
0.48425	-0.7774
-0.179	0.40292
0.19541	0.48737
0.53097	0.091692
1.1344	0.3328
2.0925	1.0361
1.9749	1.9046
0.099559	1.7577
-0.55013	0.75965
0.98263	-1.3966
-0.49149	-0.51191
0.7578	0.34893
-0.16706	-0.82942
-0.9966	0.13306
-0.13567	-1.5484
-1.1831	-0.24825
-0.40757	-0.68056
0.44605	-0.087922
-0.39674	1.7814
-0.19564	1.2449
1.002	-1.4671
-0.15227	0.49114
-0.34393	2.4087
2.2974	0.0072752
2.0029	1.4896
1.9104	0.83379
1.6423	0.7486
0.68517	0.011725
-0.43341	1.0944
-0.057228	0.9098
0.12343	-1.2902
-0.71202	-0.30851
-0.95456	0.022981
-0.8391	0.81611
-0.032821	-0.62465
-0.70529	-0.52001
-2.0041	0.24639
-0.67531	-1.011
-1.3787	0.31771
-0.45224	2.1092
-0.27043	0.80741
0.69863	-0.87698
-0.5677	1.4688
0.86654	1.7684
0.58126	0.65506
0.34812	1.0135
0.55206	-0.40917
0.031922	1.9312
0.5508	-1.2206
-0.84138	-0.30083
-0.47205	-0.10846
-0.45763	0.51865
-0.9523	0.65081
0.024749	0.49408
-0.1863	-0.2818
-0.90921	-0.12418
-0.005155	-1.1669
-0.60556	0.12763
0.70095	-0.80312
1.5461	-0.32567
1.0982	0.17182
1.0422	0.23354
0.65576	1.4942
0.90454	-0.048617
1.1705	-0.55723
-0.39874	-0.086622
-0.52374	-1.5423
-0.64893	-0.36032
-0.05727	-0.86224
-1.147	-0.13526
-0.15357	-0.27674
0.3523	-1.1392
0.06765	0.35029
-1.8792	0.71748
-2.7436	1.4957
-1.7525	0.86739
-3.4766	1.1707
-2.2232	0.26738
0.50151	0.17408
2.762	-0.26764
1.8094	1.7485
0.57082	-2.2836
-1.2704	-1.3226
-2.5065	0.64605
-0.90809	0.29836
2.219	-1.0865
0.81413	0.53773
1.3663	-1.1045
0.41729	-1.532
0.19106	0.27663
-0.015504	-0.41772
2.2191	0.92673
2.2039	1.3496
2.298	1.4025
1.979	-0.39361
-0.24197	1.3543
0.046048	-0.63993
1.0103	-1.1318
1.3067	0.53926
-0.83846	0.60436
0.12948	-0.10345
-0.48522	-1.2675
-0.78102	-0.085815
-0.010894	-0.82099
1.4049	-0.95763
-0.066197	0.67705
-1.2535	1.8619
-0.26755	-0.34374
-0.43673	0.027121
0.63243	-0.4198
0.27698	1.9217
1.4415	0.98104
1.1297	2.7744
1.0642	-0.86826
0.79726	0.6009
-0.52622	-0.047369
-0.22902	-0.46733
0.59096	-0.6696
-1.0151	0.53588
-0.30853	-0.41008
-0.36476	-2.0651
-0.042238	-0.2361
0.2871	-0.1117
0.61993	1.0936
0.81223	-1.6269
0.91864	-2.6224
-0.29063	-1.1339
0.79108	-0.49854
0.011987	1.3803
0.89412	0.82335
1.6867	1.7037
0.23547	1.831
1.0123	0.56607
-0.52334	0.5455
0.4984	-1.477
-0.50185	-1.393
-0.6027	-0.70775
-0.19691	0.00072666
-0.09252	-0.14173
-1.2737	0.65877
-0.85671	0.98422
-0.28487	-0.68798
-0.75633	0.65174
0.17447	-1.3874
-0.75696	0.28905
-0.47177	-0.38776
0.34307	-1.7105
-0.0051025	0.94949
1.5395	-0.76983
0.77016	1.2461
0.080653	2.988
0.033014	1.3714
-0.89308	-0.88593
-1.118	0.90422
-0.5889	-1.1347
-0.63073	-0.69866
-0.27151	-0.54626
-0.34676	-1.0171
-1.8207	-1.4577
-0.21718	-1.3574
-0.88789	-1.0866
-0.46048	-1.4721
-0.88349	0.49889
-1.2759	0.26621
-0.98341	-0.39368
0.49569	-0.94642
0.23225	1.3767
0.98562	0.20184
1.7238	-0.42701
1.186	-0.24045
1.0295	-0.89163
-0.28753	-1.403
0.27005	-1.679
-1.1067	-1.0916
-0.44473	-0.39394
-0.92114	-0.99092
-0.90878	0.22343
-0.77199	-0.43774
-1.0336	-0.078029
-0.39498	-1.1247
-0.52573	0.24509
0.37443	-1.5183
-1.2071	0.67455
0.51196	-1.0542
0.41909	-0.46762
-0.60889	0.76207
1.6405	-0.53312
1.6057	0.72426
0.99093	-1.8359
-0.75914	0.91447
-0.14599	-0.9634
-0.81873	-0.23085
-1.1831	-1.2734
-1.9582	1.2962
-1.0617	0.10825
-0.87181	-0.38353
-0.51807	0.15046
-0.55815	0.57871
-1.263	0.28227
-0.14846	-0.85125
0.40114	-0.61445
-0.15339	0.38994
0.16038	0.38276
0.63765	-0.33541
1.4257	0.30794
2.0691	0.9972
1.5679	1.755
0.14879	1.5088
-0.32791	0.64366
0.62434	-1.4647
-0.9658	-0.6395
0.63031	0.25008
-0.25799	-0.35193
-0.86242	0.27359
0.30649	-1.365
-1.1461	-0.18222
-0.59433	-0.68549
0.3175	-0.4496
-0.74973	1.6241
-0.051086	1.4024
1.2696	-0.80079
-0.12079	0.27117
0.045713	2.3387
2.4512	-0.39922
2.0857	1.268
1.8238	0.905
1.7312	0.97636
0.80604	0.36868
-0.53628	1.0318
-0.10365	0.75389
0.27499	-1.1513
-0.6786	-0.30024
-0.65122	0.24271
-0.85286	0.48846
-0.24225	-1.0958
-0.53559	-0.3123
-1.8557	0.44049
-0.78955	-0.87859
-0.72973	0.31576
-0.59508	2.3309
-0.24645	0.85013
0.62801	-1.1355
-0.30666	1.4579
1.1613	2.0097
0.57895	0.36062
0.3698	0.92582
0.87067	-0.85048
-0.32995	1.6915
0.36111	-0.78206
-0.91296	-0.31454
-0.30682	-0.072241
-0.21904	0.40118
-0.52384	0.90742
-0.20891	0.55078
-0.28014	-0.24337
-0.76617	0.061931
0.51838	-1.4047
-0.66399	-0.02526
0.68653	-0.88959
1.453	-0.39623
1.2281	0.18792
0.89631	-0.13437
0.57322	1.1598
0.8387	0.092773
1.0595	-0.33776
-0.40436	0.13009
-0.3181	-1.5484
-0.65747	0.055921
-0.026857	-0.64349
-0.97517	-0.36698
-0.44957	-0.28169
0.045651	-0.69872
0.13179	0.29683
-1.9072	0.75489
-2.691	1.1761
-1.9316	0.42625
-3.4319	1.3854
-1.9622	0.41662
0.41515	0.08231
3.3272	-0.40754
1.6812	2.013
0.89586	-2.2143
-1.5493	-1.2605
-2.3908	0.30409
-1.0211	0.31864
2.4559	-1.365
0.75565	0.1273
1.3951	-1.0802
-0.22272	-1.124
0.010594	0.37382
0.23639	-0.12762
2.0134	0.27485
2.1485	1.3699
2.4117	1.3599
2.0326	-0.076253
-0.27982	0.90796
-0.18581	-0.60151
1.02	-1.3668
1.0777	0.91799
-0.76304	0.29741
-0.12847	-0.02095
-0.41924	-0.90629
-1.1323	-0.24311
-0.30042	-0.59752
1.1691	-0.73847
-0.31803	1.1149
-1.2745	2.2662
-0.071889	-0.51129
-0.59202	0.099241
0.71038	-0.32181
0.30195	1.7123
1.3359	0.7073
1.2948	3.0651
1.1432	-0.84427
0.75781	0.44138
-0.76245	0.054856
-0.22603	-0.25775
0.91687	-0.67022
-0.76328	0.52198
-0.45932	-0.52792
-0.2676	-2.4531
-0.38668	-0.51933
0.15234	-0.092909
0.40854	0.7706
0.7754	-1.4409
1.3274	-2.667
-0.37799	-0.97404
0.91456	-0.63585
-0.22272	1.5163
1.2774	1.0479
1.248	1.5354
0.24792	1.7145
0.91256	0.65718
-0.4088	0.89587
0.37782	-1.1032
-0.39201	-0.79247
-0.22582	-0.73182
-0.30467	0.27496
0.020187	-0.045857
-1.874	0.45468
-0.79244	1.0908
-0.41406	-0.88255
-1.0246	0.47816
0.052962	-1.227
-0.90727	0.052892
-0.24481	-0.38835
0.34623	-1.6873
-0.28775	1.0439
1.4042	-0.46929
0.50789	0.85199
0.23381	2.8367
0.37318	1.5361
-0.29067	-0.89966
-1.3515	1.0679
-0.95176	-1.2635
-0.6845	-0.062382
-0.38779	-0.51703
-0.024929	-0.51028
-1.5561	-1.4376
-0.21556	-1.5186
-0.68921	-1.5326
-0.49299	-1.2051
-0.8433	0.5631
-1.0685	0.55449
-0.68848	-0.48
0.48057	-0.97883
0.18515	1.2637
1.168	0.37739
1.33	-0.497
0.79718	-0.41462
0.70257	-0.896
-0.74938	-1.7051
0.8082	-1.5385
-0.84795	-0.60942
-0.35679	-0.54566
-0.76035	-1.3848
-1.5824	-0.26651
-0.77592	-0.19841
-0.87591	-0.13534
-0.14159	-0.86372
-0.52152	0.18315
-0.46772	-1.4115
-1.2925	0.60014
0.38131	-0.82575
0.47621	-0.84084
-0.37876	0.68219
1.4994	-0.88393
1.7053	0.38898
0.92026	-1.1056
-0.58439	0.72457
-0.10119	-1.0158
-0.53941	-0.20859
-0.82413	-1.3145
-2.1776	1.0191
-1.1675	0.17298
-1.0424	-0.58073
-0.9675	0.28679
-0.46457	0.73097
-1.0952	0.42411
-0.051633	-0.76546
0.37465	-0.93589
0.10018	0.94925
0.43147	-0.2573
0.511	0.030162
1.4908	0.46959
2.2002	1.1157
1.6239	1.8074
0.045359	1.8991
-0.39478	0.80715
0.93755	-1.5065
-0.64616	-0.64745
0.86297	0.051617
-0.094141	-0.62663
-0.80945	0.040919
0.18789	-1.4173
-1.1435	-0.22088
-0.66357	-0.28181
0.24003	-0.17492
-0.68585	1.8454
-0.27273	1.1433
1.0731	-0.89458
0.34673	0.52177
0.10367	2.137
1.9848	-0.041755
2.0781	1.1467
1.5699	0.29326
1.8416	0.77514
0.53504	0.056859
-0.58274	1.0739
-0.18242	0.31375
0.30334	-1.315
-0.64728	-0.2795
-0.65014	-0.050639
-0.90083	0.45048
0.026309	-0.68911
-0.53452	-0.15732
-2.1857	-0.027402
-0.39607	-1.2188
-0.98018	0.55942
-0.91183	2.4188
-0.015581	0.6135
0.56136	-1.0873
-0.18862	1.2189
1.3174	1.9038
0.4272	0.73902
0.40479	0.95045
0.4468	-0.27911
-0.27683	1.8405
0.32944	-0.65264
-0.82907	-0.20761
-0.35194	0.043583
-0.23582	0.57536
-0.6358	0.79139
0.011522	0.6146
-0.17173	-0.21078
-0.50251	-0.27757
0.53613	-1.0753
-0.39241	-0.37994
0.68985	-0.74018
1.1083	-0.32913
0.87696	0.16457
1.0037	0.30983
0.47557	1.0894
0.56326	0.069451
1.3091	-0.55668
-0.16281	0.084453
-0.28892	-1.6099
-0.9062	0.04875
-0.26933	-0.962
-0.9013	-0.28305
-0.011476	-0.24468
0.011305	-1.146
0.30908	0.027233
-1.9592	0.69594
-2.4421	1.1919
-1.9993	0.51337
-3.085	0.82002
-2.3806	0.42491
0.4484	0.29868
3.0567	-0.064638
1.538	2.0915
0.80144	-2.4161
-1.5997	-1.074
-2.0929	0.77017
-0.89409	0.67637
1.6279	-1.066
0.92481	0.78436
1.3725	-1.4758
0.2578	-1.4656
0.13506	0.55767
0.32073	-0.39938
1.8039	0.34164
2.3324	1.3271
2.2923	1.4908
1.9227	-0.22923
0.1206	0.94058
-0.40584	-0.622
1.0865	-1.1841
1.3638	0.72429
-0.33145	0.69128
-0.0025085	-0.25694
-0.03498	-1.4188
-1.0104	-0.21722
-0.2375	-0.49402
0.99705	-0.82103
-0.39023	1.1744
-1.0157	1.9218
-0.36072	-0.67013
-0.47323	0.02447
0.46025	-0.22814
0.60079	2.0064
1.2016	0.89355
1.1106	3.0283
1.2148	-0.74307
0.85711	0.596
-0.70398	0.095486
0.020841	-0.4742
0.39237	-0.91487
-0.62588	0.16813
-0.55597	-0.38613
-0.38498	-2.0668
-0.17384	-0.19297
0.22183	0.11724
0.63248	0.95269
0.67559	-1.5113
0.6304	-2.4865
-0.16923	-0.8387
1.1769	-0.3864
0.18791	1.488
0.88493	0.85088
1.2438	1.4706
0.24372	2.1154
0.95151	0.73887
-0.65118	0.48537
0.21879	-1.4439
-0.16446	-0.79444
-0.48039	-0.68317
-0.050597	0.24618
-0.18393	-0.038134
-1.2963	0.47776
-1.0542	1.1316
-0.012723	-0.50427
-1.0099	0.56721
-0.11941	-1.2489
-0.72873	0.24339
0.024244	-0.71421
0.80379	-1.7129
-0.34777	1.2775
1.2699	-0.32679
0.7326	1.2001
0.17326	2.8272
0.0086433	1.3531
-0.49206	-0.78223
-1.1022	1.4185
-0.64803	-0.52372
-0.90841	-0.014835
-0.29473	-0.68387
-0.20089	-0.76664
-1.9213	-1.3077
-0.33736	-0.99262
-0.73195	-1.2329
-0.44545	-1.3606
-0.99474	0.44703
-1.5307	0.57597
-0.67133	-0.37447
0.16331	-0.41439
0.37905	1.6184
1.1209	-0.015543
1.3474	-0.5107
0.93072	-0.40287
0.89062	-0.74744
-0.65047	-1.8116
0.49953	-1.5548
-0.78244	-0.51024
-0.69984	-0.53852
-0.74726	-1.0404
-1.8365	0.30435
-0.7729	-0.70484
-0.95037	-0.15218
-0.63557	-1.2077
-0.22089	-0.15665
-0.087239	-1.5021
-0.75765	0.57905
0.45521	-0.79811
0.27334	-0.96392
-0.50253	0.76034
1.5354	-0.48824
1.2166	0.21778
0.82737	-1.7552
-0.77351	0.67785
-0.14979	-1.0488
-0.31644	-0.46442
-1.0161	-1.2548
-1.8482	1.1881
-1.061	0.51252
-1.1541	-0.60317
-1.1474	-0.073094
-0.67943	0.69649
-1.1356	0.38536
0.25389	-0.93217
0.264	-0.6932
0.31488	0.52173
0.62813	0.14562
0.6078	-0.054248
1.4119	0.24626
2.0763	0.69923
1.687	1.5693
-0.041617	1.8708
-0.044132	0.4397
1.0518	-1.4766
-0.701	-0.46624
0.57019	0.22599
0.036035	-0.8605
-0.8547	-0.17565
0.31927	-1.3172
-1.2694	0.18838
-0.63217	-0.40913
0.026889	-0.4123
-0.74478	1.8593
-0.19456	0.96926
1.0389	-0.92407
0.017142	0.20905
-0.048297	2.2656
2.3918	-0.059318
1.9709	1.2047
1.8651	0.8242
1.7358	1.0038
0.73071	0.36532
-0.25932	0.97502
-0.14132	0.17983
0.62877	-1.4595
-0.63382	-0.32837
-0.84843	-0.28933
-0.73262	0.83418
-0.4912	-0.64883
-0.95039	-0.57829
-1.8162	0.47686
-0.78734	-1.038
-1.1773	0.55059
-0.568	2.4089
-0.032971	0.88048
0.3687	-1.1238
-0.56773	1.4997
1.0529	1.7882
0.85291	0.46673
0.40074	0.8521
0.36651	-0.93388
0.05916	1.766
0.18283	-1.1037
-1.2261	-0.29848
-0.35144	-0.21705
-0.17011	0.36554
-0.57501	0.97556
-0.34112	0.56227
-0.44258	-0.067691
-0.60521	-0.036284
0.45443	-1.3167
-0.44861	-0.44458
0.84543	-0.60086
1.1643	0.066744
1.1852	0.080549
0.88146	-0.25746
0.71298	1.4165
0.55564	-0.28301
1.3335	-0.43565
-0.18025	0.11954
-0.60262	-1.2067
-0.96261	-0.19194
-0.14574	-1.0477
-1.2199	-0.19875
-0.36377	-0.23548
0.042731	-0.58747
0.024343	0.0034497
-2.1152	0.33728
-2.6812	1.4663
-2.2106	0.59733
-3.3005	1.2568
-2.3747	0.494
0.38209	0.36504
3.0999	-0.099983
1.6532	2.1556
0.60117	-2.4112
-1.7387	-1.1645
-2.2711	0.50794
-0.74454	0.60872
2.0702	-1.3186
0.84986	0.48823
1.0541	-1.3209
0.04916	-1.1544
-0.18282	-0.035143
-0.036307	-0.3394
1.8538	0.48143
2.6445	1.2509
2.1624	1.4362
2.0609	0.011874
-0.25452	1.0106
-0.14818	-0.88154
1.1393	-1.2859
1.3131	0.75504
-0.45947	0.59605
-0.059563	-0.29502
-0.33603	-0.71707
-1.0986	-0.034673
-0.54288	-0.77941
1.3481	-0.94507
-0.048491	0.97825
-0.8442	2.2461
-0.88989	-0.71668
-0.57947	0.37863
0.45425	0.14883
0.54801	1.9986
1.5809	0.80927
1.2241	2.5993
1.5095	-0.89877
0.3797	0.55569
-0.066509	-0.20217
-0.20076	-0.40021
0.43806	-0.81463
-0.88787	0.27464
-0.60723	-0.60012
0.15892	-2.3872
0.029216	-0.16882
0.033554	-0.12694
0.53467	0.84065
0.34667	-1.8132
0.45611	-2.3773
-0.32794	-1.4378
0.80364	-0.33584
-0.075016	1.7545
0.89822	0.8716
1.4271	1.6451
0.4712	1.6685
0.84872	0.4988
-0.44362	0.83205
0.0043523	-1.0784
-0.3667	-1.1088
-0.16046	-0.54859
-0.20672	0.18158
-0.054232	-0.45389
-1.4907	0.23902
-0.66704	0.91997
-0.79561	-0.75763
-0.69374	0.29188
-0.24711	-1.4179
-1.0145	0.10144
-0.38974	-0.31566
0.635	-1.9454
0.16465	1.011
1.2324	-0.81328
0.49188	0.8296
-0.026147	2.8998
0.16577	1.844
-0.56738	-1.137
-1.2724	0.97615
-0.50406	-0.95761
-0.57885	-0.359
-0.7829	-0.85727
-0.32799	-0.52353
-1.7115	-1.4451
-0.25968	-1.4254
-0.79887	-1.2493
-0.59405	-1.2244
-1.0899	0.3367
-1.2921	0.42511
-0.5757	-0.58595
0.32359	-0.95366
0.5637	1.4154
0.80841	-0.099955
1.3246	-0.66883
1.0599	-0.21557
0.95396	-1.0566
-0.45042	-1.3603
0.61772	-1.2892
-0.94519	-0.64944
-0.48298	-0.11685
-0.68592	-1.322
-1.5368	-0.010937
-0.69972	-0.3825
-0.95061	-0.067883
-0.2679	-1.3306
-0.60909	-0.0095613
-0.29809	-1.3269
-1.0923	0.55472
0.27144	-0.72214
0.33675	-0.63543
-0.44083	0.65359
1.5706	-0.69058
1.4321	0.56877
0.8718	-1.1782
-0.63672	0.8883
-0.045574	-1.0089
-0.8104	-0.44472
-0.92216	-1.3484
-1.9292	1.0238
-1.3078	0.22129
-0.8608	-0.60307
-0.60911	0.16728
-0.82554	0.74017
-0.85269	0.36823
0.12149	-0.94661
0.42612	-0.90301
-0.20663	0.87803
0.26847	0.036258
0.12308	0.057386
1.4512	0.1827
1.8988	1.0862
1.5794	1.9057
0.30059	1.4103
-0.37217	0.61302
0.61585	-1.3657
-0.41735	-0.45506
0.91764	0.57709
-0.036781	-0.70879
-0.56145	-0.2926
0.38415	-1.5714
-1.1123	-0.2651
-0.38303	-0.38174
0.46925	-0.23235
-0.67505	1.8081
-0.092626	1.4441
0.90831	-0.84543
0.19021	0.66436
-0.42033	2.3864
1.923	-0.2703
2.0855	1.0524
1.9188	0.62965
1.429	0.67523
0.74381	-0.25384
-0.66362	0.92921
-0.1926	0.42384
0.19831	-1.3843
-0.56653	-0.39273
-0.52862	0.12428
-1.2689	0.56981
-0.6023	-0.8796
-0.55028	-0.53683
-1.4366	0.28581
-0.77927	-0.89981
-0.98751	0.47763
-0.37616	2.1388
0.29071	1.1038
0.6225	-0.80711
-0.44454	1.5127
0.71404	1.6774
0.43889	0.40018
0.66091	1.2308
0.83503	-0.60691
-0.09344	1.7994
0.23567	-0.75894
-1.0029	0.14855
-0.56721	-0.10967
-0.38896	0.44884
-0.602	0.85199
0.12126	0.34152
-0.60887	-0.5879
-0.51844	0.070583
0.35606	-1.4113
-0.55599	-0.17175
0.88271	-0.57583
0.84143	-0.13518
0.9204	0.0041244
1.0802	-0.0068281
0.79216	1.2009
0.89054	-0.10847
1.2485	-0.48729
-0.44359	-0.05845
-0.69604	-1.2976
-0.54464	-0.23696
-0.019852	-0.76947
-0.99507	-0.12619
-0.023758	-0.096846
0.24643	-0.44115
0.11517	0.17341
-1.9804	0.74494
-2.529	1.1996
-1.9199	0.20712
-3.0973	1.1917
-2.1575	0.50637
0.28712	0.11167
3.0531	-0.30468
1.5382	1.9228
0.88866	-2.4818
-1.6265	-1.397
-2.3656	0.95811
-0.83004	0.71353
1.8431	-1.1685
1.1013	0.71016
1.3352	-1.4452
0.055537	-0.80863
-0.20132	0.29231
-0.2108	0.080945
2.1826	0.85605
2.5492	1.3429
2.3507	1.5444
1.7493	-0.11944
0.12809	1.2262
-0.51176	-0.52513
1.4715	-1.331
1.2263	0.43758
-0.68813	0.70127
0.15115	-0.25485
-0.48918	-0.92532
-0.80259	0.039348
-0.38587	-0.58845
1.2012	-1.0124
0.0091608	1.154
-1.4538	2.1571
-0.3254	-0.86816
-0.45973	0.075713
0.50313	-0.33143
0.65676	1.6963
1.8845	0.99991
1.0623	2.7674
1.3474	-0.64144
0.68482	0.22902
-0.75362	-0.074808
0.16764	-0.4062
0.40874	-0.67698
-0.93538	0.40951
-0.36688	-0.35475
-0.45833	-2.502
0.055554	-0.034196
0.23858	-0.14891
0.84905	0.83833
0.79875	-1.3515
1.0208	-2.3086
0.16754	-1.3484
0.5163	-0.64516
0.12929	1.4581
1.0213	0.92881
1.5835	1.3916
-0.026592	2.072
0.96589	0.42289
-0.55116	0.70452
0.17105	-1.43
-0.44653	-1.2659
-0.42206	-0.90451
-0.26518	0.038293
-0.19705	-0.03192
-1.4757	0.468
-0.857	0.939
-0.42882	-0.42641
-0.90417	0.71983
-0.099607	-1.3387
-0.77559	-0.12905
-0.36546	-0.38515
0.45175	-1.8676
-0.27513	0.82616
0.98289	-0.83973
0.55803	0.70208
0.16063	2.9459
0.065967	1.6205
-0.51817	-0.91484
-1.1882	1.1306
-0.97528	-0.65855
-1.3398	-0.3337
-0.64263	-0.38391
-0.056189	-0.55034
-1.8804	-1.5905
-0.28258	-1.1367
-0.47628	-1.3035
-0.50903	-1.0908
-0.76897	0.26851
-1.4449	0.30275
-0.74591	-0.53508
0.59326	-1.0333
0.47459	1.4619
0.96734	0.42046
1.4533	-0.28041
0.96094	-0.49098
1.2736	-0.79899
-0.83677	-1.637
0.55712	-1.8788
-0.62268	-0.59265
-0.51595	-0.59667
-1.1501	-1.1503
-1.5215	-0.057113
-0.81302	-0.52635
-0.87717	-0.13519
-0.014008	-1.3982
-0.42202	0.26259
0.14882	-1.067
-1.0246	0.74903
0.49369	-1.0369
0.38509	-0.72958
-0.28475	0.30385
1.7207	-0.81654
1.5648	0.32176
0.57822	-1.5978
-0.44067	0.67476
-0.57533	-0.91762
-0.57139	-0.66383
-1.0778	-1.1636
-1.7659	1.2654
-1.2731	0.14238
-1.2388	-0.63687
-0.85892	-0.11071
-0.74519	0.74634
-1.2784	0.21091
-0.1831	-0.68223
0.4781	-0.78461
0.031594	0.51578
0.53222	-0.11871
0.82939	0.4814
1.3399	-0.051163
1.9338	0.70277
1.4177	1.7052
-0.16698	1.5679
-0.39422	0.7341
0.94603	-1.5016
-0.71727	-0.70109
0.49945	0.26406
0.076921	-0.68206
-0.8931	0.036457
0.23985	-1.3979
-1.0056	-0.40742
-0.45751	-0.25112
0.43932	-0.031501
-0.48244	1.8276
-0.23793	1.1738
0.99582	-0.75549
0.25124	0.47483
-0.43797	2.0763
1.6303	-0.17903
1.8186	1.1552
1.7853	0.7731
1.632	0.87007
0.7189	-0.051902
-0.33453	1.1392
0.17394	0.70635
0.5035	-1.267
-0.67626	-0.098489
-0.72356	-0.051356
-1.3051	0.80093
-0.52457	-1.0316
-0.66111	-0.26717
-2.1625	0.318
-0.80702	-1.1429
-0.98114	0.90545
-0.78551	1.9934
-0.1566	1.0534
0.65342	-1.0228
-0.30244	1.423
0.99096	2.3059
0.66642	0.63634
0.60963	1.0986
1.0399	-0.47492
-0.031304	1.8577
0.78213	-0.84134
-0.99126	-0.27246
-0.32329	-0.31709
-0.28639	0.6602
-0.90676	0.98027
-0.13387	0.32467
-0.27042	-0.37203
-0.66976	0.25726
0.30968	-1.4556
-0.84504	-0.33052
1.1055	-0.67473
1.1846	-0.52174
1.1022	0.30248
1.0213	0.02434
0.52742	1.1492
0.57638	0.34831
1.2457	-0.34375
-0.17144	0.024591
-0.15132	-1.7275
-1.0426	0.014915
-0.21949	-0.78802
-1.3143	-0.45234
-0.48157	-0.087114
-0.090026	-1.0108
0.016621	0.094369
