-1.9938	0.95534
-2.5926	1.7186
-1.8351	0.57618
-3.2844	0.59606
-2.4166	0.41356
0.34096	0.11243
2.4994	-0.36569
1.3173	1.8676
0.39474	-2.5747
-1.6228	-1.4945
-2.3039	0.87816
-0.94511	0.36415
2.1989	-1.3111
1.0451	0.74885
1.2075	-1.2979
0.0762	-0.89582
0.090456	0.50313
0.27602	-0.14168
1.9772	0.56905
2.567	1.0889
2.5133	1.6173
2.1421	-0.31995
-0.40239	0.8891
-0.31256	-0.76722
1.0969	-1.1232
1.3761	0.49359
-0.29234	0.66384
0.074359	-0.11638
-0.46386	-0.99088
-0.7261	-0.13283
-0.38467	-0.55634
1.3377	-1.1094
-0.23841	1.0338
-1.0637	1.8485
-0.15569	-0.64869
-0.34244	0.84747
0.54095	0.096566
0.5887	2.0835
1.6797	0.83403
1.2082	2.6432
1.2165	-0.63573
0.67648	0.2075
-0.40468	0.16331
-0.24891	-0.30458
0.38849	-0.78895
-0.55013	0.26372
-0.40496	-0.35943
-0.50041	-2.6074
-0.16002	-0.11352
-0.30211	-0.17114
0.88574	0.90465
0.46382	-1.493
0.88329	-2.6669
0.24764	-0.77684
1.062	-0.98269
-0.073809	1.2007
0.73746	0.7308
1.3342	1.508
0.45663	1.9818
0.76374	0.41604
-0.60791	0.74613
0.4339	-1.3593
-0.2285	-1.1069
-0.34588	-0.67019
-0.33687	-0.095137
-0.08675	-0.31349
-1.4389	0.37455
-0.87486	0.76008
-0.15639	-0.35558
-0.11564	0.68465
0.01897	-1.326
-0.72382	0.14391
-0.20863	-0.39012
0.27677	-2.0352
-0.2134	1.2269
1.2203	-0.3307
0.58923	0.9155
0.26234	3.2324
0.092544	1.6143
-0.71809	-1.259
-1.4346	1.0556
-0.82768	-0.88934
-0.93472	-0.24283
-0.59894	-0.35739
-0.30848	-0.64477
-1.8264	-1.3401
-0.50497	-1.446
-1.0043	-1.3633
-0.83962	-1.0971
-0.65732	0.29152
-1.3864	0.50107
-0.79431	-0.46503
0.038518	-0.98718
0.51928	1.0717
0.93741	0.31163
1.1015	-0.47594
0.76399	-0.097898
0.9813	-0.75405
-0.56663	-1.6684
0.54323	-1.6487
-0.98949	-0.61588
-0.52277	-0.66359
-1.1114	-1.0139
-1.3319	0.1008
-0.93681	-0.57396
-1.2407	0.022014
-0.48548	-1.1882
-0.32021	-0.17981
0.01322	-1.5946
-0.88437	0.57674
0.59622	-0.85484
0.41429	-0.61937
-0.56754	0.6448
1.975	-0.8452
1.4832	0.46393
0.6099	-1.1757
-0.99844	0.94543
-0.40066	-0.67812
-0.55489	-0.42465
-1.042	-1.4086
-1.9827	1.3426
-1.1497	0.46499
-1.1399	-0.59133
-1.24	0.10736
-0.77415	0.64395
-1.2749	0.52925
-0.3075	-0.68336
0.55486	-0.85709
-0.04135	0.56596
0.27468	0.089616
0.10197	-0.19153
1.4896	0.2594
1.8938	0.61625
2.0571	1.8611
0.13852	1.5975
-0.33934	0.7561
0.93443	-1.4465
-0.6104	-0.73174
0.50761	0.11635
-0.35182	-0.2702
-0.81678	0.024245
-0.028466	-1.1761
-1.2516	-0.11975
-0.49285	-0.69419
0.25667	-0.28619
-0.49235	1.6963
-0.35626	1.5023
0.87745	-1.4263
0.33755	0.28852
0.18339	2.4088
2.1357	-0.13152
1.9875	0.96137
2.1434	1.0971
1.8275	0.51427
0.9082	0.22597
-0.20772	1.2268
-0.22531	0.46249
0.51648	-1.0991
-0.60749	-0.48589
-0.54445	0.090385
-1.0126	0.58132
-0.43405	-0.59351
-0.55474	-0.099892
-1.4024	0.49127
-0.64915	-1.0464
-1.0845	0.54985
-0.52741	2.351
0.11022	0.59385
0.59098	-1.1322
-0.2343	1.485
1.1687	1.7836
0.39687	0.30696
0.23164	1.16
0.49642	-0.94411
-0.13189	1.7838
0.38914	-0.95994
-0.98931	-0.3043
-0.20878	-0.19172
-0.1398	0.35068
-0.80554	1.2491
-0.1017	0.16927
-0.13454	-0.26078
-0.79169	-0.18122
0.3544	-1.3251
-0.58541	-0.51748
0.66694	-0.46004
1.0647	-0.15391
0.86562	0.34899
0.91449	0.27806
0.58431	1.3129
0.81149	0.19672
1.0341	-0.36967
-0.3438	-0.5236
-0.57266	-1.4508
-0.55361	-0.19153
-0.29059	-0.98636
-0.65706	-0.13724
0.044421	0.011991
0.05379	-0.711
0.44183	0.17511
-2.049	0.82475
-2.5586	1.4236
-1.9822	0.43137
-3.3277	0.84043
-2.4772	0.30417
0.33462	0.059615
3.1058	-0.38554
1.6214	1.9549
0.98158	-2.7401
-1.5018	-1.3919
-2.233	0.52016
-0.62845	0.63302
1.9464	-1.2021
1.1097	0.5572
1.2702	-1.1094
-0.07903	-0.71088
0.007713	0.44452
0.281	-0.68402
2.0922	0.51408
2.3783	1.4796
2.2065	1.3995
1.9217	-0.17169
-0.25771	1.1843
-0.43375	-0.58337
1.1428	-1.0043
1.3058	0.62345
-0.67142	0.51306
0.30022	-0.11085
-0.57365	-0.68868
-1.1155	-0.17563
-0.082154	-0.2538
1.3703	-0.83553
0.23041	0.90858
-1.0912	1.9202
-0.50057	-0.62842
-0.60697	-0.10988
0.46933	-0.29179
0.42057	1.9711
1.3384	0.87851
1.0942	2.3476
1.1079	-0.51843
0.87042	0.26546
-0.52781	0.3453
0.043084	-0.68205
0.51919	-0.58552
-0.71649	0.84261
-0.72537	-0.53395
-0.24839	-2.7208
-0.042237	0.030585
-0.14909	0.22168
0.74561	1.134
0.6495	-1.5605
1.2003	-2.5145
-0.25041	-1.0429
0.53441	-1.0528
-0.17619	0.99985
0.89716	1.0724
1.2715	1.7544
0.27895	1.7179
0.89409	0.67248
-0.42089	1.0035
0.15006	-1.2399
-0.2107	-1.2348
-0.32426	-0.58204
-0.32599	0.078888
-0.23093	-0.29304
-1.3869	0.72367
-0.78609	1.1771
-0.44964	-0.37485
-0.87538	0.54332
-0.044429	-1.1986
-0.64964	0.059442
-0.3441	-0.67693
0.3527	-1.4359
-0.56326	1.0851
1.4762	-0.61228
0.72231	0.82355
0.4664	3.1021
0.10679	1.5972
-0.57962	-0.91705
-1.3875	1.0914
-0.48339	-0.88224
-0.5839	-0.29377
-0.30934	-0.82036
-0.32677	-0.72001
-1.5848	-1.2894
-0.34436	-1.4759
-0.79724	-1.4484
-0.33925	-1.2674
-0.40632	0.52781
-1.2074	0.46689
-0.84901	-0.19919
0.61739	-0.729
0.47738	1.0524
0.67402	0.36431
1.3684	-0.47025
0.96742	-0.19286
0.89926	-0.91322
-0.87933	-1.6572
0.56356	-1.6247
-0.87849	-0.6115
-0.39283	-0.5021
-0.56751	-1.2539
-1.3784	-0.096321
-0.5944	-0.48114
-1.6153	0.41833
0.0018313	-0.70376
-0.43153	0.010858
-0.21838	-1.4136
-1.0559	0.5093
0.41765	-0.85311
0.49755	-0.8535
-0.51598	0.74313
1.5281	-1.0211
1.305	0.25317
0.60859	-1.8819
-0.38567	0.9786
-0.33597	-0.93432
-0.73349	0.097994
-0.96264	-1.4646
-1.9292	0.78933
-1.1401	0.23133
-0.96308	-0.3797
-0.87873	0.040625
-1.0145	0.52285
-1.0863	0.54556
0.10329	-1.2729
0.33	-0.71372
-0.27052	0.65305
0.090253	0.046971
0.25263	-0.21675
1.3719	0.19026
1.9312	0.93498
1.2482	1.8109
0.38748	1.5258
-0.1857	0.64863
0.66467	-1.5687
-0.5428	-0.38825
0.55345	0.49198
-0.38601	-0.6769
-1.0831	-0.24236
-0.022195	-1.5623
-1.1527	-0.075119
-0.62848	-0.36791
0.20375	-0.18853
-0.53149	1.9996
-0.11789	1.168
0.92775	-0.77485
0.20467	0.88341
-0.02575	2.602
2.1759	-0.22236
1.7602	1.3442
1.814	0.92351
1.7244	0.57538
0.74011	0.15944
-0.83243	1.2264
-0.23377	0.33937
0.27757	-1.2467
-0.56266	-0.27719
-0.90487	0.082499
-1.207	0.44084
0.18124	-0.81887
-0.64274	-0.55728
-2.0149	0.21546
-1.0075	-1.3885
-0.95026	0.46181
-0.81641	2.1692
-0.15535	0.85328
0.57498	-0.80116
0.24886	1.3555
0.92974	1.9262
0.76445	0.47742
0.19647	0.5846
0.98717	-0.7897
0.095153	1.6791
0.56289	-0.97365
-1.1892	0.098503
-0.057883	-0.26702
-0.40682	0.44294
-0.20719	0.78761
-0.21182	0.4325
-0.4831	-0.38616
-0.7977	-0.035426
0.24591	-1.5856
-0.56919	-0.59985
0.71942	-0.74891
1.3923	-0.18004
1.2282	0.65473
1.3061	0.086649
0.94503	1.2034
0.73743	0.14715
1.155	-0.33871
-0.51907	-0.029538
-0.29848	-1.6175
-0.70506	-0.53062
0.11457	-0.71702
-0.60447	-0.28216
-0.31327	-0.21415
-0.34416	-0.54942
0.027679	0.26616
-1.9604	0.97513
-2.8426	1.3546
-1.989	0.34839
-3.2014	1.2539
-2.5158	0.083544
0.53239	0.23003
2.9512	-0.13648
1.4935	1.8452
0.64141	-2.2214
-1.9083	-1.4636
-2.3536	1.1199
-0.99006	0.9326
1.9763	-1.3565
0.99089	0.49081
1.0629	-1.1915
0.44903	-1.1692
-0.14104	0.44957
-0.087195	-0.46194
2.0754	0.79654
2.5536	1.4122
2.3691	1.6434
2.1014	-0.37553
0.0028005	1.1326
-0.161	-0.4875
1.2625	-1.1298
1.2063	0.56706
-0.48925	0.89181
-0.18869	0.23891
-0.5623	-1.2999
-0.70353	-0.042669
-0.53137	-0.49172
1.1729	-1.1532
-0.41875	0.99186
-0.80609	2.1461
-0.38974	-0.67141
-0.4589	0.22701
0.31746	-0.30715
0.47827	1.9879
1.7736	0.88793
1.2079	2.9518
1.1928	-0.77202
0.62884	0.33305
-0.49325	-0.029861
-0.19161	-0.42988
0.29397	-0.93443
-0.74858	0.31743
-0.38451	-0.25287
-0.38257	-2.2719
-0.089685	0.035141
-0.10787	-0.21148
0.648	1.047
0.51945	-1.8135
0.79681	-2.3694
-0.085719	-1.0577
0.73519	-0.45732
-0.10961	1.5411
1.2194	0.92729
1.4379	1.6487
0.11646	2.0414
1.023	0.51343
-0.64656	0.71308
0.21962	-1.284
-0.43372	-1.0733
-0.30058	-0.4768
-0.24179	-0.36875
-0.27055	-0.26871
-1.0865	0.46975
-1.1307	1.1699
-0.54333	-0.25564
-0.92315	0.23275
-0.13804	-1.4855
-0.64987	0.75154
-0.3553	-0.32387
0.31865	-1.75
-0.285	1.3872
1.2195	-0.47365
0.88327	0.9261
0.62904	2.8765
-0.040049	1.7512
-0.92825	-1.345
-1.0352	1.0355
-0.79221	-0.98844
-0.71216	-0.40514
-0.42469	-0.92332
-0.30664	-0.96911
-1.6282	-1.2295
-0.43567	-1.4498
-0.7332	-1.4963
-0.48285	-1.2444
-0.85578	0.53454
-1.2565	0.86216
-0.74362	-0.45794
0.32184	-1.001
0.27541	1.2847
0.83958	0.60723
1.2736	-0.11513
1.1114	-0.27268
0.92565	-0.43018
-0.83681	-1.6929
0.52768	-1.6954
-0.98961	-0.42599
-0.5781	-0.30159
-0.66417	-0.60256
-1.3336	-0.20093
-1.0312	-0.24594
-1.2522	-0.22282
0.048395	-0.97915
-0.63117	-0.2112
-0.020071	-1.6744
-0.92956	0.41877
0.42037	-0.75399
0.31098	-0.72899
-0.24474	0.46409
1.6686	-0.81068
1.774	0.42043
1.3309	-1.2314
-0.99992	1.1053
-0.52993	-0.56285
-0.70366	-0.37996
-0.77584	-1.0267
-2.0538	1.1726
-1.0003	0.085144
-1.4101	-0.79174
-0.8273	0.091217
-0.75757	0.74235
-1.2248	0.53916
-0.027556	-0.35441
0.36309	-0.75563
-0.04654	0.77672
0.045647	0.10781
0.39014	0.070302
1.4643	0.27522
2.1925	0.73583
1.7414	1.6427
-0.11605	1.7547
-0.33823	1.0308
0.57415	-1.2283
-0.4676	-0.64485
0.4116	0.10442
-0.15673	-0.54089
-0.68606	0.05609
-0.059686	-1.3109
-1.0676	-0.1784
-0.40849	-0.21124
0.40524	-0.07802
-0.55756	1.7493
-0.3869	1.2909
0.84072	-0.84884
0.23476	0.04844
-0.13421	2.1009
2.145	-0.33727
1.8546	1.2602
1.7628	0.76705
1.4659	0.93611
0.50379	0.35864
-0.080143	1.1526
-0.51321	0.32873
0.28274	-1.255
-0.95224	0.097829
-0.87126	0.066263
-0.99381	0.37944
-0.16409	-0.43447
-0.84831	-0.23365
-1.7991	0.37242
-0.37898	-0.77625
-0.90053	0.45671
-0.44581	2.3044
-0.011395	1.0696
0.41967	-0.69124
-0.55414	1.316
1.108	2.0226
0.52836	0.42923
0.54546	0.83375
0.76533	-1.0303
0.12774	1.9221
0.43819	-0.87793
-1.1404	-0.71949
-0.35515	-0.36175
-0.10832	0.18865
-0.42418	0.86903
0.22676	0.40272
-0.55213	-0.463
-0.62251	0.01402
0.028503	-1.4557
-0.72678	-0.16831
0.59783	-0.68756
0.77497	-0.64675
1.3472	0.34588
1.0211	0.10161
0.63921	1.0775
1.0479	-0.03562
0.93566	-0.37109
-0.081259	-0.032976
-0.54673	-1.2917
-0.79711	-0.41459
0.1064	-0.67777
-1.065	-0.35638
0.056972	-0.26408
-0.26872	-0.71077
0.021514	-0.062719
-2.0637	0.65684
-2.4967	1.538
-1.8082	0.33462
-3.1413	1.1493
-2.3665	0.64291
0.59478	0.19004
2.8692	-0.28073
1.3946	2.237
0.74528	-2.1462
-1.7964	-0.88142
-2.6039	0.94821
-0.69703	0.73925
1.926	-1.2454
0.83163	0.66896
1.5226	-1.2813
0.13866	-1.1166
0.29282	0.52465
0.29304	-0.43958
2.192	0.61561
2.6856	1.4115
2.2524	1.4916
2.1824	-0.24912
-0.092637	0.88109
-0.4132	-0.56956
1.0566	-1.2963
1.0752	0.72487
-0.11877	0.31233
0.31889	-0.24752
-0.28762	-1.0105
-0.60725	0.061311
0.050462	-0.72673
1.1496	-0.80283
-0.36288	0.82829
-1.3552	2.0766
-0.50623	-0.69496
-0.41465	0.053632
0.43092	-0.085775
0.036654	1.76
1.8023	0.8941
1.3487	2.6503
1.7365	-0.69969
0.58019	0.31786
-0.18399	-0.13139
-0.19223	-0.30753
0.84385	-0.91149
-0.8563	0.21803
-0.53718	-0.48864
-0.17803	-2.4687
-0.61836	-0.10868
0.13471	-0.22695
0.55814	0.94382
0.40277	-1.4947
0.96011	-2.1606
-0.045188	-1.1674
0.46361	-0.63519
-0.23309	1.4093
0.76699	1.199
1.6235	1.3477
0.53602	2.0195
1.1748	0.68254
-0.57763	0.96794
-0.03464	-1.2111
-0.2502	-1.1986
-0.019016	-0.87215
-0.33379	-0.067632
-0.0031459	-0.26667
-1.2405	0.56643
-0.63685	0.83559
-0.64178	-0.62383
-1.0033	0.74225
-0.13743	-1.3139
-0.60853	0.36949
0.21574	-0.49128
0.57806	-1.9682
-0.024296	1.0241
1.8392	-0.78059
0.85489	1.2004
0.066342	3.3326
-0.037341	1.4981
-0.56204	-0.74484
-1.2844	0.99916
-0.74207	-0.68707
-0.78164	0.051052
-0.47202	-0.55008
0.0021892	-0.82803
-1.453	-1.5382
-0.32389	-1.2733
-0.9623	-1.6898
-0.62629	-1.4019
-0.95147	0.29114
-1.5345	0.67147
-0.61148	-0.71956
0.53027	-0.93551
0.16002	1.2682
1.1214	0.30167
1.4018	-0.37505
0.94311	-0.21304
0.71561	-0.80725
-0.72249	-1.6832
0.49621	-1.5315
-1.0971	-0.38582
-0.57308	-0.3798
-1.1548	-1.2303
-1.7128	-0.065383
-0.79532	-0.67763
-1.0089	0.10541
-0.1002	-1.0708
-0.26204	-0.081161
0.1091	-1.4336
-0.8077	0.5596
0.47604	-0.60878
0.53426	-0.79153
0.060658	0.6072
1.6507	-0.54315
1.6804	0.59893
0.90797	-1.0874
-0.5014	0.70868
-0.3573	-0.80947
-0.45611	-0.30282
-1.1601	-1.3011
-1.8616	1.2286
-1.0865	0.32075
-0.90012	-0.56818
-0.91822	0.14568
-0.84803	0.24261
-0.96678	0.50537
-0.026955	-1.0162
0.13465	-0.71014
-0.15511	0.68612
0.17612	0.28181
0.31276	0.082109
1.1254	0.22984
2.3145	1.0284
1.8252	1.5683
-0.054853	1.4755
-0.38347	0.67675
0.72776	-1.5386
-0.70959	-0.49713
0.7344	-0.19282
-0.47678	-0.76659
-0.98258	-0.15914
0.13254	-1.3648
-0.88941	-0.18868
-0.5802	-0.65791
0.0039187	-0.21151
-0.68165	1.764
-0.0093286	1.4248
1.2747	-1.1828
0.54326	0.64756
-0.082598	2.1029
2.1604	-0.14387
1.5703	0.96142
1.5359	0.74485
1.4852	0.72966
0.59046	-0.21625
-0.65505	0.97886
0.10525	0.38635
0.49771	-1.5346
-0.78228	-0.25842
-0.7914	-0.12082
-0.85002	0.28274
-0.39935	-0.7297
-0.91535	-0.46979
-1.8137	0.27908
-0.68707	-0.96982
-1.0267	0.38569
-0.58254	2.4787
-0.2039	0.79271
0.52341	-1.1521
-0.36702	1.6
0.62197	1.9499
0.5123	0.48582
0.098356	0.68596
0.63507	-0.64789
-0.29789	1.7407
0.3513	-0.95977
-0.87294	-0.47897
-0.24019	-0.53664
-0.0012706	0.55064
-0.60591	0.94633
0.0049842	0.64027
-0.45565	-0.18716
-0.57529	-0.24068
0.19923	-1.5531
-0.7417	-0.56439
0.76876	-0.84489
0.98812	-0.25873
1.2948	0.22389
1.1278	0.046659
0.48064	1.1007
0.25508	-0.030432
1.3038	-0.42683
-0.035778	-0.031233
-0.20375	-1.4271
-0.75659	-0.064164
-0.22129	-1.0615
-1.2052	-0.064439
-0.66071	0.036391
0.13081	-0.8105
0.37318	0.32378
-1.9557	1.0231
-2.7836	1.1433
-2.2372	0.58793
-3.1084	1.0509
-2.2571	0.36403
0.1996	-0.12905
2.9733	-0.007403
1.6901	1.9714
0.73864	-2.2199
-1.6924	-1.3994
-2.5479	0.95726
-1.1002	0.51406
1.9927	-1.1965
0.72341	0.58809
1.1841	-1.1871
-0.17505	-0.94218
-0.12709	0.82936
0.37224	-0.22865
1.854	0.43902
2.6302	1.65
2.4667	1.3436
1.6844	-0.375
-0.41141	0.68635
-0.29101	-0.76888
1.3042	-1.1417
1.2767	0.48669
-0.53539	0.53828
0.072702	-0.29954
-0.32876	-0.94554
-1.1823	-0.067885
-0.13247	-0.64249
1.2322	-1.1892
-0.19213	0.75153
-1.0333	2.037
-0.3177	-0.3691
-0.48825	0.21946
0.66569	-0.077032
0.68402	1.7439
1.4537	0.53864
1.066	2.5474
1.3928	-1.0579
0.81009	0.27037
-0.59972	0.25842
-0.49234	-0.25
0.60218	-0.85115
-0.92892	0.52007
-0.62697	-0.40382
-0.22754	-2.6718
0.10593	-0.18989
0.22452	-0.20312
0.72295	0.78167
0.52819	-1.4373
1.1559	-2.4672
-0.33587	-0.94708
0.64767	-0.99548
0.058525	1.5715
0.6347	0.76112
1.2057	1.4434
0.40732	1.9516
1.0241	0.78019
-0.31742	0.88682
0.18293	-1.289
-0.39596	-0.94512
-0.16543	-1.1953
-0.38844	-0.25674
-0.16466	-0.13876
-1.2485	0.69785
-0.6074	0.66014
-0.27941	-0.61299
-0.69261	0.74499
0.011998	-1.6166
-0.78384	0.41316
-0.23807	-0.66274
0.51428	-1.524
-0.1772	1.0876
1.377	-0.79609
0.60516	1.0776
0.202	3.1064
-0.031936	1.3843
-0.64225	-1.2281
-1.138	0.6756
-0.64812	-1.0194
-1.028	-0.36008
-0.48327	-0.63263
-0.28106	-1.1305
-1.5968	-1.2922
-0.4607	-1.6657
-0.67054	-1.3059
-0.56347	-1.2641
-0.62037	0.44775
-1.5752	0.62738
-0.62489	-0.4675
0.28063	-1.0026
0.43441	1.3617
1.1202	0.069903
1.45	-0.24057
0.86181	-0.066282
0.58568	-0.76687
-0.89288	-1.7929
0.6011	-1.7984
-0.88709	-0.63385
-0.63207	-0.9387
-0.81668	-1.1742
-1.7506	0.061025
-0.4838	-0.55634
-1.1335	-0.30851
-0.11756	-1.2548
-0.31396	-0.033345
0.076053	-1.6466
-0.8671	0.426
0.50503	-0.70165
0.44049	-0.7442
-0.28592	0.83715
1.5443	-0.86702
1.4336	0.71554
0.70318	-1.289
-0.48722	0.81623
-0.18955	-0.91073
-0.59945	-0.15909
-0.89958	-1.3643
-2.0424	1.0969
-0.97593	0.37886
-0.92392	-0.64083
-1.2824	0.084885
-0.73619	0.56985
-1.2	0.22439
-0.011073	-1.0469
0.22832	-0.82113
-0.22853	0.57811
0.017117	0.2039
0.25776	0.22931
1.6236	0.27027
2.0787	0.84519
1.6258	1.551
0.0059771	1.363
-0.28451	0.67847
0.82196	-1.3443
-0.90498	-0.61609
0.74312	0.44547
-0.44342	-0.59149
-0.76191	-0.28769
-0.088825	-0.96757
-1.0036	-0.05291
-0.52186	-0.44469
0.19798	0.032457
-0.53219	1.7374
-0.11598	1.046
0.81135	-1.0156
0.093986	0.43842
0.13763	2.0958
2.4816	-0.23314
1.9503	1.0108
1.828	0.85023
1.5903	0.76511
0.61523	0.31195
-0.66169	1.0932
0.083346	0.236
0.60008	-1.3255
-0.79234	-0.079004
-0.53283	0.14572
-0.811	0.53082
-0.2247	-0.91775
-0.76137	-0.23959
-1.4031	0.46673
-1.1269	-0.87165
-1.0806	0.4469
-0.46109	2.3722
-0.0043093	0.77698
0.62724	-1.0326
-0.015389	1.7598
0.96143	1.9987
0.78049	0.47752
0.49475	0.96574
0.61987	-0.67388
-0.091277	1.5996
0.65468	-0.98212
-1.2059	-0.4445
-0.49595	-0.069237
-0.027223	0.46609
-0.24256	0.52793
0.094654	0.49114
-0.091086	-0.30996
-0.64433	0.3749
0.24606	-1.2819
-0.37305	-0.38124
0.75609	-0.38675
1.2313	-0.099999
1.2244	0.16892
0.9288	-0.21712
0.83302	1.0743
1.0521	0.30207
1.2318	-0.6012
-0.28208	-0.14142
-0.17027	-1.433
-0.80667	-0.089218
-0.019265	-0.87422
-1.0263	-0.48437
0.090228	-0.46218
0.016406	-0.97696
0.22498	0.11157
-2.0387	0.71407
-2.7504	0.88607
-1.771	0.2815
-3.357	1.0786
-2.6863	0.23438
0.58903	-0.11456
3.0094	-0.052199
1.7004	1.8426
0.82308	-2.4403
-1.5608	-1.1387
-2.8424	0.40731
-1.1624	0.49302
2.1169	-1.2645
0.88977	0.69885
1.2799	-1.3892
0.42666	-0.89787
-0.14408	0.35308
0.34247	-0.54672
2.0657	0.58737
2.4318	1.4234
2.3364	1.6442
2.0824	0.011323
-0.17448	1.0641
-0.47364	-0.39887
1.0957	-1.2002
1.2007	0.91333
-0.061597	0.36483
0.05193	0.14528
-0.58203	-1.1771
-1.1194	-0.48354
-0.0043312	-0.89288
1.4394	-0.90298
-0.30395	0.3649
-1.0186	2.187
-0.35096	-0.70401
-0.43762	0.037584
0.63709	0.14873
0.35595	1.8312
1.4651	1.1302
1.5547	2.5443
1.2955	-0.87066
0.72374	0.22921
-0.19669	0.37429
-0.14877	-0.31418
0.3258	-0.8626
-0.89598	0.54428
-0.13037	-0.31504
-0.40925	-2.4898
-0.016591	-0.03799
0.15073	-0.46864
0.79005	1.0906
0.97716	-1.6083
0.92451	-2.5003
0.084168	-1.1945
0.65105	-0.80295
-0.13574	1.3611
1.0286	1.0547
1.5563	1.444
0.020294	1.9977
1.1558	0.29525
-0.36287	0.60439
0.041272	-0.72148
-0.40687	-0.92866
-0.37894	-0.87318
-0.23446	-0.25301
-0.30512	-0.19707
-1.1722	0.23448
-0.93564	0.78498
-0.50948	-0.24237
-1.167	0.51643
0.25026	-0.94185
-0.34671	0.13854
-0.26963	-0.32057
0.62222	-1.7703
-0.1262	0.93183
1.3953	-0.7706
0.25847	1.0121
0.29944	3.0083
0.069117	1.6134
-0.091836	-1.2631
-1.5138	1.0303
-0.61768	-0.78893
-0.73639	-0.25544
-0.92394	-0.59038
-0.11529	-0.96106
-1.5671	-0.92729
-0.28652	-1.677
-0.58674	-1.2076
-0.70068	-1.5849
-0.75025	1.0365
-1.3681	0.5475
-0.77051	-0.22647
0.24649	-0.57698
0.18672	1.1498
0.85391	0.21967
1.3833	-0.50898
1.2022	-0.21206
0.86011	-0.64762
-0.88267	-1.5262
0.45718	-1.7212
-0.9109	-0.62273
-0.49457	-0.7074
-0.95228	-1.0274
-1.7583	-0.028177
-0.33505	-0.67948
-1.2121	-0.29872
-0.14827	-1.0869
-0.21981	0.19049
-0.033431	-1.6544
-0.77624	0.78896
0.30571	-0.81137
0.42776	-0.81783
-0.20978	0.79702
1.9156	-0.75816
1.345	0.35994
0.83912	-1.5713
-0.55788	0.71709
-0.12039	-0.66083
-0.61988	-0.3333
-0.79474	-1.5943
-2.2635	1.3033
-1.2321	0.55658
-1.1218	-0.59381
-0.95886	0.034919
-0.8369	0.46082
-1.6374	0.16193
0.056407	-0.86572
0.45012	-0.82088
-0.056473	0.66621
0.33855	0.14763
0.424	-0.08236
1.536	0.10705
1.6379	1.0271
1.474	1.5489
0.066821	1.6129
-0.55246	0.80375
0.70068	-1.4756
-0.41366	-0.74525
0.6088	0.0036651
-0.15687	-0.50603
-0.46328	0.2107
0.23705	-1.2352
-0.94437	-0.11466
-0.66286	-0.48156
0.21678	-0.19111
-0.73953	1.9563
-0.20526	1.3304
0.77613	-1.0486
0.22959	0.41898
-0.25177	2.2489
2.026	-0.14168
1.7961	1.4125
1.857	0.45762
2.1245	0.65298
0.81421	-0.073543
-0.21658	1.0065
-0.074086	0.22871
0.49979	-1.5689
-0.5734	-0.29209
-0.88927	0.24297
-0.74864	0.74586
-0.54822	-0.88831
-0.79786	-0.048401
-1.7635	0.57344
-0.96305	-0.95288
-0.74014	0.12621
-0.85751	2.1863
-0.058699	0.71584
0.46276	-0.91075
-0.36959	1.3815
1.0711	2.1146
0.888	0.63562
0.13452	1.2596
0.66878	-0.3974
-0.0087855	1.5152
0.45584	-0.96002
-0.95744	-0.15391
-0.45728	-0.30477
0.090006	0.55247
-0.50596	1.0094
0.26001	0.61449
-0.1829	-0.11586
-0.40015	0.046563
0.35813	-1.6004
-0.54463	-0.52193
1.0692	-0.50373
1.0369	-0.31026
1.0399	0.2691
0.96016	0.01987
0.48874	0.94951
0.89135	0.082663
1.0117	-0.4469
-0.44147	-0.34623
-0.13695	-1.434
-0.60256	-0.1462
0.0087028	-1.2182
-0.75521	-0.027306
0.2715	-0.14153
-0.19345	-0.6303
0.065377	0.39985
-2.2793	0.6779
-2.9341	1.258
-2.0295	0.61148
-3.4945	1.1136
-2.4795	0.70321
0.51548	0.037996
2.8794	-0.18187
1.5442	2.0395
0.73575	-2.2946
-1.5435	-1.1814
-2.2047	0.60492
-0.75973	0.56641
2.2594	-1.4037
0.99698	0.59357
1.625	-1.3969
0.13601	-1.138
-0.23228	0.63574
0.20211	-0.60745
2.1561	0.5966
2.4909	1.2245
2.1055	1.4893
1.5046	-0.29983
-0.24463	1.124
-0.09079	-0.70125
1.3208	-1.2712
1.5423	0.458
-0.32628	0.37687
-0.11288	-0.27402
-0.2856	-1.1289
-1.1842	0.074161
-0.18118	-0.40773
1.2998	-1.1163
-0.25974	1.1053
-1.2022	2.0237
-0.42245	-0.48196
-0.70541	0.22499
0.48857	-0.24558
0.95804	2.0242
1.6146	0.93175
1.3352	2.827
1.4919	-0.3449
0.85659	0.22669
-0.38158	0.014398
-0.16052	-0.08698
0.36403	-0.51545
-0.83771	0.23417
-0.10687	-0.23378
-0.12361	-2.7493
-0.026975	-0.29429
0.36109	-0.31968
0.51553	0.81388
0.56834	-1.5614
0.64354	-2.1915
0.031484	-0.92409
0.78327	-0.62183
-0.0033941	1.4016
0.9898	0.79125
1.5574	1.6462
0.46905	1.8637
1.3607	0.41927
-0.45811	0.55169
0.042749	-0.96675
-0.29809	-1.1776
-0.44207	-1.1215
-0.23669	-0.17477
-0.35293	-0.03361
-1.1157	0.786
-0.71213	1.1055
-0.274	-0.52684
-1.211	0.9301
-0.016065	-1.3813
-0.96369	0.39536
-0.20262	-0.48791
0.49639	-1.9058
-0.047947	1.0385
1.3273	-0.85903
0.75715	0.80744
0.087736	3.069
0.36279	1.6106
-0.72241	-1.0857
-1.1878	1.1156
-0.58937	-0.83848
-0.7187	-0.030494
-0.65091	-0.53938
0.1322	-0.53424
-1.705	-1.3097
-0.59307	-1.4688
-0.5252	-1.2104
-0.38994	-1.4751
-0.6214	0.90087
-1.4371	0.56374
-0.7691	-0.29919
0.21925	-1.0978
0.33536	1.3099
0.86849	0.25693
1.4574	-0.51575
1.2015	-0.33845
1.0568	-0.64668
-0.6165	-1.6945
0.51991	-1.8051
-1.0866	-0.78273
-0.23156	-0.050438
-0.72306	-1.3886
-1.6217	0.037698
-0.96299	-0.39999
-1.102	-0.29967
-0.54537	-0.58462
-0.39242	-0.28994
-0.13558	-0.94679
-0.94335	0.53989
0.14117	-0.92142
0.53666	-0.64188
-0.32491	0.87373
1.2733	-0.73825
1.5157	0.25568
0.69411	-1.7702
-0.79715	0.83907
-0.39944	-0.84145
-0.45616	-0.13569
-0.89119	-0.91388
-1.6044	0.81653
-1.2013	0.13657
-1.2686	-0.88519
-0.90256	0.19903
-0.69338	0.68626
-0.9515	0.24885
-0.36525	-0.73823
0.13074	-0.86872
-0.4104	0.94852
0.27602	0.26906
0.24249	0.046332
1.7567	0.27959
2.5533	0.65031
1.5849	1.6333
0.35032	1.7125
-0.010759	0.74546
0.91721	-1.4256
-0.58926	-0.73208
0.60808	0.19618
-0.048224	-0.64926
-0.80762	0.047904
0.17326	-1.1883
-1.0854	-0.072851
-0.52991	-0.47879
0.28048	-0.03201
-0.85267	1.8756
-0.33092	1.0681
1.1182	-0.75205
0.1355	0.44058
-0.036361	2.603
2.191	-0.035295
2.1695	1.0078
1.6862	0.80309
1.8954	0.58494
0.55099	-0.15039
-0.14505	1.2999
0.16674	0.49591
0.67504	-1.2555
-0.92632	-0.36152
-0.68546	0.20831
-1.1266	0.54194
-0.15426	-0.92808
-0.59013	-0.44079
-1.7476	0.7125
-0.65381	-1.2769
-1.3936	0.70767
-0.32798	2.27
-0.15227	0.79874
0.63976	-0.72658
-0.624	1.144
0.82939	1.9262
0.8942	0.22164
0.46165	1.0352
0.78893	-0.3901
0.15606	2.0549
0.24372	-0.99174
-0.95097	-0.37591
-0.25586	-0.30178
-0.25184	0.36375
-0.63179	0.89226
-0.0066679	0.33936
-0.39247	-0.15841
-0.73736	0.21944
0.24669	-1.1637
-0.55581	-0.021398
0.80128	-0.72314
1.1397	-0.057462
1.0104	0.41363
0.97082	-0.068333
0.72587	1.5858
0.93023	-0.0055437
1.0834	-0.50137
-0.31647	0.1669
-0.50308	-1.6141
-0.82143	0.089666
-0.15869	-0.97716
-1.3117	-0.1217
0.059629	-0.31821
-0.14696	-0.72783
0.49162	0.35524
-1.9792	0.63392
-2.5117	1.3401
-1.9528	0.247
-3.3537	1.0283
-2.4148	0.55636
0.25408	0.43596
3.496	0.017463
1.7225	1.8315
0.96626	-2.3166
-1.579	-1.0973
-2.1209	0.72234
-0.92947	0.5452
2.0301	-1.1888
1.1419	0.78816
1.0741	-1.3534
0.15088	-0.98804
0.036345	0.68836
0.28035	-0.45629
1.9322	0.48586
2.2931	1.6005
2.434	1.4548
2.2744	-0.057186
0.093762	0.85326
-0.35627	-0.31228
1.0158	-1.2322
1.2748	0.71842
-0.53976	0.53233
0.023644	-0.21969
0.015727	-0.76449
-1.1973	0.11226
-0.28576	-0.36638
1.4919	-1.1233
-0.33756	0.9035
-0.96347	2.0873
-0.29835	-0.76553
-0.61551	0.36774
0.51389	0.18768
0.58062	1.9956
1.3858	0.90169
1.385	2.683
1.4745	-1.0844
0.82079	0.42186
-0.56429	-0.011885
-0.16917	-0.5002
0.41562	-0.83224
-1.0631	0.1402
-0.73977	-0.74126
-0.40137	-2.4609
0.065765	-0.21773
0.12424	-0.14947
0.74112	1.1524
0.27666	-1.6971
0.67064	-2.2637
-0.31729	-1.1432
0.85469	-0.75968
-0.0069666	1.2917
0.8016	1.0541
1.4984	1.4581
0.63664	2.0518
1.0237	0.79457
-0.22977	0.55028
0.37955	-1.0013
-0.045163	-1.4296
-0.21056	-0.63041
-0.49107	-0.25534
-0.40743	-0.18466
-1.3696	0.67771
-1.4487	0.79466
-0.49539	0.00054246
-0.79601	0.24253
0.35597	-1.2117
-0.79637	0.25562
-0.35402	-0.068754
1.0503	-1.7396
0.022742	1.1389
1.6079	-0.69672
0.6903	0.9884
0.017657	3.0194
-0.33523	1.5831
-0.427	-1.0667
-1.0497	1.1158
-0.50446	-1.1041
-0.66261	-0.34429
-0.5944	-0.21873
0.00074621	-0.94567
-1.8714	-1.2161
-0.11885	-1.5624
-0.66827	-1.422
-0.87852	-1.3087
-0.70481	0.41077
-1.3563	0.33142
-0.60567	-0.30696
0.55052	-0.65542
0.42118	1.2233
0.82358	0.18311
1.3736	-0.41139
1.0569	-0.13808
1.1637	-0.7221
-0.66482	-1.7209
0.53941	-1.4711
-0.68372	-0.44183
-0.2765	-0.44623
-0.66902	-1.1017
-1.3923	-0.13972
-0.71229	-0.62108
-0.95959	-0.13654
-0.30572	-1.0595
-0.43477	0.16215
-0.063875	-1.6014
-1.3592	0.53733
0.39313	-0.71111
0.10076	-0.74167
-0.68178	0.73353
1.8108	-0.85188
1.2805	0.69376
0.69382	-1.2964
-0.57284	0.82572
-0.22278	-0.81459
-0.65032	-0.025042
-1.0172	-1.0865
-1.9662	0.98407
-1.3159	0.62761
-1.1237	-0.94725
-0.74558	0.25563
-0.9073	0.79213
-1.2677	0.37733
-0.58176	-0.73069
0.39534	-0.90832
0.072711	0.41649
0.33701	0.22641
0.4734	-0.019272
1.6874	0.23727
1.9813	0.76949
1.4591	2.0219
-0.079348	1.747
-0.10433	0.91184
0.90799	-1.6226
-0.36819	-0.56435
0.91309	0.23393
0.25863	-0.32595
-0.8287	-0.28675
0.063144	-0.98539
-1.0768	-0.26953
-0.53876	-0.73691
0.49866	-0.30701
-0.57549	1.9351
-0.39241	1.1183
1.3196	-0.94114
-0.0073035	0.26523
-0.35097	2.0065
2.2235	-0.19328
2.2146	0.94714
1.8891	0.58524
1.9667	0.52714
0.5382	0.30845
-0.52558	1.2905
-0.20118	0.71991
0.3187	-1.1759
-0.89746	-0.16211
-0.6629	0.20978
-0.95645	0.79
-0.39612	-0.95401
-0.56578	-0.3867
-1.9483	0.40999
-0.61933	-0.99927
-1.1954	0.4347
-0.8154	2.2367
-0.19003	0.99819
0.6453	-1.0255
-0.30245	1.4218
0.926	1.5699
0.44251	0.3663
0.30687	0.89228
0.55735	-0.68161
-0.21225	1.3579
0.32206	-0.58374
-1.1189	-0.26534
-0.4185	-0.35349
-0.25386	0.72362
-0.31206	0.99783
0.28972	0.45374
-0.5147	-0.44531
-0.5931	-0.12295
0.32719	-1.4956
-0.45287	-0.28053
0.9058	-0.7827
1.1787	-0.2458
0.81399	0.27988
1.0151	-0.2562
0.88225	1.2543
0.85072	-0.28038
1.4134	-0.49427
-0.61665	0.065654
-0.45574	-1.5442
-0.65091	-0.38338
-0.15011	-1.2025
-0.99089	-0.33646
-0.37201	-0.11799
-0.4219	-0.5957
0.2599	0.37505
-2.0873	0.81227
-2.5808	1.2055
-2.1093	0.39423
-3.5789	1.1976
-2.664	0.5205
0.26676	-0.1221
2.6548	-0.12929
1.6159	1.646
0.7066	-2.4852
-1.6642	-1.0468
-2.1337	0.74523
-0.71533	0.51831
1.8726	-1.3538
0.73859	0.57301
1.4872	-1.1784
0.27582	-0.9372
-0.22738	0.43679
0.070906	-0.12925
1.4778	0.46393
2.2743	1.4195
2.5778	1.2938
1.9333	-0.6131
-0.46894	0.67318
-0.090089	-0.51763
1.2481	-1.3396
1.1867	0.76199
-0.25859	0.39245
0.15461	0.046359
-0.072711	-0.86128
-1.1602	-0.16062
-0.3288	-0.44376
1.23	-0.79537
-0.27472	0.51269
-0.67803	2.511
-0.52643	-0.31742
-0.75676	-0.11296
0.53169	-0.43741
0.42314	1.7236
1.8359	1.0692
1.0348	2.803
1.3514	-0.8183
1.0199	0.29457
-0.51416	-0.13653
-0.022013	-0.51262
0.20458	-0.88911
-0.72405	0.20689
-0.24444	-0.20846
-0.48625	-2.2108
-0.4034	-0.20123
0.10778	-0.49704
0.2436	1.0155
0.41582	-1.4697
1.0903	-2.1802
-0.081815	-1.0621
1.1951	-0.85333
-0.15459	1.5916
0.98694	0.92455
1.3099	1.5274
0.34982	1.7337
1.2399	0.78344
-0.403	0.69968
0.13323	-1.1967
-0.59473	-1.0672
-0.14997	-0.56661
-0.36186	-0.019501
-0.46939	0.08967
-1.5489	0.53129
-0.66581	0.87287
-0.69951	-0.18048
-0.60658	0.65015
-0.061022	-1.1861
-0.92376	0.11413
-0.23437	-0.31664
0.37459	-2.1155
-0.34566	1.0274
1.284	-0.69739
0.83698	0.5705
-0.084262	3.2034
-0.0091297	1.4513
-0.44691	-0.67134
-1.0258	0.64684
-0.91667	-1.0367
-0.8026	-0.40825
-0.67002	-0.61698
-0.27373	-0.6445
-1.6425	-1.1974
-0.15427	-1.3454
-0.90895	-1.1159
-0.7217	-1.4553
-0.61662	0.35574
-1.3466	0.46134
-0.81103	-0.18812
0.47111	-0.81902
0.53031	1.3691
0.75716	-0.051173
1.5991	-0.63161
1.1567	-0.0026674
0.98314	-0.49857
-0.75686	-1.6553
0.68428	-1.5446
-0.89778	-1.0449
-0.67521	-0.62037
-0.76182	-1.0582
-1.1663	-0.20495
-0.70141	-0.37751
-1.1054	0.02566
0.015005	-0.98639
-0.038644	0.0537
-0.33332	-1.6412
-0.81807	0.60578
0.36497	-0.64609
0.58482	-0.95493
-0.2251	0.70822
1.1901	-0.91415
1.3546	0.75811
0.72301	-1.2145
-0.69278	0.76547
-0.35817	-0.87991
-0.47878	-0.20498
-1.3482	-1.402
-2.0963	0.7827
-0.80316	0.46765
-0.8834	-0.95118
-0.94366	0.090167
-0.50395	0.67512
-1.046	0.33482
-0.20873	-1.3285
0.20605	-0.9078
-0.00318	0.8446
0.10005	0.28304
0.7386	-0.32346
1.322	0.51793
2.0335	0.82857
1.6441	1.7368
-0.26069	1.5669
0.045443	0.82175
0.78629	-1.5877
-0.48187	-0.88386
0.756	0.42257
-0.031834	-0.42571
-0.57048	0.04072
0.31848	-1.4171
-1.2429	0.035272
-0.61454	-0.54466
0.45678	-0.020193
-0.48099	2.1078
-0.18641	1.5128
0.87467	-0.70868
0.013605	0.6183
-0.31156	2.508
2.0624	0.22804
1.6427	1.2575
2.0622	1.0422
1.8284	1.0954
0.35162	0.16739
-0.071586	1.2807
-0.027304	0.32728
0.7256	-1.3502
-1.2076	-0.13198
-0.32265	0.31434
-1.2324	0.16278
-0.21377	-0.95496
-0.4675	-0.052158
-1.7675	0.20939
-0.55827	-0.88627
-1.2776	0.43785
-0.62927	2.4166
0.28481	1.0002
0.7812	-1.1822
-0.19422	1.3761
1.0265	1.8577
0.43778	0.45028
0.52412	0.9866
0.56747	-0.83049
-0.26874	1.6953
0.53895	-1.1136
-0.82346	-0.48486
-0.46097	-0.32585
-0.41444	0.49599
-0.38064	0.9481
-0.17297	0.49986
-0.29916	-0.46238
-0.56852	5.7821e-05
0.27647	-1.5039
-0.4367	-0.2781
0.81898	-0.67215
1.3362	-0.013192
0.65709	0.60498
0.75984	-0.050647
0.61828	1.2631
0.85086	-0.057311
1.349	-0.63089
-0.36777	-0.032556
-0.48666	-1.559
-1.0681	-0.16361
-0.19744	-0.81973
-0.75206	0.075096
0.10647	-0.044556
0.15364	-1.0846
-0.21864	0.39191
-1.919	0.72192
-2.6156	1.3013
-1.9353	0.26065
-3.1139	1.1816
-2.4253	0.44986
0.35423	0.18861
3.1298	-0.35238
1.4503	2.0648
0.72479	-2.8595
-1.4263	-0.98514
-2.5224	0.79277
-0.7927	0.60664
2.1855	-1.3584
0.72785	0.47383
1.0141	-1.1154
0.18309	-1.0018
-0.017965	0.49504
0.26252	-0.33728
1.7256	0.8117
2.4236	1.0939
2.1977	1.4322
2.002	-0.47666
-0.13068	0.5508
-0.28893	-0.96371
1.0701	-1.2099
1.279	0.79815
-0.58925	0.37354
0.23735	-0.23438
-0.23182	-0.87405
-0.6525	0.024411
-0.026952	-0.59442
1.3088	-1.0329
-0.26024	0.64685
-1.1616	2.168
-0.53395	-0.42052
-0.19791	0.09683
0.59527	0.11107
0.45277	1.5484
1.6102	0.82263
1.0573	2.5352
1.2397	-0.89911
0.84246	0.55819
-0.67835	0.10015
-0.20136	-0.54061
0.3857	-0.85609
-0.94755	0.78025
-0.45324	-0.27077
-0.42648	-2.7728
-0.1915	0.20391
0.058444	-0.012979
0.56421	1.1099
0.80081	-1.5167
1.3013	-2.5298
-0.24303	-1.1062
0.76745	-0.6581
-0.26833	1.5364
0.69695	1.1238
1.5746	1.3673
0.71504	2.138
1.0401	0.68446
-0.36051	0.53463
0.058026	-1.1061
-0.39481	-0.96337
-0.5749	-0.95606
-0.4354	0.045726
-0.086998	0.37447
-1.1198	0.74069
-0.46526	1.0192
-0.32553	-0.40448
-1.084	0.65928
-0.074541	-1.4896
-1.2489	-0.015543
-0.10947	-0.17287
0.51396	-1.9324
-0.04031	1.1051
1.3537	-0.66976
0.27849	0.64528
-0.018307	3.0535
0.14458	1.3418
-0.45865	-0.79688
-0.83526	1.0117
-0.60659	-0.68781
-0.60502	-0.28308
-0.28189	-0.76352
-0.026267	-0.89064
-1.6477	-1.1859
-0.1554	-1.5288
-0.87269	-1.2308
-0.28363	-1.2963
-0.52098	0.56641
-1.3799	0.74649
-0.74274	-0.35599
0.7825	-0.77068
0.58405	1.4289
0.9543	0.071328
1.2204	-0.43464
1.1636	-0.3003
0.79075	-0.95034
-0.7201	-1.2706
0.55183	-1.5634
-0.88238	-0.52249
-0.55149	-0.50518
-0.91428	-0.96691
-1.562	0.15869
-0.52055	-0.34254
-0.98426	-0.049988
-0.13252	-1.0215
-0.4612	0.00032419
-0.0065189	-1.5718
-1.0508	0.94717
0.17326	-0.75319
0.58053	-0.67164
-0.71269	0.59165
2.0947	-1.0747
1.599	0.66609
0.9466	-1.5923
-0.50484	0.5966
-0.5236	-0.83233
-0.48038	-0.072392
-1.2647	-1.1455
-1.8341	1.1097
-0.89227	0.45539
-1.1857	-0.69054
-0.71963	0.17571
-0.88308	0.44469
-0.92648	0.32003
0.033571	-1.074
0.36223	-0.95868
-0.091061	0.69871
0.34763	-0.010932
0.53007	0.20188
1.3317	0.20982
2.0184	0.88454
1.8981	1.6002
0.3094	2.0549
-0.47339	0.57257
0.68395	-1.5277
-0.76975	-0.47413
0.61698	0.24931
0.082477	-0.74522
-0.9714	-0.12882
0.11868	-1.3528
-1.0223	-0.1664
-0.39768	-0.18726
0.51631	-0.045963
-0.47949	1.6656
-0.15259	1.4191
0.91742	-0.81157
0.20621	0.41504
-0.027973	2.2979
2.404	-0.44409
1.8021	1.15
2.019	0.88307
1.5842	1.0666
0.45936	0.051998
-0.51017	0.6957
-0.13509	0.38685
0.52989	-1.2588
-1.0025	-0.30248
-0.75316	0.41458
-1.1799	0.41328
-0.036493	-0.90045
-0.67918	-0.26275
-1.8047	0.59746
-0.87841	-0.88536
-1.2064	0.56092
-0.69356	2.5838
-0.20777	0.9606
0.49948	-0.89289
-0.56163	1.4896
1.082	2.1962
0.60239	0.73124
0.40296	1.133
0.60766	-0.66153
0.086624	1.7701
0.28125	-0.36381
-0.87156	-0.10264
-0.3361	-0.69353
-0.38303	0.506
-0.4712	1.0522
-0.030978	0.50176
-0.3051	-0.49308
-0.88159	0.22734
-0.13345	-1.2914
-0.62607	-0.31427
0.86235	-0.76714
0.90676	-0.18992
0.74756	0.26257
0.88012	-0.12662
0.3902	1.2354
0.84579	-0.080529
1.2623	-0.81014
-0.47854	-0.1133
-0.030124	-1.3962
-0.37425	-0.051088
0.073318	-0.56722
-1.3259	-0.2767
-0.14367	0.052375
-0.34871	-0.59448
0.057742	0.19215
-2.1685	0.60266
-2.4432	1.1864
-1.9752	0.448
-3.5916	1.2464
-2.4001	0.71931
0.84376	0.33298
2.8542	-0.38018
1.7361	1.9865
0.69378	-2.3966
-1.7114	-1.1722
-2.4298	0.92139
-0.80361	0.62528
2.087	-1.3604
0.8904	0.79713
1.0328	-1.3027
-0.0054469	-1.0317
-0.20302	0.3055
0.53647	-0.42978
2.0168	0.77651
2.2228	1.4144
2.3835	1.7232
1.7903	-0.46096
-0.25639	0.96279
-0.51798	-0.48928
1.0516	-0.7795
1.2184	0.8631
-0.52584	0.87283
-0.035709	-0.25305
-0.28055	-0.98271
-1.0996	0.041796
-0.086876	-0.55955
1.3024	-1.0918
-0.069916	0.83826
-0.94197	2.0131
-0.54788	-0.66329
-0.5945	0.40907
0.45557	-0.23471
0.67784	1.8033
1.7112	0.81685
1.345	2.144
0.9995	-0.45194
0.94796	0.40748
-0.32798	-0.088942
0.11836	-0.34599
0.19152	-0.921
-0.88486	0.29415
-0.43624	-0.25633
-0.3885	-2.546
-0.27981	-0.14236
0.15693	-0.29337
0.39759	0.75036
0.8716	-1.4504
0.82555	-2.6248
0.053345	-1.1866
0.84877	-0.339
0.18597	1.1525
0.95017	0.81276
1.6934	1.669
0.43972	2.1088
0.97444	0.75131
-0.16465	0.56492
0.13997	-1.2734
-0.53839	-1.1809
-0.47688	-1.0341
-0.42628	0.20932
-0.28429	-0.15704
-1.2978	0.59977
-0.82306	0.88823
-0.2702	-0.76396
-0.85666	0.75022
-0.17674	-1.4456
-0.52935	0.036965
-0.30765	-0.29807
0.45154	-1.7027
-0.071428	1.112
1.4227	-0.82053
0.47505	0.78548
-0.037522	3.0261
-0.30604	1.6583
-0.26914	-0.84105
-1.2792	0.88027
-0.47218	-1.0067
-0.28039	0.084659
-0.37003	-0.48748
-0.15479	-0.82066
-1.548	-1.3034
-0.069628	-1.2246
-0.77241	-1.4541
-0.74339	-1.4098
-0.77989	0.34355
-1.2794	0.5988
-0.79643	-0.51432
0.046211	-0.79949
0.5283	1.4486
0.90954	-0.038148
1.8939	-0.49516
0.79351	-0.35344
1.0608	-0.73545
-0.72261	-1.6209
0.49762	-1.5764
-1.0362	-0.48999
-0.48525	-0.38574
-0.81119	-1.2371
-1.7362	-0.2177
-0.94004	-0.62051
-0.85034	0.14155
-0.22481	-1.096
-0.42224	0.019481
0.096692	-1.1939
-0.76562	0.44962
0.33447	-1.0812
0.14408	-0.47816
-0.25747	0.459
1.7156	-0.94233
1.6229	0.45535
0.8122	-1.2405
-0.6454	0.94654
-0.20585	-0.99923
-0.57562	-0.38085
-1.0404	-1.0378
-2.1871	1.0736
-1.0582	0.41622
-1.0701	-0.68366
-1.0824	0.17943
-0.56981	0.64798
-1.2779	0.23931
-0.11179	-0.71127
0.038097	-0.96811
0.15108	0.84782
0.38134	-0.077878
0.31579	-0.25915
1.1608	0.015144
2.0113	0.48808
1.648	1.4707
-0.31796	1.5935
-0.12147	0.87993
1.0413	-1.5631
-0.62689	-0.4518
1.0285	0.4165
-0.11938	-0.23455
-0.52876	-0.059009
0.27386	-1.5031
-1.1715	0.18607
-0.52556	-0.59703
0.42124	-0.0019778
-0.54962	2.0315
-0.050142	0.89535
1.2632	-1.301
-0.074805	0.3637
-0.23863	2.0354
1.8871	0.045812
2.1527	1.3293
1.8399	1.0043
1.4435	0.7711
0.56506	-0.15856
-0.15697	1.0279
0.035727	0.46673
0.51997	-1.1831
-0.89529	-0.27704
-0.57236	-0.0091477
-0.95278	0.5167
0.0052067	-0.97421
-0.66005	-0.33792
-2.1431	0.62737
-0.60886	-1.0305
-0.93324	0.72914
-0.67626	2.2864
0.098239	0.62558
0.46941	-1.0868
-0.35779	1.1758
0.97658	1.6407
0.59809	0.4585
0.45507	0.88926
1.0987	-0.87569
-0.17025	2.0129
0.61268	-0.81061
-1.26	-0.35622
-0.16695	-0.32025
-0.1296	0.35648
-0.59254	0.96595
0.20263	0.42823
-0.3091	-0.39796
-0.44935	0.035767
0.34338	-1.1342
-0.64064	-0.45363
0.60635	-0.68519
1.3936	-0.18008
0.97695	0.29295
1.0696	-0.031895
1.1696	1.1527
1.0545	0.042887
0.99013	-0.53381
-0.38942	-0.10815
-0.31297	-1.3433
-0.68471	-0.0047137
-0.047937	-0.80902
-1.0623	-0.45497
-0.10707	0.11199
0.36585	-0.8607
0.028637	0.3479
-2.0736	0.57957
-2.5376	1.207
-1.7518	0.3046
-3.2784	0.98893
-2.4518	0.3508
0.44695	0.30441
2.7392	-0.52834
1.9197	1.7967
0.76625	-2.5267
-1.875	-1.3585
-2.6687	0.51769
-0.83804	0.5845
2.1877	-1.3557
0.87702	0.78832
1.0548	-1.0921
-0.21619	-1.1488
-0.12103	0.8567
0.17136	-0.11903
2.0542	0.45046
2.6062	1.3473
2.2984	1.6075
1.9175	-0.25959
-0.25645	0.96256
-0.27081	-0.25167
1.3091	-1.2751
1.2675	0.86163
-0.074297	0.61101
0.22561	-0.029175
-0.060909	-0.78254
-0.98024	-0.52054
-0.24493	-0.97463
0.77645	-1.1218
-0.17134	1.0548
-1.0614	1.8866
-0.29566	-0.61147
-0.48879	0.30428
0.20759	-0.27214
0.60607	2.3679
1.3538	0.80417
1.3876	2.7407
1.1334	-0.75742
0.74111	0.24241
-0.59782	-0.28258
-0.11083	-0.5248
0.64726	-0.82034
-0.66755	0.69686
-0.68669	-0.61046
0.074153	-2.2586
0.024904	-0.25894
0.20859	-0.094767
0.52114	1.1006
0.5478	-1.7529
0.89705	-2.4421
0.2004	-0.95412
0.93332	-0.84154
0.087904	1.6243
0.49012	0.83717
1.4677	1.4079
0.32698	1.8401
1.1816	0.34107
-0.52917	0.94339
0.32407	-1.0939
-0.6973	-0.79813
-0.6531	-0.57198
-0.37523	-0.1725
-0.27957	-0.16529
-1.2237	0.43215
-0.51428	0.84183
-0.32518	-0.6577
-0.62424	0.74321
-0.249	-1.2854
-0.81178	0.12026
-0.25538	-0.39974
0.21921	-1.8786
-0.049304	1.4331
1.213	-1.0802
0.53944	1.0886
0.36566	2.8742
-0.41057	1.35
-0.54085	-0.86427
-1.3061	0.93029
-0.32729	-1.3235
-0.97606	-0.3152
-0.80333	-0.81776
-0.018405	-0.95108
-1.6546	-1.3093
-0.33544	-1.5986
-0.88385	-1.23
-0.41882	-1.3554
-0.65087	0.56833
-1.4713	0.48689
-0.70418	-0.54546
0.42392	-0.78392
0.35307	1.3723
0.98386	0.01015
1.1438	-0.7829
0.96291	0.014335
0.77877	-0.52871
-0.57075	-1.494
0.50721	-1.6438
-0.90804	-0.55299
-0.57778	-0.74123
-0.84433	-0.86081
-1.5572	-0.13359
-0.51799	-0.38399
-0.67831	0.015742
-0.24901	-1.3105
-0.61394	0.075768
-0.052346	-1.8084
-1.3398	0.63246
0.52626	-0.6889
0.51422	-0.83147
-0.22163	0.40348
1.7913	-0.76402
1.758	0.68321
0.73555	-1.3556
-0.88505	0.67727
-0.35754	-0.8072
-0.30857	-0.45205
-0.91085	-1.2598
-1.9364	1.3464
-1.1156	0.208
-0.86992	-0.52363
-1.0856	0.24502
-0.77546	0.44582
-1.1655	0.23096
-0.28555	-0.79504
0.46321	-0.67011
0.13634	0.86402
0.34702	0.25728
0.404	-0.09589
1.3703	0.29223
2.3579	0.8127
1.5055	1.6188
-0.040493	1.1445
-0.57564	0.71369
0.75697	-1.2832
-0.24778	-0.63864
0.6641	-0.15101
-0.16079	-0.61996
-0.86332	0.42101
0.11838	-1.362
-1.331	-0.08077
-0.41622	-0.35314
0.39343	-0.10895
-0.82644	1.5644
-0.28192	1.1594
1.178	-0.89719
0.20871	0.40325
-0.56496	2.2594
2.1132	0.041531
1.7865	1.1893
2.3867	0.81875
1.565	0.67184
0.3874	-0.11555
-0.46411	1.1051
-0.088165	0.80039
0.67952	-1.2688
-0.38225	-0.097177
-0.56416	0.17389
-0.70774	0.49343
-0.40694	-1.0049
-0.81058	-0.45574
-1.6073	0.53544
-0.78424	-0.61798
-0.98309	0.51058
-0.82979	2.4949
0.11859	0.5846
0.71742	-0.86577
-0.37671	1.3358
0.84113	1.938
0.95241	0.61433
0.29486	1.2596
0.96379	-0.54216
0.036756	1.8117
0.3179	-0.71802
-0.84573	-0.043274
-0.29177	-0.14224
0.039673	0.46497
-0.47322	1.1595
0.075523	0.42796
-0.34083	-0.22926
-0.83583	-0.089437
0.64657	-1.4005
-0.85704	-0.22534
0.73758	-0.79198
1.2197	0.050421
0.74362	0.17996
1.1182	0.16515
0.48712	1.091
1.1113	0.076431
1.0574	-0.92714
-0.053344	0.08884
-0.65758	-1.2639
-0.89443	-0.23228
-0.14338	-0.84011
-0.80564	-0.057403
-0.2386	0.1404
-0.15743	-0.84668
0.2904	0.2946
-2.0077	0.78252
-2.6307	1.6676
-1.8157	0.41456
-3.3956	0.78106
-2.4226	0.524
0.37007	0.23806
2.7343	-0.019131
1.8234	1.618
0.60994	-2.6108
-1.4297	-1.2623
-2.2791	0.60666
-0.88897	0.60523
1.9292	-1.2908
1.3534	0.4165
1.4626	-1.5608
0.26336	-0.91073
-0.45139	0.049389
0.11361	-0.0020663
1.9288	0.098945
2.3223	1.6039
2.0676	1.6038
2.0863	-0.077323
-0.31207	0.77937
-0.44528	-0.32333
1.1273	-1.0574
1.1663	0.62555
-0.22949	0.65822
-0.15213	-0.32311
-0.38595	-0.93613
-1.1782	-0.11875
-0.066418	-0.67781
1.192	-0.89216
-0.27651	0.61635
-1.0533	2.3621
-0.57177	-0.65979
-0.62803	0.27458
0.53749	-0.2912
0.60834	2.0254
1.7898	0.9669
1.5453	2.6494
1.28	-0.99931
0.72753	0.76426
-0.55487	-0.17182
-0.024173	-0.25871
0.50766	-0.66352
-1.0378	0.26025
-0.52478	-0.51195
-0.25587	-2.3287
-0.058664	0.045795
-0.048362	-0.26611
0.8232	0.90452
0.32189	-1.3989
0.68178	-2.5599
-0.053011	-1.0428
0.61705	-0.6505
-0.49099	1.2576
0.83275	1.1567
1.8846	1.5067
0.12959	1.6957
1.1819	0.67091
-0.68394	0.81192
0.37021	-1.417
-0.76525	-1.1205
-0.23612	-0.74071
-0.14676	0.091353
-0.47323	-0.48967
-1.5196	0.31392
-0.96701	1.1265
-0.34262	-0.75294
-0.952	0.521
-0.10141	-1.2959
-0.72814	-0.019259
-0.16187	-0.45587
0.77549	-1.5177
-0.13353	1.2329
1.6155	-0.47078
0.69821	1.1113
0.099195	3.3673
0.064772	1.684
-0.28493	-0.9688
-1.3102	0.95378
-0.79828	-0.86105
-0.86294	-0.22613
-0.66184	-0.47611
-0.17077	-1.0088
-1.8053	-1.0222
-0.44865	-1.3416
-0.49913	-1.6349
-0.52071	-1.1233
-0.76387	0.22907
-1.5509	0.90117
-0.75634	-0.39277
0.65344	-0.85421
0.46463	1.2886
1.0824	0.21894
1.1897	-0.4515
0.93961	-0.32908
0.9909	-0.91446
-0.84418	-1.8348
0.73467	-1.5735
-1.2405	-0.52781
-0.24735	-0.36891
-0.50831	-1.7313
-1.6403	0.32334
-0.81185	-0.48715
-1.073	-0.36191
-0.25651	-1.0066
-0.59773	0.16289
-0.36857	-1.4416
-0.99124	0.47131
0.56553	-0.68872
0.07502	-0.85992
-0.25136	0.65829
1.4114	-0.71004
1.6849	0.45056
0.68728	-1.5173
-0.70381	0.66141
-0.41527	-0.64064
-0.49827	-0.25906
-1.1739	-1.0556
-1.9	0.86559
-1.0621	0.34854
-0.83765	-0.51897
-0.66653	-0.058713
-0.67182	0.60623
-0.99522	0.50279
-0.055598	-0.89394
0.32691	-0.8467
-0.032389	0.71489
0.30079	0.066568
0.047106	0.23159
1.6894	0.37836
2.0301	0.70811
1.6098	1.6657
-0.038057	1.7551
-0.17407	0.63126
0.67756	-1.2826
-0.38716	-0.8052
0.42451	-0.17915
-0.38178	-0.47423
-0.39193	-0.10964
0.246	-1.416
-1.0415	0.16702
-0.18489	-0.65718
0.38016	-0.12293
-0.80343	1.8658
0.03195	1.5233
1.0794	-0.73308
0.34882	0.28235
0.13034	2.3894
2.1776	0.27342
1.6799	1.396
1.7849	0.74694
1.8957	0.71238
0.47583	0.013907
-0.25703	1.4814
0.15366	0.48562
0.37127	-1.3536
-0.98225	0.16478
-0.71933	0.21648
-1.0602	0.50304
-0.36637	-0.75263
-0.96664	-0.49867
-1.6509	0.51389
-0.43912	-1.0004
-1.2827	0.381
-0.39229	2.2793
-0.18825	1.0385
0.4888	-0.93874
-0.23163	1.227
1.0152	1.8541
0.53618	0.67667
0.21617	1.1558
0.69508	-0.56981
0.049987	1.8883
0.46444	-0.94082
-1.1527	-0.38466
-0.44396	-0.42482
-0.052036	0.09725
-0.72298	0.85974
0.10979	0.49369
-0.52611	-0.43379
-0.93746	0.38205
0.37459	-1.3249
-0.49297	-0.58074
1.1889	-0.82182
1.1762	-0.37668
1.0966	0.13043
0.74362	-0.083691
0.60512	1.4776
0.49419	-0.0049284
0.85211	-0.49726
-0.57177	-0.37477
-0.47706	-1.3495
-0.69501	-0.16978
-0.081373	-0.57902
-0.92524	-0.60852
-0.10517	-0.050541
-0.095675	-0.41299
0.22835	0.16532
-2.2526	0.74816
-2.6197	1.3352
-1.8296	0.336
-3.4231	1.0034
-2.6893	0.6438
0.46729	-0.16061
2.7518	-0.19631
1.7178	1.7165
0.60143	-2.5324
-1.3608	-1.098
-2.4701	0.38081
-0.77791	0.9346
1.8243	-1.4811
0.89079	0.36294
1.3187	-1.6104
-0.086091	-1.3568
-0.29633	0.63015
0.28451	-0.22006
2.19	0.40369
2.4289	1.5495
2.1746	1.5175
1.8203	-0.39328
-0.15331	0.99636
-0.096345	-0.89018
1.4362	-1.0661
1.1584	0.65926
-0.43571	0.14142
0.023476	0.16598
-0.18722	-0.98935
-1.0086	0.15039
-0.06811	-0.5689
1.3037	-0.80998
-0.60509	0.67637
-1.0544	1.6506
-0.31925	-0.68642
-0.39019	0.25627
0.66551	0.19065
0.66063	2.0241
1.736	0.84337
1.5101	2.3392
1.3066	-0.78237
0.71679	0.55522
-0.53104	0.44067
0.123	-0.44689
0.54462	-0.66618
-1.0322	0.41746
0.075031	-0.23039
-0.27554	-2.5691
-0.15229	-0.12342
-0.092868	-0.10687
0.58093	0.7793
0.76241	-1.7716
0.70979	-2.4657
-0.15305	-0.98146
0.75894	-0.93962
-0.041967	1.3615
0.98925	0.83372
1.687	1.4439
0.5056	2.1978
1.0588	0.58762
-0.59075	0.85767
0.17014	-1.0303
-0.33471	-1.0787
-0.097153	-0.78905
-0.2559	-0.29524
-0.37182	-0.23142
-1.3938	0.4998
-1.0205	0.60705
-0.34251	-0.38255
-0.49568	0.58255
-0.41847	-1.726
-0.75226	0.48668
-0.051855	-0.49375
0.14957	-1.7771
-0.27812	0.9957
1.1324	-0.70517
0.79225	0.83615
0.27002	2.9019
0.14652	1.6319
-0.61759	-1.0675
-1.4413	1.0242
-0.88032	-0.91664
-0.71321	-0.0027242
-0.1882	-0.59924
-0.076024	-0.77084
-1.7315	-1.1957
-0.62971	-1.3287
-0.78588	-1.423
-0.44645	-1.5647
-0.93088	0.34372
-1.3081	0.41279
-0.56531	-0.481
0.34307	-0.72499
0.33401	1.4145
1.2992	0.1682
1.2076	-0.51312
0.96003	-0.28724
0.82852	-0.67377
-0.75735	-1.5302
0.19042	-1.5932
-0.61045	-0.90132
-0.57283	-0.57681
-0.90834	-1.2457
-1.4095	0.088672
-1.0026	-0.32388
-1.1137	-0.20941
-0.41091	-1.0866
-0.59679	-0.24188
-0.2142	-1.2107
-1.327	0.3
0.39033	-0.85118
0.34757	-0.65768
-0.49211	0.78915
1.8753	-0.69987
1.7202	0.43756
0.74926	-1.4145
-0.78463	1.0893
-0.20297	-1.175
-0.5738	-0.17375
-1.2712	-1.2243
-1.9878	0.76653
-1.3799	0.3134
-1.0174	-0.61381
-0.9641	0.079416
-0.46562	0.79857
-1.0353	0.22388
0.019805	-0.65767
0.47736	-0.72281
0.053855	0.37454
0.49743	0.11942
0.31758	0.16027
1.2915	0.34715
2.1441	0.58336
1.6077	1.9787
-0.21479	1.9775
-0.4174	0.63226
0.63852	-1.6739
-0.52829	-0.82389
0.87386	0.5043
-0.21732	-1.0005
-0.72054	-0.33788
0.3178	-1.7406
-1.101	-0.018646
-0.83165	-0.59182
0.31056	-0.24419
-0.40468	2.1293
-0.75737	1.1974
1.1991	-1.1143
0.039665	0.51587
-0.14644	2.125
2.2607	-0.060108
1.8724	1.2108
1.6773	1.0071
1.3499	0.8433
0.56095	0.14264
-0.5071	0.93756
-0.03408	0.54904
0.50585	-1.1872
-0.54739	-0.22038
-0.62653	0.047427
-0.90328	0.72971
-0.39841	-0.9287
-0.46209	-0.31693
-1.9082	0.34326
-0.63703	-0.96602
-0.72872	0.37163
-0.46274	2.46
-0.0071166	0.63703
0.46307	-0.9612
-0.11715	1.6125
0.80521	1.862
0.97565	0.77902
0.32842	0.71041
0.90748	-0.9295
-0.11712	1.761
0.056988	-1.062
-0.86537	-0.59428
-0.11808	-0.54432
-0.093022	0.6563
-0.55994	0.85003
0.035651	0.55812
-0.51144	-0.36112
-0.43729	0.23184
0.39639	-1.2777
-0.48711	-0.5397
1.0036	-0.77271
1.1577	-0.039002
1.0025	0.53811
1.0856	-0.37407
0.70771	1.0876
0.56079	0.1743
0.84484	-0.5611
-0.045195	-0.099676
-0.44901	-1.3319
-0.53328	-0.078414
-0.25424	-0.85081
-0.92886	-0.043233
-0.31127	0.12889
-0.14642	-0.62224
0.097606	0.15072
-2.1734	0.72055
-2.6203	1.3985
-1.7667	0.23312
-3.3765	1.3446
-2.2842	0.64676
0.077643	-0.13717
2.8312	-0.19268
1.7362	1.7739
0.71739	-2.5295
-1.4426	-1.2388
-2.3559	0.53364
-0.91816	0.34061
2.1058	-1.4717
0.9454	0.86438
1.4179	-1.1765
-0.039912	-1.1476
0.089839	0.39842
0.26039	-0.31212
2.2227	0.50896
2.3199	1.3155
2.1824	1.425
1.8834	-0.38134
-0.21029	1.1278
-0.28762	-0.62983
1.1085	-1.2708
1.1549	0.98128
-0.67906	0.74142
0.03794	-0.34893
-0.22993	-0.65244
-1.0567	-0.18916
-0.56533	-0.69822
1.2851	-0.67955
-0.23012	0.79694
-1.2189	2.0585
-0.14644	-0.49977
-0.53754	-0.1122
0.35468	-0.16012
0.34198	1.9415
1.7856	0.92575
1.4624	2.5173
0.90667	-0.87148
0.71256	0.4769
-0.59143	0.1987
-0.12479	-0.3204
0.61771	-0.63685
-1.3126	0.51233
-0.38783	-0.39358
-0.73771	-2.3643
-0.067939	-0.057774
0.10263	-0.0129
0.93275	0.83315
0.81166	-1.8994
0.92264	-2.1161
0.017389	-1.0328
1.1264	-0.72192
-0.14934	1.4555
0.79761	0.67617
1.4943	1.3868
0.28733	2.2261
1.0812	0.62436
-0.39582	0.86327
0.095253	-1.2418
-0.19555	-1.1632
-0.25589	-0.56541
-0.43501	0.24919
-0.28004	-0.46725
-1.047	0.33747
-1.1556	1.1671
-0.41846	-0.68627
-0.48623	0.28107
0.050015	-1.5675
-0.54104	0.13128
-0.30025	-0.47938
0.4285	-1.6254
-0.11029	1.0082
1.4396	-0.67144
0.67748	0.98503
0.44319	3.1799
0.053544	1.5158
-0.599	-0.77372
-1.2269	0.86247
-0.83494	-0.58556
-0.35401	-0.13437
-0.53869	-0.84664
-0.5324	-0.67433
-1.5414	-1.1515
-0.42369	-1.5149
-0.87304	-1.1704
-0.61042	-1.2692
-0.6299	0.42112
-1.5299	0.57334
-0.81241	-0.33591
0.30313	-0.70484
0.28436	1.1948
0.95013	0.64836
1.377	-0.25465
0.98423	-0.089138
1.0136	-0.60378
-0.80781	-1.7216
0.15915	-1.6836
-1.2359	-0.54115
-0.53413	-0.52193
-0.80243	-1.3157
-1.3155	-0.035074
-0.78679	-0.35064
-1.036	0.30092
-0.41492	-0.93944
-0.73605	0.32695
-0.029506	-1.5574
-1.2351	0.68339
0.32125	-0.79114
0.42298	-0.72172
-0.073788	0.86142
1.7004	-0.34703
1.7936	0.20956
0.68483	-1.2752
-0.55805	0.7762
-0.42116	-0.86136
-0.44409	-0.24848
-0.82477	-1.4363
-1.9759	1.4248
-1.2429	0.46105
-0.84258	-0.84835
-0.81454	-0.011373
-0.7722	0.65512
-1.1771	0.38624
-0.060681	-1.0284
0.37398	-0.74023
0.16469	0.61699
0.068402	0.0060664
0.057799	-0.018587
1.4499	0.23939
2.0797	0.87475
1.7918	1.6165
-0.0057476	1.6424
-0.20346	0.24303
0.78841	-1.5357
-0.25249	-0.80614
0.44057	0.48772
0.083818	-0.3255
-0.67342	0.10908
0.22077	-1.3268
-1.1388	-0.1221
-0.71216	-0.26856
0.44872	-0.48147
-0.56505	1.7851
-0.10437	1.2647
1.0298	-0.86424
-0.021162	0.58574
-0.21574	2.1006
1.9469	-0.065605
2.0847	1.1235
1.4794	0.68627
1.5303	0.57265
0.24991	-0.014084
-0.37072	1.039
-0.22484	0.59628
0.46932	-1.0612
-0.43852	-0.29522
-0.95491	0.45415
-1.1241	0.39666
-0.19554	-0.82369
-0.70795	-0.40588
-1.7268	0.40231
-0.71324	-1.2281
-0.92148	0.89838
-0.29519	2.1605
0.019477	1.0625
0.74077	-0.95199
-0.32976	1.1269
0.97089	1.8828
0.92843	0.16076
0.34193	1.2799
0.58788	-0.83949
-0.25819	1.754
0.41228	-0.99084
-0.85236	-0.42809
-0.38403	-0.46222
0.14523	0.77386
-0.42103	0.77093
-0.42385	0.20639
-0.32114	-0.43553
-0.67276	0.11851
0.11849	-1.1791
-0.43527	-0.41346
0.67926	-1.0912
1.0959	-0.34245
1.1389	0.47275
0.8269	-0.1824
0.71921	1.0872
1.0956	0.21107
1.3444	-0.43358
-0.068134	0.56666
-0.65795	-1.3563
-0.73641	-0.14271
-0.038297	-0.93731
-0.70722	-0.18618
-0.32109	0.18773
-0.18495	-0.61652
0.28146	0.13617
-2.3705	0.9179
-2.6418	1.362
-1.7551	0.26302
-3.4039	1.3092
-2.3482	0.33194
0.61362	0.14695
2.6755	-0.29525
1.611	2.1011
0.60696	-2.492
-1.7492	-1.3398
-2.2576	0.67901
-0.90272	0.42083
2.1971	-1.2473
0.9777	0.87632
1.3935	-1.1259
0.54633	-1.4324
-0.37154	0.64115
-0.0050018	-0.20745
1.9999	0.73384
2.6724	1.3809
1.8102	1.4053
1.9944	-0.32267
-0.075192	1.2556
-0.37793	-0.60839
1.0776	-1.2763
1.4739	0.55076
-0.41721	0.63248
0.074338	-0.13322
-0.48292	-1.0344
-1.1321	-0.12363
-0.33759	-0.534
1.0174	-0.90822
-0.24123	0.8685
-0.92264	1.9462
-0.57057	-0.71577
-0.0021329	0.17257
0.23179	0.062714
0.66529	1.8969
1.4407	0.8408
1.5763	2.715
1.0804	-0.72807
0.91267	0.26777
-0.44705	-0.077067
-0.033095	-0.27932
0.38713	-0.97955
-0.64527	0.18741
-0.68856	-0.43222
-0.0077398	-2.5023
-0.10418	0.16735
0.10783	-0.33691
0.83104	0.90098
0.63261	-1.521
0.731	-2.8024
-0.18762	-1.0887
0.6482	-1.0481
-0.22765	1.2083
0.91416	0.83254
1.3275	1.3196
0.08137	2.0004
0.97959	0.58755
-0.39175	0.40977
0.124	-1.199
-0.14917	-1.0412
-0.13077	-0.93694
-0.49501	-0.15737
-0.82286	-0.17068
-1.2588	0.24758
-0.55657	1.1117
-0.59487	-0.31247
-0.83532	0.58604
0.0018397	-0.99255
-0.96651	-0.04318
-0.025396	-0.43634
0.37323	-1.8202
0.020024	1.1721
1.3292	-0.69658
0.83715	1.1184
0.035766	2.9181
-0.064854	1.5019
-0.60429	-1.0694
-1.2646	1.1899
-0.37535	-0.98949
-0.86855	-0.27976
-0.74335	-0.62211
-0.20199	-1.0468
-2.0286	-1.2397
-0.30655	-1.4322
-0.65777	-1.2475
-0.60702	-1.1151
-0.78568	0.85872
-0.995	0.3188
-0.72011	-0.24618
0.50474	-0.86781
0.61018	1.4079
0.98399	0.158
1.5904	-0.80558
0.85747	-0.31876
0.72719	-1.0603
-0.64362	-1.7405
0.52557	-1.2942
-0.84843	-0.54801
-0.3752	-0.60347
-0.95315	-1.3452
-1.569	-0.15054
-0.43522	-0.17248
-1.126	-0.26414
-0.24813	-0.79835
-0.38676	0.24237
-0.19569	-1.3967
-0.86253	0.57463
0.49056	-0.91655
0.56415	-0.96966
-0.41561	0.69953
1.8268	-0.55176
1.4065	0.27081
1.0035	-1.3628
-0.96261	0.88761
-0.30277	-1.065
-0.6412	0.084086
-0.97411	-1.299
-2.3234	0.82822
-1.1382	0.2219
-1.102	-0.7409
-0.56429	0.28269
-0.67163	0.58251
-0.99879	0.49019
0.019454	-0.69627
0.41259	-1.0062
-0.037639	0.75029
0.016904	0.32703
0.17332	0.23526
1.3982	-0.082357
1.9823	0.89105
1.7244	1.5771
0.05873	1.8066
-0.36665	0.61793
0.73478	-1.093
-0.84601	-0.72222
0.87875	0.22189
-0.12931	-0.53117
-0.99495	-0.07789
0.42321	-1.2539
-1.2744	0.025489
-0.24896	-0.90035
0.29084	-0.062876
-0.81609	1.5618
-0.021154	1.4718
1.0872	-1.1273
0.088402	0.48707
-0.28686	2.4616
2.128	-0.039101
2.487	0.83103
1.6132	0.92665
1.8053	1.1473
0.6058	0.17351
-0.38267	0.99082
0.022113	0.15188
0.49626	-1.5222
-0.67303	-0.032668
-0.63848	0.27878
-0.81172	0.50906
-0.42383	-0.28932
-0.57802	-0.38909
-1.7581	0.30875
-0.49382	-1.1953
-0.94914	0.5869
-0.40877	2.6322
-0.2796	0.58816
0.26173	-0.75893
-0.63497	1.4534
1.2226	2.1079
0.58279	0.30344
0.42777	1.2145
0.17626	-0.66502
-0.23417	1.5089
0.39833	-0.84593
-1.258	-0.23201
-0.31554	-0.31929
-0.53324	0.36743
-0.78923	0.98895
0.011384	0.59365
-0.49737	-0.45318
-0.62697	-0.16221
0.39696	-1.2864
-0.27616	-0.071224
0.65754	-0.77807
1.228	-0.21422
1.3226	0.031557
0.78125	0.30751
0.99206	1.2533
0.52637	0.16935
1.1537	-0.45934
-0.30298	0.087852
-0.5342	-1.3112
-0.66955	-0.2069
-0.12871	-0.60627
-1.0859	0.022992
-0.17892	-0.44361
-0.082053	-0.76599
0.11406	-0.024359
-1.8845	0.7115
-2.3892	1.2459
-1.5044	0.64709
-3.1918	1.4066
-2.432	0.41035
0.56306	-0.060942
3.0076	-0.14939
1.6101	1.795
0.77298	-2.6579
-1.571	-1.1331
-2.3622	0.9005
-0.75498	0.42702
2.0091	-1.2811
1.371	0.55977
1.2576	-1.3509
0.12175	-0.97627
-0.13076	0.57398
-0.15245	0.021834
1.9782	0.57458
2.3325	1.4922
2.2704	1.6115
1.736	-0.34173
-0.21826	1.2179
-0.17484	-0.86903
1.274	-1.2955
1.1341	0.54727
-0.6663	0.46478
-0.23984	-0.12247
-0.4324	-0.70703
-1.1213	-0.37306
-0.43129	-0.5879
1.3084	-0.87555
-0.093907	0.77252
-1.0103	2.0585
-0.50244	-0.6827
-0.016439	0.26592
0.6441	-0.25531
0.21057	1.7524
1.9579	0.82077
1.1036	2.7382
1.5015	-0.87154
0.75005	0.7461
-0.70524	0.14551
-0.15364	-0.48637
0.53622	-1.0459
-0.80798	0.46227
-0.41922	0.12942
-0.2204	-2.3278
-0.23039	0.22237
0.082084	-0.16076
0.7588	1.0164
0.62812	-1.4858
0.70216	-2.3194
-0.035487	-0.72787
0.71917	-0.59941
0.0099286	1.3459
0.87666	1.111
1.4817	1.4511
0.57505	2.1529
0.85561	0.36706
-0.40129	0.3364
0.11692	-1.3553
-0.47234	-1.1847
-0.21506	-0.60909
-0.37596	0.24079
-0.43604	-0.53191
-1.3025	0.31426
-0.73417	0.78321
-0.43982	-0.59689
-0.89184	0.55474
-0.10516	-1.1337
-0.53222	0.14434
-0.47263	-0.52667
0.57615	-1.7657
-0.10135	1.2776
1.4149	-0.58145
0.66322	0.6984
0.3589	3.1131
-0.12339	1.7161
-0.53334	-0.68171
-1.1802	0.8404
-0.5542	-0.87427
-0.77215	-0.083792
-0.62142	-0.19041
-0.13316	-0.66172
-1.6573	-1.3048
-0.18247	-1.4939
-0.65055	-1.2635
-0.63451	-1.4772
-0.55674	0.22732
-1.2472	0.80805
-1.1098	-0.27483
0.27018	-1.0147
0.4771	1.4959
0.58824	0.48756
1.2145	-0.1679
0.96586	-0.31099
0.56361	-0.84531
-0.60599	-1.6002
0.3061	-1.7568
-0.91521	-0.96127
-0.26034	-0.52742
-0.68675	-0.87735
-1.5804	0.21357
-0.86503	-0.40287
-1.0105	-0.28281
-0.28433	-0.93139
-0.38616	0.026275
-0.076089	-1.386
-1.2099	0.56383
0.63408	-0.73812
0.44273	-0.79329
-0.50434	0.86098
1.8029	-0.49947
1.8615	0.54481
0.58459	-1.37
-0.68575	0.69974
-0.28485	-0.83055
-0.55708	-0.35965
-0.8729	-1.308
-1.8161	1.1045
-1.156	0.12516
-1.3973	-0.85846
-1.1846	0.088008
-0.57192	0.58258
-1.2698	0.20986
-0.082127	-0.70731
0.32572	-0.67441
0.044444	0.60748
0.37008	0.14137
0.13665	0.1118
1.5368	-0.0015033
2.1763	0.78517
1.8211	1.7543
-0.043134	1.7443
0.037388	0.59427
0.49529	-1.6047
-0.1679	-0.53321
0.64158	0.37185
-0.32952	-0.2957
-1.1057	0.035346
0.15053	-1.3892
-1.3158	-0.09869
-0.96904	-0.15956
0.52406	-0.3005
-0.51488	1.8027
0.017499	1.129
0.89388	-0.82542
0.43235	0.51588
0.01826	2.8141
2.1535	-0.051012
1.9481	1.1774
2.0519	0.78998
1.6613	0.86525
0.60051	0.046846
0.002818	1.0175
-0.016508	0.65725
0.61666	-1.099
-0.41334	-0.1245
-0.85711	0.2404
-1.1064	0.44981
-0.37297	-0.78306
-0.35792	-0.36668
-2.0915	0.2384
-0.60077	-1.0487
-0.77866	0.28873
-0.29854	2.248
-0.082112	0.67536
0.76117	-0.88558
-0.37296	1.6815
1.0354	1.7806
0.84688	0.55145
0.40759	0.97491
0.53359	-0.7271
-0.28904	1.7217
0.38156	-0.88993
-0.79175	-0.61151
-0.49127	-0.20498
-0.28028	0.78194
-0.47038	0.76117
-0.044469	0.64622
-0.17343	-0.14457
-0.47589	-0.13033
0.19678	-1.4122
-0.33162	0.21195
0.86346	-0.78306
1.1847	-0.2341
0.86808	0.52617
1.1044	0.047909
0.37931	0.80841
0.71593	-0.10845
1.2835	-0.67004
-0.45447	-0.20296
-0.45862	-1.2731
-0.63543	-0.35875
0.17856	-0.81903
-1.1376	-0.22254
0.08083	0.30317
-0.34423	-0.46494
0.27675	0.19388
-1.9599	0.60506
-2.5266	1.7591
-2.027	0.096985
-3.4312	1.0858
-2.4814	0.32877
0.33116	0.22307
3.1987	-0.1007
1.622	2.2053
0.90253	-2.4077
-1.8064	-0.69746
-2.3162	0.96272
-0.9327	0.50194
2.1442	-1.3382
0.90763	0.55144
1.2829	-1.2356
0.14092	-1.1447
-0.0090127	0.84814
0.13955	-0.54166
2.224	0.35731
2.2837	1.3161
2.4668	1.5502
1.8565	-0.19844
-0.073146	1.3112
-0.21801	-0.59468
1.2762	-1.0451
1.056	0.64806
-0.61324	0.5296
-0.14599	0.08295
-0.21905	-1.1695
-1.122	-0.43659
-0.16564	-0.78412
1.1615	-0.99703
-0.20363	0.72703
-1.1484	2.1383
-0.23548	-0.49334
-0.20402	0.23394
0.71911	-0.2473
0.60659	2.0614
1.8157	0.71931
1.3181	2.7843
1.2167	-0.76269
0.71985	0.4646
-0.29774	0.10204
0.31941	-0.31917
0.6087	-0.5902
-1.0165	0.51365
-0.48305	-0.58496
-0.30158	-2.3602
-0.037093	-0.021673
-0.091593	-0.054016
0.58113	0.77131
0.84816	-1.6468
0.9623	-2.5505
-0.46037	-1.074
1.2094	-0.52354
-0.23698	1.3418
0.94712	1.0345
1.5386	1.2035
0.13866	2.1775
1.2688	0.4616
-0.5763	0.72506
0.062692	-1.0123
-0.60172	-1.4239
-0.27472	-0.55751
-0.12812	-0.40516
-0.16832	-0.22371
-1.5017	0.57825
-0.79501	1.3296
-0.33959	-0.55592
-0.92454	0.70948
-0.11691	-1.639
-0.83124	0.25953
-0.15121	-0.28121
0.39565	-2.0008
-0.39585	1.1258
1.4453	-0.77966
0.29672	1.1412
-0.031825	3.0306
0.26479	1.3818
-0.54265	-1.1461
-1.38	1.1245
-0.51507	-0.79985
-0.6764	-0.16336
-0.59848	-0.52237
-0.042744	-0.77937
-1.6973	-1.553
-0.25279	-1.3456
-0.80752	-1.2208
-0.53793	-1.3074
-0.62145	0.78844
-1.1766	0.806
-0.81617	-0.37024
0.36255	-0.67789
0.03669	1.1137
0.95351	0.41991
1.5081	-0.43781
1.01	-0.24539
1.0543	-0.72232
-0.2608	-1.5515
0.71498	-1.5122
-0.62099	-0.4688
-0.37457	-0.57077
-1.0742	-1.1474
-1.4639	0.039044
-0.84455	-0.43526
-1.0717	-0.044064
-0.37824	-0.92658
-0.43888	-0.45775
-0.18207	-1.1677
-1.2287	0.16029
0.56631	-0.87495
0.31433	-0.61732
-0.35964	0.8478
1.5784	-1.0182
1.5258	0.65834
0.59804	-1.3331
-0.98117	0.61616
-0.47786	-0.82047
-0.66219	-0.29603
-0.87635	-1.0003
-2.1373	1.1502
-1.3082	0.13992
-1.0193	-0.54933
-0.97795	0.1894
-0.82275	0.66123
-1.3246	0.22258
-0.046105	-1.04
0.12432	-0.57492
-0.086394	0.30126
-0.032617	0.0030854
0.29079	-0.091067
1.191	0.49626
2.3609	0.85565
1.9621	1.7437
0.24563	1.5635
-0.70047	0.69944
1.0434	-1.5745
0.0061934	-0.65042
0.71744	0.080245
-0.0050829	-0.5132
-0.60596	-0.3886
0.44104	-1.5173
-1.307	-0.17007
-0.23451	-0.56099
0.3142	-0.37295
-0.64194	1.8962
-0.23977	1.2416
1.267	-1.0783
0.17401	0.47081
-0.12656	2.2712
1.9578	-0.062306
2.1035	1.2767
1.6501	0.92152
1.867	1.058
0.76341	0.083896
-0.12188	1.3227
-0.073313	0.24952
0.56184	-1.4369
-0.48223	-0.24475
-0.73883	-0.19882
-1.3425	0.58594
-0.14633	-0.86321
-0.38108	-0.67026
-1.9158	0.22883
-0.87626	-1.1103
-0.99095	0.17156
-0.7886	2.6701
-0.33622	1.0014
0.47366	-1.1557
-0.59751	1.4172
0.9735	2.0839
0.87265	0.55275
0.44168	0.62093
0.85567	-0.30541
-0.15013	1.4945
0.2918	-0.57614
-0.97667	-0.35033
-0.21392	-0.17742
-0.090438	0.75209
-0.44101	0.77261
-0.0073286	0.4207
-0.39322	-0.26432
-0.67879	-0.50131
0.24177	-1.6394
-0.35539	0.053574
1.0748	-0.69857
1.1961	-0.35538
0.8455	0.118
0.88444	0.30043
0.66912	1.1234
0.83311	-0.12718
1.0147	-0.58096
-0.42824	-0.12394
-0.60155	-1.2396
-0.57938	-0.33877
-0.17085	-1.1151
-0.79901	-0.30362
-0.12923	-0.15347
-0.070127	-1.1481
0.16131	0.2956
-1.9944	0.69611
-2.444	1.3023
-1.9648	0.36903
-3.3651	1.1654
-2.3361	0.12183
0.40298	0.23641
2.7615	-0.41329
1.7192	2.0443
0.41048	-2.4252
-1.8812	-1.111
-2.1329	0.89512
-0.68031	0.7432
1.8726	-1.1899
0.78388	0.68638
1.2229	-1.4507
0.028701	-1.3446
-0.30041	0.43582
0.10125	-0.27351
2.0341	0.47755
2.3501	1.3939
2.2447	1.8738
1.9049	-0.25531
-0.12049	0.9284
-0.36966	-0.62391
0.85076	-1.4219
1.3002	0.64791
-0.34902	0.55879
0.4773	-0.32239
-0.53519	-0.84644
-0.94235	-0.05537
-0.387	-0.64526
1.2593	-1.1937
-0.14869	1.0105
-1.0178	2.1543
-0.47716	-0.94407
-0.5312	0.099721
0.63272	0.095066
0.54249	1.6393
1.8937	0.90935
1.5966	2.776
1.3105	-0.53683
0.65521	0.49912
-0.55625	-0.27711
-0.35059	-0.55655
0.53192	-0.80621
-0.81876	0.13457
-0.34159	-0.32843
-0.3529	-2.7373
0.0026849	0.13221
0.067329	-0.16199
0.52778	0.82014
0.5314	-1.416
0.85922	-2.9219
-0.24115	-1.009
0.63854	-0.70703
0.076677	1.2403
0.79533	0.97712
1.516	1.5642
0.33802	1.7646
1.4079	0.96336
-0.5025	0.79061
0.049299	-1.0605
-0.4144	-1.162
-0.5668	-0.83607
-0.53704	0.43604
-0.19149	-0.11616
-1.6181	0.47227
-1.1897	1.0776
-0.44554	-0.58945
-1.0336	0.79123
-0.36975	-1.2469
-1.0058	0.17617
-0.091415	-0.68272
0.4467	-1.6644
-0.16088	1.1336
1.3013	-0.61678
0.40642	1.0068
0.38571	3.0187
-0.059972	1.3268
-0.67238	-1.1702
-0.94401	0.71291
-0.63178	-0.80267
-0.89569	-0.11544
-0.48958	-0.37606
-0.36226	-0.65357
-1.9393	-1.3892
-0.29636	-1.5389
-0.26457	-1.4237
-0.62035	-1.5166
-1.1148	0.23909
-1.4932	0.60539
-0.80816	-0.59154
0.084205	-0.52439
0.32509	1.3096
0.60403	-0.046644
1.3318	-0.029911
0.97635	-0.43706
0.711	-0.61062
-0.71948	-1.3863
0.25442	-1.8144
-1.2181	-0.52085
-0.64399	-0.73284
-0.7565	-1.0725
-1.7785	0.2978
-0.47198	-0.4577
-0.57343	-0.25171
-0.23185	-0.92058
-0.46031	0.12883
-0.0059809	-1.5449
-1.2796	0.4289
0.5487	-0.57675
0.63664	-0.96936
-0.32245	0.9875
1.7898	-0.45949
1.171	0.46834
0.66347	-1.0411
-0.75837	0.90146
-0.37187	-1.0125
-0.52544	-0.6161
-1.1196	-1.3911
-2.1668	1.0241
-0.94763	0.36745
-0.84597	-0.83925
-1.0159	0.16544
-0.75429	0.8849
-1.3059	-0.03044
-0.1266	-1.0381
0.51591	-0.87258
-0.089371	0.65629
0.28182	0.19638
0.35511	0.077272
1.265	0.25977
2.1774	0.90687
1.6587	1.1241
-0.11835	1.7596
-0.00019835	0.39205
1.0315	-1.6937
-0.1391	-0.78481
0.73173	-0.14477
-0.17561	-0.40905
-0.73736	0.32077
0.079161	-1.4125
-1.2942	-0.1275
-0.76166	-0.46851
0.66421	0.18868
-0.51592	1.7146
-0.36154	0.9461
0.7729	-0.87003
0.37745	0.59951
-0.2352	2.6716
2.0727	0.0010938
2.1102	1.0104
1.7038	1.2838
1.7107	0.63317
0.40063	0.11478
-0.48304	1.0659
0.09224	0.2558
0.054702	-1.0725
-1.0873	-0.26141
-0.69279	0.038903
-0.97534	0.79114
-0.11654	-0.8013
-0.80608	-0.49676
-1.6309	0.32428
-0.62855	-0.92772
-1.084	0.25352
-0.27506	2.315
-0.19385	1.1009
0.46455	-0.98362
-0.3195	1.2592
0.9771	1.9459
0.62438	0.096047
-0.03443	1.0742
0.7921	-0.62205
-0.38381	1.6075
0.45032	-0.8236
-0.98688	-0.1149
-0.36821	-0.19701
-0.027524	0.56788
-0.76623	0.98476
0.091359	0.40222
-0.45729	-0.23238
-0.48443	0.03062
0.37052	-1.5023
-0.3754	0.18327
0.75714	-0.58446
1.1488	-0.29203
1.1802	0.30825
0.90812	-0.030573
0.74154	1.0856
0.66342	-0.09018
1.0156	-0.2966
-0.29872	-0.21328
-0.33389	-1.6221
-1.0241	-0.46202
0.036721	-1.1279
-0.82198	-0.0080878
-0.061376	0.41667
-0.098397	-0.35221
0.016764	0.11507
-2.1864	0.80656
-2.9319	1.5307
-2.1302	0.33944
-3.3033	0.80768
-2.3733	0.51195
0.55108	-0.013017
2.9341	-0.14888
1.6224	1.7892
0.67274	-2.7271
-1.5522	-1.2758
-2.5149	0.73613
-0.80584	0.37121
1.8268	-0.96157
1.0901	0.35431
1.4268	-1.2621
0.33611	-1.2576
-0.15262	0.48249
0.15291	-0.43143
1.8493	0.45797
2.2596	1.2432
2.1035	1.5457
1.8384	-0.52941
-0.44396	1.0052
-0.41814	-0.41323
1.0269	-1.2376
1.3139	0.76014
-0.22001	0.73464
0.085106	-0.47049
0.054629	-1.1892
-1.0846	0.32854
-0.31734	-0.5177
1.0551	-0.64742
-0.30493	0.80694
-0.79613	2.0751
-0.78181	-0.53232
-0.65742	0.30836
0.705	-0.0046583
0.38209	1.6223
1.8148	1.022
1.573	2.5476
1.3927	-1.0367
0.91382	0.46377
0.090258	-0.20095
0.058788	-0.030757
0.77208	-0.65831
-1.0294	0.30241
-0.77343	-0.29559
-0.28536	-2.314
-0.047526	-0.20739
-0.096852	-0.12631
0.81746	0.67868
0.44288	-1.4153
0.66137	-2.7548
-0.32908	-0.79103
0.9562	-0.5812
-0.11577	1.5693
0.89222	1.0296
1.5536	1.6078
0.31512	1.9167
1.1268	0.44679
-0.39779	1.1266
0.24168	-1.208
-0.78326	-1.462
-0.23655	-0.87728
-0.23722	-0.053966
-0.40439	-0.36053
-1.2738	0.7472
-0.60417	0.90854
-0.32487	-0.47911
-0.84179	0.22333
-0.30658	-1.5996
-0.75554	0.2972
-0.30937	-0.29282
0.84655	-1.8765
-0.43896	0.8651
1.0449	-0.6857
0.38426	0.88108
0.23217	3.123
0.13379	1.4375
-0.58951	-0.96014
-1.4758	0.70773
-0.83995	-0.92289
-0.74815	-0.33457
-0.60201	-0.61122
-0.35368	-0.81037
-1.6673	-1.3735
-0.42757	-1.3686
-0.64791	-1.3054
-0.13609	-1.3443
-0.81009	0.54634
-1.2709	1.0344
-0.92458	-0.11666
0.33095	-0.84355
0.06581	1.3096
1.0018	0.027626
1.4117	-0.68451
1.1981	-0.13408
0.65818	-0.75807
-0.78873	-1.7801
0.49409	-1.8095
-0.74496	-0.59026
-0.39159	-0.35776
-0.79056	-1.1112
-1.3468	0.20317
-0.67797	-0.33872
-0.98337	-0.046394
-0.16653	-0.84872
-0.38049	-0.12537
-0.16297	-1.3927
-1.4289	0.55191
0.30695	-0.98892
0.42456	-0.45509
-0.041885	0.79122
1.7437	-0.80446
1.6728	0.48082
0.70997	-1.6314
-0.43608	0.82337
-0.21247	-0.96881
-0.58683	-0.064921
-0.88468	-1.7883
-2.0991	0.82511
-1.073	-0.14028
-1.0157	-0.9537
-0.63573	-0.2352
-0.57601	0.60017
-1.0785	0.48825
-0.13448	-0.95552
-0.059109	-0.98308
-0.26247	0.73815
0.3712	0.28699
0.55556	-0.15847
1.2994	0.20948
2.0499	0.55688
1.8004	1.5291
-0.12545	1.8031
0.12422	0.40291
0.8228	-1.6076
-0.36504	-0.91928
0.38078	0.20585
-0.24089	-0.55652
-0.94706	-0.30742
0.024439	-1.1505
-1.0555	-0.053649
-0.63563	-0.45994
0.5713	-0.079516
-0.36485	1.9517
-0.33711	0.93858
1.2422	-1.0003
0.12283	0.54943
-0.086887	2.4032
2.0962	0.13317
1.9118	1.4018
1.7379	0.77933
1.7897	0.84912
1.2153	-0.25621
-0.5604	0.84907
-0.17107	0.37274
0.66042	-0.91816
-0.75876	-0.3391
-0.7198	0.002366
-0.90751	0.58164
-0.394	-0.91667
-0.43735	-0.45655
-1.8398	0.59446
-0.75563	-1.0227
-1.0042	0.55555
-0.62414	2.3464
-0.0076148	0.81159
0.52829	-1.2362
-0.33149	1.5053
0.89327	1.7392
0.41636	0.1952
0.20845	0.86687
0.78601	-0.64196
-0.058047	1.6817
0.24613	-0.82572
-0.98558	-0.55663
-0.29154	-0.11135
-0.20117	0.27302
-0.51471	0.67654
0.063661	0.2391
-0.4738	-0.40999
-0.62739	-0.10739
0.37681	-1.326
-0.56768	-0.62226
0.73655	-0.97862
0.96439	-0.19791
0.87879	0.025836
1.22	-0.13499
0.31204	1.3659
0.52557	-0.0021349
1.4496	-0.66587
-0.042922	-0.046041
-0.45973	-1.1695
-0.80486	-0.25239
-0.078358	-0.72362
-0.92593	0.12261
-0.34698	-0.41366
-0.076647	-0.35174
0.0013974	0.24909
-1.9718	1.0988
-2.9355	1.3907
-2.0677	0.56036
-3.4152	1.0461
-2.3392	0.33472
0.57541	-0.25363
2.7472	-0.50032
1.7869	1.8667
0.27992	-2.5657
-1.6353	-1.4749
-2.1973	0.82118
-0.99432	0.55808
2.2411	-1.6872
0.8926	0.7702
1.4007	-1.2191
-0.15701	-1.0186
-0.20456	0.40768
0.29619	0.0058953
1.9112	0.92132
2.3995	1.5359
2.4098	1.3691
1.7323	-0.5336
-0.3694	1.2434
-0.35827	-0.77936
1.1636	-1.0121
1.3517	0.70802
-0.64744	0.80871
0.2812	-0.18135
-0.39208	-0.65941
-1.0948	0.0093712
-0.0092728	-0.79904
1.162	-1.1262
0.2477	0.93932
-1.1781	2.049
-0.27606	-0.53739
-0.51296	0.21826
0.58835	-0.21957
0.63757	1.8436
1.4571	0.93177
1.4494	2.3215
1.4273	-0.93682
0.44864	0.48582
-0.58481	0.3326
-0.40275	-0.48467
0.36268	-0.67751
-1.0602	0.32299
-0.36956	-0.59321
-0.20628	-2.4095
-0.17659	0.18772
0.4106	-0.22589
0.67612	0.77824
0.50793	-1.4776
0.86339	-2.2566
-0.31892	-1.2198
0.84276	-0.40496
-0.11723	1.654
0.98994	0.95283
1.4343	1.4382
0.22865	1.9386
1.4471	0.63134
-0.2984	0.48249
-0.078587	-1.3474
-0.35967	-0.80729
-0.087903	-0.82602
-0.22458	0.07588
-0.50003	-0.30033
-1.3191	0.57574
-0.75602	1.0841
-0.29852	-0.49447
-0.76471	0.4864
-0.0012872	-1.3091
-0.74133	0.2237
-0.065109	-0.42915
0.41482	-1.8213
-0.33795	1.1043
1.4921	-0.7068
0.66713	0.32842
0.16695	2.993
-0.044459	1.405
-0.41361	-0.78025
-1.1096	0.89843
-0.78232	-1.253
-0.82826	-0.11151
-0.68614	-0.81084
-0.44763	-0.70457
-1.3926	-1.399
-0.52838	-1.2249
-0.69182	-1.3507
-0.79856	-1.1098
-0.95236	0.39384
-1.2438	0.51174
-0.80636	-0.3675
0.17483	-0.56594
0.3673	1.2087
0.89569	0.14254
1.2874	-0.74253
0.92372	-0.1331
0.80198	-0.46875
-0.90294	-1.8729
0.60362	-1.3806
-0.61633	-0.76994
-0.54938	-0.60499
-0.76501	-1.3398
-1.5683	-0.062226
-0.75526	-0.39568
-1.2186	-0.12506
-0.097722	-0.74574
-0.41321	-0.094118
-0.27637	-1.3956
-1.0021	0.72001
-0.033242	-0.91036
0.51058	-0.62934
-0.4217	0.65491
1.6192	-0.86392
1.4865	0.41582
0.56301	-1.3954
-0.38141	0.82972
-0.41516	-0.86833
-0.80584	-0.12948
-0.99295	-1.2267
-2.2235	1.0867
-1.1295	0.24785
-0.90529	-0.32227
-0.96836	-0.12795
-0.57371	0.84848
-1.112	0.19879
-0.15999	-1.0714
0.27934	-0.67735
-0.12542	0.42309
0.55173	0.065635
0.62433	-0.090661
1.7969	0.18108
1.9099	0.7924
1.6697	1.7994
0.0044955	1.8111
-0.51815	0.44332
0.79077	-1.4011
-0.61515	-0.68476
0.8696	0.16657
-0.18243	-0.69465
-0.48197	-0.032869
-0.010759	-1.5608
-1.1634	-0.17269
-0.57951	-0.40281
0.073626	-0.047563
-0.74258	1.8564
-0.028094	1.4298
0.77045	-0.81415
0.10312	0.26273
-0.23744	2.421
2.3317	-0.21727
1.6704	1.6076
1.9121	1.1302
1.7669	0.99083
0.44827	0.011009
-0.40283	1.3371
-0.35091	0.46083
0.099091	-1.4544
-0.74902	-0.20028
-0.67122	0.01458
-0.89877	0.7346
0.030354	-0.90673
-0.4987	-0.42309
-2.0263	0.38132
-0.60709	-0.66729
-0.77264	0.24437
-0.51515	2.7911
-0.056206	0.93365
0.60618	-0.83801
-0.30871	1.2258
1.1252	1.7349
0.62088	0.32984
0.29694	0.90433
1.0254	-0.65797
-0.30099	1.6721
0.59004	-0.73962
-0.92278	-0.26041
-0.31009	-0.20028
-0.21134	0.47892
-0.82597	1.0403
-0.15388	0.65921
-0.45566	-0.17493
-0.34734	-0.10555
0.19026	-1.6158
-0.51767	-0.076552
1.0848	-0.79026
1.0781	-0.45956
1.0354	0.25682
1.235	0.10324
0.50635	1.0298
0.90904	0.35124
1.2191	-0.63769
-0.1183	-0.04222
-0.41564	-1.5518
-0.94052	-0.33461
-0.072325	-0.84905
-1.0153	-0.32737
0.078742	-0.19491
0.0086659	-0.69097
0.072587	0.18056
-1.975	0.89204
-2.58	1.3456
-1.9178	0.52892
-3.2208	0.78463
-2.3725	0.16384
0.3176	0.0052762
2.7968	-0.34095
1.64	1.9169
1.1106	-2.6516
-1.2122	-1.3297
-2.5979	0.50886
-1.0577	0.54186
2.1385	-1.3185
0.95225	0.27675
1.517	-1.0885
-0.11057	-1.1154
-0.16654	0.60855
0.18736	-0.2156
2.0224	0.4925
2.3324	1.2793
2.1834	1.5994
2.0305	-0.23417
0.14975	1.076
0.12946	-0.42332
1.0374	-1.1973
1.3168	0.81541
-0.38752	0.39057
0.13275	-0.3379
-0.5598	-1.0521
-0.89022	-0.21673
-0.65276	-0.41274
1.2157	-0.63722
-0.34881	0.58846
-1.1625	1.9428
-0.60888	-0.68235
-0.52762	0.10631
0.5144	-0.37342
0.28792	1.9915
1.7448	0.8237
1.3424	2.6197
1.6735	-0.63749
0.74827	0.30126
-0.39584	-0.13103
-0.15056	-0.66662
0.5682	-1.0684
-0.8507	0.44956
-0.49118	-0.099177
-0.39093	-2.5539
-0.26571	-0.61733
0.19996	-0.11946
0.58424	0.97221
0.75899	-1.683
0.81945	-2.5662
-0.05499	-1.2551
0.61959	-0.85356
-0.22254	1.451
0.87632	1.2829
1.2476	1.5534
0.34899	2.0027
1.1605	0.85697
-0.54386	0.61595
0.16307	-1.4901
-0.47575	-0.86383
-0.30793	-0.79372
-0.34623	0.11558
-0.42454	-0.34322
-1.4458	0.37494
-0.90972	0.86308
-0.32663	-0.33849
-0.74878	0.56172
0.20367	-1.4757
-0.73365	-0.014807
-0.28331	-0.3859
0.35934	-1.85
-0.076652	1.1823
1.2428	-0.57042
0.45868	0.79045
0.098139	3.1283
-0.30557	1.4534
-0.78295	-0.95899
-1.3767	1.0062
-0.4953	-1.064
-0.63181	-0.27727
-0.71055	-0.42785
-0.33587	-0.6945
-1.6373	-1.2574
-0.32708	-1.6967
-0.84922	-1.133
-0.29064	-1.2568
-0.62146	0.57709
-1.5119	0.63174
-0.99902	-0.55835
0.42155	-1.0423
0.38854	1.2344
0.66567	0.13251
1.6289	-0.44562
0.81377	-0.28516
1.1263	-0.66015
-0.75886	-1.6302
0.50693	-1.5744
-0.75841	-0.72179
-0.86665	-0.55849
-1.2263	-1.6037
-1.5972	0.12575
-0.80471	-0.39656
-0.45881	-0.29468
-0.36441	-1.1165
-0.37833	-0.25218
0.16171	-1.1246
-1.0502	0.66084
0.056598	-0.79902
0.65369	-0.54514
-0.36143	0.62413
1.692	-0.8632
1.2449	0.4587
0.58677	-1.3745
-0.78382	1.0148
-0.38464	-0.95811
-0.85371	-0.28099
-1.0688	-1.5204
-2.0757	0.83486
-1.1536	0.65049
-1.0956	-0.76158
-0.90889	0.17972
-0.67708	0.47014
-1.3627	0.59647
0.34359	-0.89729
0.12479	-0.61065
-0.33835	0.62232
0.24031	0.041541
0.17468	-0.0080055
1.4341	0.10668
1.9742	0.72016
1.726	1.5546
-0.02589	1.8555
-0.20834	0.7852
0.84752	-1.5244
-0.87023	-0.55171
0.57543	0.3545
0.067808	-1.0629
-0.6783	0.35026
0.52553	-1.2623
-0.8332	-0.4542
-0.63305	-0.36499
0.48601	-0.17234
-0.74003	1.6046
-0.33362	1.2725
1.0743	-1.2034
0.1972	0.46442
0.025632	2.1753
1.8869	-0.31522
1.884	1.3104
1.6779	0.79512
1.904	0.94642
0.46173	0.18361
-0.54177	1.0655
0.2492	0.62925
0.48712	-1.2536
-0.87332	0.043311
-0.56303	-0.038438
-0.86608	0.53128
-0.56083	-0.24543
-0.39414	0.11187
-2.2643	0.62459
-0.58978	-1.2537
-0.99465	0.50642
-0.7307	2.252
-0.048962	0.91611
0.3447	-0.84811
-0.1188	1.4261
1.0313	1.9416
0.5173	0.6624
0.25334	0.73719
0.74324	-0.75964
0.055535	1.5723
0.49967	-1.1324
-0.86121	-0.38472
-0.33811	-0.17207
-0.17443	0.52706
-0.85612	0.64034
-0.14222	0.61047
-0.18446	-0.39357
-0.57415	-0.2107
0.58545	-1.2852
-0.68829	-0.42975
0.85998	-0.86415
0.92771	-0.040081
1.0133	0.11621
1.2958	-0.20171
0.64774	1.2557
0.73248	0.28505
1.0026	-0.41108
-0.2922	0.045415
-0.47864	-1.744
-0.7698	-0.1312
-0.034464	-1.0494
-0.89944	-0.0055432
-0.29181	-0.11333
0.10101	-0.56279
-0.23253	0.19357
-2.1327	0.88088
-2.8835	1.4473
-1.6504	0.4803
-3.3329	0.91537
-2.466	0.30021
0.35729	0.15238
2.9895	-0.29418
1.2531	1.8786
0.69542	-2.2937
-1.8058	-1.3322
-2.4742	0.6334
-0.97883	0.7756
1.9355	-1.3529
1.2128	0.61987
1.5122	-1.0773
0.16903	-1.4026
0.059658	0.44164
0.2265	-0.48383
1.5792	0.37727
2.604	1.4716
2.366	1.4543
1.7971	-0.25982
-0.22911	0.69684
-0.33397	-0.55049
1.2163	-1.011
1.1259	0.90021
-0.28754	0.85614
-0.015291	-0.091989
-0.070396	-1.1517
-0.97929	-0.16419
0.0018425	-0.60178
1.075	-1.0859
-0.21063	0.82431
-1.1401	2.1817
-0.43823	-0.81803
-0.40921	0.049631
0.57648	-0.032344
0.45049	2.0586
1.745	1.0617
1.4026	2.5694
1.1783	-0.74433
0.65403	0.41749
-0.19994	0.22165
-0.016293	-0.045396
0.35297	-1.2494
-0.92805	0.46315
-0.76747	-0.51264
-0.13158	-2.4339
-0.2116	0.3823
-0.053827	-0.31775
0.65568	1.2677
0.39706	-1.6935
1.1607	-2.2763
-0.38703	-1.0966
1.1872	-0.54863
0.21637	0.96654
1.1664	0.94983
1.7138	1.1779
0.3119	1.8122
1.0855	0.54247
-0.91196	0.81909
-0.19399	-1.5401
-0.099994	-1.0491
-0.13453	-0.66666
-0.32648	-0.22334
-0.097441	-0.1464
-1.1583	0.8645
-0.50935	0.63931
-0.53773	-0.85067
-0.92414	0.35576
-0.14961	-1.4536
-0.9064	0.40159
-0.42276	-0.30549
0.27034	-2.1638
-0.019946	0.89668
1.4753	-0.5217
0.72051	0.69378
0.24113	2.8197
0.13691	1.7312
-0.24846	-1.0905
-0.96277	0.88007
-0.62405	-1.0019
-0.74994	-0.58453
-0.65343	-0.7931
-0.35585	-0.78315
-1.5849	-1.0546
-0.34901	-1.3676
-0.75692	-1.4589
-0.74424	-1.5902
-0.37731	0.53725
-1.2958	0.70595
-0.7598	-0.17037
0.46442	-0.57505
0.24244	1.4686
0.94038	0.26902
1.5504	-0.61911
0.93223	-0.36944
1.0711	-0.75235
-0.74776	-1.5606
0.42114	-1.4306
-0.57919	-0.7611
-0.3268	-0.6898
-1.1295	-1.0635
-1.3425	-0.0057103
-0.75917	-0.48399
-0.89204	0.22579
-0.17948	-1.2235
-0.15716	0.18739
0.063867	-1.5321
-1.0757	0.35928
0.27556	-0.7476
0.55397	-0.51572
-0.0076266	0.78028
1.4894	-0.77947
1.5266	0.43799
0.53208	-1.4767
-0.5211	0.92669
-0.68672	-0.71697
-0.54861	-0.21601
-1.1166	-1.4709
-2.0301	0.81331
-1.3669	-0.0042774
-0.82346	-0.60751
-0.95785	0.1385
-0.55307	0.46705
-1.2383	0.61045
-0.04697	-0.72168
0.33073	-0.88513
-0.33715	0.48686
0.46682	0.21602
0.50518	-0.14757
1.4957	0.0060747
2.0578	1.0965
1.5926	1.8709
0.19582	1.6178
-0.16398	0.79054
0.62629	-1.4755
-0.50555	-0.41901
0.91758	0.21374
0.094343	-1.0597
-0.63571	-0.25575
0.61365	-1.5791
-1.1026	-0.0076031
-0.94596	-0.67479
0.19033	-0.34134
-0.66366	1.732
0.024188	1.1707
1.029	-0.88491
0.036225	0.55785
-0.1131	2.2882
2.3622	-0.023656
1.7831	1.3911
2.2104	0.45891
1.6031	1.153
0.53917	0.30561
-0.50753	1.2048
-0.09883	0.6753
0.4895	-1.6495
-0.80416	-0.045814
-0.6347	0.19956
-1.2517	0.55088
-0.023246	-0.87544
-0.76556	-0.39794
-1.8921	0.3227
-0.79919	-1.1405
-1.0051	0.49106
-0.61075	2.592
0.16898	1.0893
0.48242	-1.0741
-0.69478	1.4738
1.1507	1.8378
0.61698	0.46413
0.30605	0.68198
0.64039	-0.84328
0.16051	1.8599
0.41476	-0.89668
-1.1928	-0.58299
-0.089818	-0.32358
-0.030814	0.71273
-0.47534	0.81364
-0.0010247	0.40645
-0.4123	-0.29249
-0.52926	0.021862
0.34979	-1.4401
-0.47881	-0.12132
0.92341	-0.59929
1.161	-0.38396
1.2562	0.20476
0.97857	0.34264
0.56619	1.1786
0.77576	0.25838
0.93205	-0.45553
-0.34848	-0.17573
-0.53772	-1.5285
-0.9356	-0.044257
-0.30227	-0.78765
-0.95052	-0.27496
-0.28292	-0.011009
0.04932	-0.79728
0.013542	-0.028654
-2.1587	0.99699
-2.6121	1.6003
-1.842	0.29272
-3.4831	1.5386
-2.3148	0.76471
0.38412	-0.065528
3.201	-0.25413
1.6794	1.8415
0.96121	-2.4187
-1.3775	-0.99079
-2.1836	0.69845
-1.1636	0.71023
1.9252	-1.3363
1.1958	0.88087
1.0955	-1.3009
0.25241	-0.80482
-0.021541	0.35673
0.097397	0.048684
1.9034	0.6714
2.0853	1.5992
2.1044	1.8578
1.912	-0.42354
-0.10988	0.87983
-0.20731	-0.61797
1.3791	-0.78881
1.1723	0.4047
-0.33544	0.63641
0.16991	-0.0030786
-0.21898	-0.77066
-1.0854	-0.032714
-0.20469	-0.52515
1.3121	-1.1977
-0.13772	0.78281
-1.0862	1.9015
-0.44931	-0.64762
-0.52532	-0.067014
0.481	-0.14762
0.46507	1.9864
1.4711	0.71003
1.2112	2.7605
1.5295	-0.75907
0.62135	0.43886
-0.42046	0.2566
-0.10727	-0.35539
0.57656	-1.2309
-0.90521	0.3953
-0.43786	-0.27237
-0.40516	-2.4452
-0.26964	0.10348
-0.0013496	-0.16957
0.59649	0.96653
0.56162	-1.35
0.73314	-2.3238
-0.42923	-1.1306
0.67503	-0.84854
0.22057	1.5199
0.80924	0.94575
1.532	1.2419
0.020061	2.0787
1.1295	0.89368
-0.75233	0.9536
-0.036453	-1.1609
-0.49135	-0.9635
-0.58607	-0.85334
-0.2255	0.016964
-0.47363	-0.26465
-1.1719	0.46876
-0.73801	0.85616
-0.58047	-0.59564
-0.79128	0.49818
-0.11049	-1.248
-0.67728	0.35683
-0.34268	-0.74543
0.66773	-1.8476
-0.54317	1.1247
1.3288	-0.70531
0.70529	0.97242
-0.049217	3.2612
0.05212	1.3748
-0.84075	-0.92347
-1.0792	0.89537
-0.52586	-0.74233
-0.47966	-0.098888
-0.48097	-0.055284
0.016488	-0.70248
-1.5415	-1.2264
-0.10616	-1.6724
-0.79257	-1.2471
-0.19879	-1.1855
-0.57733	0.67174
-1.4068	0.48182
-0.85459	-0.30842
0.44498	-0.31514
0.45075	1.2868
0.68944	0.18829
1.4751	-0.36567
0.94741	-0.20442
0.69495	-0.68826
-0.62914	-1.3931
0.25425	-1.3658
-0.66568	-0.43416
-0.5018	-0.71114
-0.70488	-1.1929
-1.5584	0.25707
-0.59211	-0.4246
-0.91806	-0.1617
-0.34264	-1.054
-0.20116	0.23574
0.11549	-1.5923
-0.83153	0.84193
0.17895	-0.76335
0.40449	-0.72881
-0.46661	0.43875
1.6836	-0.74431
1.4183	0.46206
0.97497	-0.98649
-0.84596	0.52354
-0.023278	-0.91715
-0.83941	-0.50814
-0.97902	-1.4646
-2.1086	1.3433
-1.1285	0.12697
-0.79309	-1.0592
-0.62302	0.065748
-0.65096	0.22867
-1.3007	0.25721
0.16074	-0.64206
0.11449	-0.63905
-0.14493	0.73462
0.1519	0.33642
0.41362	-0.078247
1.269	0.32436
1.8014	0.89476
1.2706	1.6325
-0.088512	1.4967
-0.55328	0.85683
1.1068	-1.6337
-0.75613	-0.34337
0.83472	0.18233
-0.61797	-0.57397
-0.41217	0.11312
0.23705	-1.6486
-1.0985	0.0027263
-0.44861	-0.44761
0.26535	-0.10829
-0.91319	2.0671
-0.24205	1.2649
0.54443	-0.66853
0.22701	0.67786
0.19985	1.998
2.0929	-0.099877
2.0513	1.4291
1.704	0.82477
1.5796	1.0919
0.64439	0.28936
-0.53004	1.0452
0.027075	0.7457
0.23424	-1.2103
-0.82659	-0.4925
-0.46087	0.24651
-1.3708	0.35302
-0.51445	-0.94633
-0.36231	-0.28314
-1.8404	0.34143
-0.67629	-0.74392
-0.94502	0.53508
-0.57455	1.9701
-0.35933	0.85704
0.4288	-1.2783
-0.030787	1.3957
0.96769	2.0461
0.77516	0.56822
0.29236	0.98705
0.702	-0.48384
0.23966	1.7042
0.21506	-1.0873
-0.89707	-0.54568
-0.27955	-0.011926
-0.13534	0.51669
-0.39609	0.93327
0.18196	0.10972
-0.1373	-0.22098
-0.40987	-0.017891
0.47213	-1.4267
-0.81635	-0.58464
0.72307	-0.72851
1.1215	-0.4625
0.86723	0.26869
0.91366	0.45394
0.64177	1.2634
0.93691	-0.020778
1.3102	-0.2905
-0.24425	0.075152
-0.71544	-1.3859
-0.72157	0.050899
-0.11626	-0.68924
-0.94516	0.078029
-0.049545	-0.1848
0.073557	-0.94639
-0.016201	0.030214
-2.1953	0.76666
-3.0165	1.2001
-2.0571	0.42123
-3.2838	0.98397
-2.1584	0.68038
0.1489	0.24848
2.6681	-0.41093
1.5105	1.9441
0.63803	-2.5049
-1.6538	-1.0434
-2.2398	0.87132
-0.56192	0.52117
1.9801	-1.3584
0.60652	0.53794
1.0965	-1.1674
-0.049398	-0.93334
-0.083562	0.36624
0.19569	-0.16796
1.9273	0.27092
2.4235	1.4595
2.5721	1.6974
2.2267	-0.34714
0.045668	0.75088
-0.19672	-0.617
1.019	-1.2765
1.2616	0.47514
-0.32882	0.54908
0.12478	0.13478
-0.34684	-1.0689
-1.0777	-0.16296
-0.57713	-0.77094
1.0894	-1.0273
-0.33913	0.7364
-1.0193	2.1407
-0.58493	-0.49376
-0.48172	-0.087959
0.60103	0.18198
0.72613	1.483
1.5148	0.8608
1.4301	2.4511
1.4607	-0.59527
0.55873	0.317
-0.46083	0.31873
0.041858	-0.4623
0.40866	-0.92527
-0.56135	0.36258
-0.21497	-0.53437
-0.57188	-2.4076
-0.25743	-0.46
0.15968	-0.20834
0.7001	1.1791
0.60882	-1.3301
0.72257	-2.8507
-0.041113	-0.87855
0.80117	-0.51076
0.11587	1.5763
0.93681	0.95936
1.1197	1.533
0.23861	1.7663
1.0862	0.50048
-0.78234	0.66383
0.23451	-1.048
-0.5703	-1.3962
-0.23579	-0.89837
-0.3494	-0.0045911
-0.34987	-0.025755
-1.8361	0.58477
-0.8259	0.96963
-0.34206	-0.90788
-0.99545	0.72953
-0.29328	-1.0172
-0.86575	-0.20374
-0.39249	-0.34298
0.3962	-2.0831
-0.25936	1.1077
1.009	-0.70113
0.33725	0.91051
-0.0018039	2.9601
-0.26758	1.4283
-0.57198	-1.0146
-1.0752	0.80954
-0.3316	-1.105
-0.45251	-0.20424
-0.28709	-0.40251
-0.22352	-0.79945
-1.8573	-1.3946
-0.36962	-1.3585
-1.0298	-1.1079
-0.55008	-1.3852
-0.95496	0.51431
-1.7331	0.30238
-0.77491	-0.31098
0.012717	-1.0367
0.12574	1.1866
1.0766	0.22437
1.1466	-0.1417
1.0583	-0.047494
1.0224	-0.98004
-0.6924	-1.7533
0.56675	-1.6004
-1.0114	-0.5166
-0.58603	-0.54912
-0.8381	-1.3375
-1.2469	-0.12577
-0.81476	-0.52507
-1.0863	-0.0061598
-0.38691	-0.88565
-0.36804	0.13678
-0.02558	-1.2017
-0.87467	0.4987
0.40514	-0.84958
0.47232	-0.82051
-0.091706	0.53138
1.67	-0.57649
1.4686	0.69615
0.74662	-1.4167
-0.78011	1.0475
-0.31486	-0.91438
-0.64968	-0.17759
-0.92912	-1.2603
-2.1768	0.81305
-1.3733	0.20815
-1.0161	-0.4797
-0.87612	0.21726
-0.55623	0.73806
-1.3661	0.50543
0.0019025	-0.89598
0.17371	-0.80013
0.10884	0.60903
0.39459	0.45968
0.5318	0.065752
1.5907	-0.012124
2.0265	0.81917
1.2964	1.4198
0.34747	1.7711
-0.48053	0.36179
0.8475	-1.3983
-0.53264	-0.66798
0.61593	0.18684
-0.28134	-0.84812
-0.98106	0.22132
0.23337	-1.2679
-1.0954	-0.037569
-0.53999	-0.4951
0.42052	-0.19122
-0.73752	2.1098
-0.26592	0.70584
0.97146	-1.156
-0.059506	0.61149
0.074526	2.2738
2.1258	-0.26578
2.0838	1.3568
1.5737	0.93386
1.513	0.63179
0.67309	-0.045954
0.040616	1.0954
-0.2801	0.57497
0.69803	-1.4218
-0.51602	-0.2593
-0.66278	0.18598
-0.78541	0.49543
-0.012442	-0.70821
-0.85352	-0.30312
-1.9489	0.53235
-0.79045	-1.3557
-0.96885	0.26615
-0.7466	2.2318
-0.059207	0.60705
0.55402	-1.1476
-0.10792	1.6153
1.2166	1.9376
0.71073	0.47756
0.60651	1.2688
0.8084	-0.877
-0.17153	1.6789
0.13676	-0.89847
-0.74132	-0.32078
-0.26349	-0.30711
-0.15952	0.56159
-0.44448	0.82369
0.26993	0.6066
-0.48793	-0.39389
-0.56674	0.095471
0.33931	-1.3561
-0.1118	-0.16066
0.80487	-0.76881
1.1051	-0.021061
0.96028	0.48684
1.0097	-0.27975
0.72638	1.3411
0.67562	0.18861
1.1552	-0.067156
-0.42112	0.077024
-0.75112	-1.0753
-0.74514	-0.01336
-0.47329	-0.77294
-0.95168	-0.50734
-0.36215	-0.23375
0.11722	-0.6062
-0.0037579	-0.019885
-2.4569	0.55345
-2.5954	1.187
-2.2719	0.13542
-3.5423	1.1148
-2.3282	0.15892
0.54659	0.16438
3.1088	-0.33254
1.557	2.0259
0.57874	-2.5097
-1.5536	-1.0802
-2.4733	0.7455
-1.122	0.73728
2.2091	-1.3541
1.1569	0.31772
1.372	-1.2325
0.19604	-0.97758
-0.12864	0.27678
0.22592	-0.51762
1.817	0.55077
2.5082	1.2681
2.1289	1.3473
2.198	-0.62862
-0.17716	0.99195
-0.17368	-0.46451
1.1365	-1.1179
1.3318	0.66413
-0.34122	0.58947
0.065668	0.064351
-0.55757	-0.84124
-1.4161	0.079453
-0.15503	-0.64752
1.0999	-0.9276
-0.32906	0.57687
-1.1181	2.1109
-0.55352	-0.81809
-0.44468	0.063393
0.087357	0.17528
0.83982	1.9241
1.3098	0.88149
1.3196	2.6641
1.7183	-0.80571
0.61886	0.49731
-0.5325	0.10591
-0.26941	-0.29293
0.67791	-0.86684
-1.057	0.30261
-0.70321	-0.39715
-0.41606	-2.5232
-0.297	-0.24573
0.14252	0.19589
0.58454	0.94154
0.67127	-1.5828
0.84529	-2.5288
0.082358	-0.82258
0.86192	-0.95046
0.30392	1.589
1.101	0.7358
1.4366	1.6842
0.30294	2.3524
1.0846	0.84844
-0.38145	0.74088
0.21093	-1.3712
-0.2899	-1.0782
-0.17072	-0.49357
-0.33274	-0.068057
-0.040998	-0.28597
-1.3692	0.29364
-0.68553	0.91135
-0.17054	-0.7907
-0.70246	0.49867
0.015837	-1.2403
-0.88602	-0.028536
-0.52707	-0.23885
0.81798	-1.97
-0.10047	1.1543
1.0467	-0.8757
0.53824	1.0032
0.032292	2.8484
0.28094	1.5321
-0.39581	-0.93198
-1.138	0.41381
-0.53611	-0.98991
-0.99549	-0.26183
-0.75051	-0.69827
0.012185	-0.64247
-2.0373	-1.2091
-0.26607	-1.4192
-0.69911	-1.2041
-0.62579	-1.5095
-0.82076	0.61288
-1.0896	0.36919
-0.70269	-0.36382
0.3902	-0.95545
0.25679	1.3345
1.1456	-0.010329
1.5931	-0.26188
0.80395	-0.47939
1.1305	-0.60169
-0.62643	-1.6015
0.20834	-1.3371
-1.0899	-0.90138
-0.67531	-0.50306
-1.0076	-1.0765
-1.3692	0.12359
-0.56286	-0.42365
-0.77816	-0.31811
-0.23312	-0.81457
-0.3099	0.21324
-0.28067	-1.3582
-1.1622	0.73829
0.29709	-0.87448
0.39359	-0.74895
-0.12481	0.87081
1.5445	-0.67572
1.4044	0.67439
0.54924	-1.125
-0.48823	1.1849
-0.23862	-0.76994
-0.69407	-0.27104
-1.0924	-1.4431
-2.0431	0.9406
-1.3032	0.54663
-1.0396	-0.50183
-0.83926	-0.01231
-0.75713	0.52554
-1.245	0.44627
0.34347	-1.0029
0.33967	-0.8186
-0.12457	0.73521
0.41328	0.31296
0.44618	-0.14233
1.2891	0.12811
2.2067	0.96606
1.6242	1.7458
-0.0065528	1.5613
-0.1942	0.99121
0.82559	-1.6063
-0.71715	-0.38215
0.71065	-0.027438
-0.01083	-0.64841
-0.25866	-0.20753
0.20492	-1.3629
-1.1444	-0.10785
-0.99903	-0.040933
0.16786	0.058203
-0.663	1.5641
-0.43629	1.1011
1.1248	-0.78927
-0.10102	0.57029
-0.22607	2.2776
2.1643	-0.62539
1.943	0.75458
1.8124	0.72434
1.7684	0.8881
0.6459	-0.10348
-0.45776	0.74199
-0.47408	0.57198
0.50406	-1.3038
-0.87867	-0.18025
-0.82138	0.2048
-0.68994	0.80518
-0.12088	-0.8553
-0.75746	-0.21769
-2.0378	0.42084
-0.94372	-1.0088
-0.83105	0.33379
-0.612	2.3856
-0.085048	0.7572
0.72143	-0.93738
-0.16177	1.571
1.048	1.7976
0.91968	0.56724
0.30903	1.1528
0.63493	-0.41555
-0.18419	1.6565
0.19526	-0.7651
-0.9331	-0.2203
-0.50378	-0.29962
-0.16234	0.61686
-0.8329	0.80558
0.13289	0.81497
-0.063538	-0.54521
-1.2	-0.051721
0.10636	-1.4406
-0.61134	-0.029717
0.87816	-0.50609
0.85815	-0.23126
1.0117	0.11153
0.90718	0.26176
0.62954	1.5012
0.66531	0.048862
1.2623	-0.23607
-0.47752	-0.093408
-0.095821	-1.1841
-0.80053	-0.2684
0.093091	-0.85263
-0.72981	-0.24075
-0.49892	0.080928
-0.097232	-0.78348
0.19679	0.55214
-2.0269	0.64842
-2.7376	1.8213
-1.9601	0.44254
-3.0319	1.2455
-2.3071	0.31895
0.69755	0.10167
2.8546	-0.35686
1.7717	1.6721
0.61102	-2.3913
-1.7966	-1.1478
-2.301	0.84102
-1.0642	0.68537
2.3519	-1.3369
1.0726	0.84795
1.4317	-1.0518
0.57295	-0.61326
-0.081821	0.3246
0.44281	-0.57538
1.8105	0.9492
2.8296	1.2115
2.2286	1.3911
1.9062	-0.35027
-0.23486	1.0602
-0.16866	-0.65958
1.2743	-1.1751
1.5646	0.76627
-0.46499	0.76079
0.23275	0.037278
-0.43687	-1.2341
-1.1366	0.021639
-0.46226	-0.75703
0.97818	-0.74915
-0.33947	0.88404
-1.1491	1.9473
-0.79939	-0.23016
-0.54981	0.43354
0.58965	-0.15757
0.48241	1.7087
2.0179	0.74343
1.3599	3.0434
1.5155	-0.54602
0.67961	0.16359
-0.33814	0.08629
0.087125	-0.74832
0.27188	-1.0823
-0.77732	0.69466
-0.34443	-0.49231
-0.0024637	-2.2684
-0.042045	0.055366
0.31444	-0.023496
0.61766	1.1491
0.59983	-1.3381
0.80768	-2.5701
-0.058213	-1.034
0.94295	-0.42531
-0.083072	1.2411
1.1341	0.98985
1.5054	1.1927
0.27766	1.9701
1.2262	0.70177
-0.54072	0.72244
0.17584	-1.2155
-0.37766	-1.31
-0.43852	-0.49846
-0.21974	0.20075
-0.45854	-0.16479
-1.5104	0.45422
-0.87677	0.91315
-0.4999	-0.41188
-0.80399	0.37508
-0.37163	-1.5169
-0.73828	-0.066237
-0.50107	-0.20398
0.43958	-1.7762
-0.35633	1.136
1.5328	-0.3754
0.9007	0.61276
0.31661	3.198
-0.0097166	1.4675
-0.65835	-1.2909
-1.2185	0.93011
-0.6545	-1.1183
-0.8943	-0.1656
-0.63684	-0.55968
-0.47763	-0.78835
-1.9096	-0.96831
-0.54399	-1.6213
-0.40064	-1.4949
-0.75027	-1.2966
-0.45716	0.36463
-1.2198	0.18552
-0.63958	-0.54981
0.3442	-0.87839
0.47459	1.2347
1.0014	0.31588
1.2539	-0.073006
1.1203	-0.43783
0.6083	-0.60295
-0.6664	-1.7269
0.57065	-1.5379
-1.0901	-0.74483
-0.96765	-0.92296
-1.0362	-0.81461
-1.4491	-0.052634
-0.65331	-0.62346
-0.91424	0.058114
0.012628	-0.98368
-0.28648	-0.20578
-0.074069	-1.3233
-1.0081	0.49997
0.47334	-0.82431
0.42269	-0.61032
-0.33927	0.73657
1.7263	-0.52609
1.7669	0.39877
0.87392	-1.1556
-0.39403	0.58959
-0.28643	-0.75686
-0.65102	-0.19682
-0.71649	-1.5218
-1.9004	1.1122
-0.89448	0.26722
-1.2182	-0.93117
-0.78339	0.043671
-0.67754	0.42277
-1.2262	0.30812
-0.082973	-0.61019
0.40862	-0.76417
-0.14193	0.423
0.38793	0.050202
0.40317	0.11706
1.3255	0.25515
1.7877	1.1028
1.6873	1.6799
-0.22603	1.7161
0.059751	0.5714
1.0721	-1.5493
-0.1903	-0.61426
0.43906	0.09104
-0.22027	-1.0888
-0.86958	-0.44162
0.09226	-1.5201
-1.376	-0.021231
-0.39757	-0.37865
0.15802	-0.030471
-0.48058	1.7133
-0.51234	1.3146
1.0111	-0.94969
-0.0040355	0.62413
-0.1337	2.2201
2.6519	-0.094021
1.9972	1.6286
1.55	0.91711
1.6139	0.89157
0.54304	-0.15286
-0.52353	0.73606
0.30018	0.25163
0.63938	-1.2381
-0.79568	-0.6445
-0.89489	0.1932
-1.2414	0.55443
-0.12053	-0.73569
-0.82652	-0.55239
-1.9359	0.23958
-0.72854	-1.0602
-1.2726	0.70978
-0.51811	2.3494
-0.060528	0.76473
0.6183	-0.88446
-0.32034	1.561
1.3831	2.2134
0.36153	0.22328
0.05058	0.93646
0.82307	-0.4499
-0.0035983	1.7008
0.35346	-0.87466
-0.84932	-0.28573
-0.1651	-0.26249
-0.31159	0.38142
-0.43811	1.0845
-0.24008	0.29491
0.25794	-0.58426
-0.81438	0.22861
0.1182	-1.1096
-0.5822	-0.13053
0.60546	-0.72597
1.0122	-0.33465
0.95739	0.49471
1.0462	0.22093
0.53475	1.068
0.94827	-0.0044746
1.0664	-0.79496
-0.37026	-0.14756
0.10409	-1.2825
-0.6082	-0.075033
-0.30268	-0.95442
-1.1164	0.0029137
-0.46958	0.05657
-0.17226	-1.0105
0.25758	0.3502
-2.0395	0.75578
-2.5355	1.0621
-1.9568	0.31512
-3.3424	1.1402
-2.2236	0.36283
0.33311	0.27707
2.7491	-0.49848
1.6278	1.851
0.58866	-2.6134
-1.2001	-1.5054
-2.4825	0.78184
-0.81077	0.76904
2.1995	-0.98871
1.2601	0.7343
1.3002	-1.4207
0.099029	-0.86235
-0.19477	0.48684
0.24194	-0.18846
1.9242	0.55479
2.2785	1.3289
2.3439	1.6956
1.7045	-0.010088
-0.020476	1.134
0.082194	-0.69408
1.2155	-1.1749
1.4316	0.57257
-0.57925	0.39754
0.19517	0.032106
-0.3809	-1.3024
-1.0861	-0.22113
-0.63519	-0.40729
1.102	-0.95528
-0.10075	0.61031
-1.1584	1.793
-0.33564	-0.61305
-0.63067	-0.048214
0.18801	-0.047978
0.43865	1.9771
1.8258	0.75569
1.0204	2.6723
1.0705	-0.83777
0.69318	0.5451
-0.38995	0.54853
0.05295	-0.24279
0.33064	-0.9272
-0.59997	0.37551
-0.72547	-0.47507
-0.45606	-2.5753
-0.06744	-0.057989
0.11083	-0.26438
0.73206	1.3067
0.39476	-1.5294
0.8705	-2.7712
-0.25879	-1.0463
0.93759	-0.9834
0.044721	1.7568
1.0004	0.8313
1.2373	1.4308
0.34296	2.0877
1.2582	0.35709
-0.29194	0.69397
0.13177	-1.2556
-0.678	-1.0262
-0.22893	-0.50327
-0.23041	-0.37725
-0.34395	0.06853
-1.3583	0.4838
-1.2811	0.88814
0.00025306	-0.46888
-0.83672	0.69787
0.20953	-1.2894
-0.82989	0.36169
-0.33141	-0.60778
0.4962	-1.8674
0.15237	0.95887
1.4388	-0.31659
0.69312	0.79031
0.047556	2.8459
-0.20087	1.4196
-0.31692	-1.0336
-1.2502	1.1358
-0.75794	-0.91945
-0.57979	-0.11127
-0.7846	-0.38558
0.021407	-0.81304
-2.0612	-1.1149
-0.2471	-1.3538
-0.81679	-1.6239
-0.26713	-1.1556
-0.51829	0.57379
-1.4752	0.25294
-0.91814	-0.31494
0.36511	-1.1525
0.31234	1.4761
0.93112	0.24249
1.3708	-0.31934
1.1302	-0.17085
1.1382	-0.69257
-0.58855	-1.9229
0.43645	-1.5143
-0.86737	-0.67118
-0.51294	-0.62159
-1.1838	-1.2415
-1.6039	0.068234
-0.49035	-0.71569
-0.94564	-0.029876
-0.0065495	-0.99556
-0.46852	0.24222
-0.066721	-1.7615
-1.0613	0.80457
0.30647	-0.88938
0.39	-0.46771
-0.31333	0.69103
1.5134	-0.91715
1.7053	0.45131
0.69386	-0.9792
-0.6152	0.99734
-0.45482	-0.89083
-0.39923	-0.090792
-0.87915	-1.4009
-2.4954	1.1206
-1.0219	0.14336
-0.6483	-0.94916
-0.83867	0.049546
-0.60187	1.0143
-1.4083	0.14725
-0.44658	-1.1034
0.53243	-1.0594
0.44571	0.33188
0.0061211	-0.13077
0.42283	0.013787
1.1871	0.33297
2.2745	0.49074
1.6584	1.3735
-0.17367	1.8369
-0.57634	0.49924
0.64184	-1.6029
-0.67132	-0.34204
0.79678	0.16784
-0.078009	-0.51663
-0.80369	-0.046018
0.019207	-1.4999
-1.1534	0.056545
-0.66079	-0.44013
0.42775	-0.03489
-0.52961	1.9667
-0.49549	1.3499
1.2342	-1.0488
-0.097447	0.67929
-0.075915	2.5233
2.2437	0.048565
2.2345	1.5952
1.6391	1.0972
1.7975	0.92471
0.42175	0.089993
-0.41977	1.2285
0.31587	0.48817
0.62872	-1.1061
-0.6155	-0.37095
-0.52976	0.038293
-1.1063	1.0115
-0.36306	-0.56376
-0.66188	-0.38567
-2.0268	0.54551
-1.096	-0.86745
-0.93507	0.33188
-0.53749	2.8522
-0.10795	0.88723
0.82355	-1.0555
-0.21702	1.4873
1.1019	1.9593
0.74174	0.03228
0.23149	1.0605
0.64485	-0.68835
-0.22576	1.698
0.28219	-0.64238
-1.1407	-0.34868
-0.41728	-0.6096
-0.20632	0.57794
-0.75475	0.80433
-0.40703	0.32022
-0.27862	-0.78432
-0.64852	0.013279
0.47122	-1.1992
-0.7704	-0.18986
0.77088	-0.74706
1.0901	-0.35963
1.2601	0.11761
0.9325	-0.043119
0.66079	1.3072
0.6028	0.058788
1.0238	-0.24567
-0.14314	-0.10582
-0.41554	-1.0523
-0.76978	-0.17435
-0.001668	-1.0032
-0.93937	0.18379
0.075265	-0.22394
-0.3231	-0.76318
0.11202	0.11501
-2.0681	0.95441
-2.5323	1.0564
-1.8652	0.45458
-3.3402	1.0978
-2.0982	0.45995
0.46247	0.20202
2.9358	-0.26608
1.754	1.9093
0.87945	-2.3542
-1.545	-1.236
-2.7938	0.67112
-1.0414	0.8446
2.1486	-1.2632
1.029	0.81841
1.1976	-1.0412
-0.10464	-0.99055
-0.099328	0.70748
0.48167	-0.38121
1.9977	0.35714
2.5162	1.4512
2.1189	1.8847
2.1906	-0.33694
-0.11973	1.0021
-0.34482	-0.76628
0.93603	-1.1547
1.1259	0.81149
-0.4692	0.16506
0.27618	-0.15738
-0.42111	-1.125
-1.2443	-0.050509
-0.24115	-0.60446
1.2595	-0.69812
-0.043898	0.54694
-1.2322	2.1833
-0.23258	-0.76205
-0.41319	0.19939
0.27183	0.026459
0.76767	1.9304
1.6065	0.79646
1.548	2.4883
1.387	-0.76152
0.93949	0.50423
-0.69179	-0.072056
-0.048882	-0.28751
0.62682	-0.86872
-0.9709	0.61675
-0.38546	-0.33201
-0.45804	-2.5995
-0.35463	-0.28456
0.079921	0.26628
0.51494	1.4265
0.4446	-1.5285
0.84155	-2.4583
-0.1567	-1.1178
0.69275	-0.4731
0.15265	1.4723
1.0912	1.2948
1.4353	2.0359
0.039993	1.9837
0.77971	0.51721
-0.52433	0.91951
0.075092	-1.4177
-0.68911	-0.82976
-0.29645	-0.61694
-0.40031	-0.20678
-0.21093	-0.044038
-1.4491	0.83658
-0.64658	0.48209
-0.37562	-0.6095
-0.90592	0.54692
-0.0076293	-0.89286
-0.69428	0.1462
-0.32857	-0.10112
0.42669	-1.819
-0.085743	1.2532
1.2859	-0.54363
0.65716	0.99599
0.35315	2.9766
0.50924	1.3969
-0.60994	-0.89144
-1.1224	0.99898
-0.64977	-0.97898
-0.77753	-0.07579
-0.58227	-0.80679
-0.25764	-0.98509
-1.6079	-1.1021
-0.40778	-1.5274
-0.68434	-1.5341
-0.5093	-1.1114
-0.82612	0.38157
-1.6685	0.4808
-0.62952	-0.47187
0.30214	-0.64259
0.27406	1.363
1.1394	0.17456
1.4403	-0.097393
1.2284	-0.14658
0.94727	-0.62262
-1.0349	-1.3495
0.27195	-1.5897
-0.96782	-0.80586
-0.63053	-0.48941
-1.0877	-1.1562
-1.6946	-0.40142
-0.82353	-0.37712
-1.3287	-0.027145
-0.22265	-0.78783
-0.4664	-0.02708
-0.066551	-1.4625
-0.86357	0.45886
0.61255	-0.76923
0.28197	-0.59057
-0.37239	0.66291
1.5804	-0.56159
1.6449	0.56767
0.6481	-1.2446
-0.91563	0.72818
-0.47418	-1.2693
-0.58134	-0.12768
-0.9225	-1.268
-1.8743	1.0565
-1.0359	0.29398
-0.95102	-0.74725
-0.7513	0.36874
-0.62996	0.87281
-1.1765	0.50717
-0.34531	-0.97835
0.21342	-0.82023
-0.12616	0.7622
0.066032	0.57577
0.28075	0.1144
1.3991	0.25954
2.2643	0.68639
1.7606	1.4386
-0.096409	1.7899
-0.0063264	0.51696
0.93122	-1.4785
-0.29598	-0.61153
0.58804	0.39844
-0.12054	-0.71795
-0.72063	-0.11518
0.043777	-1.3232
-1.1714	-0.21532
-0.6463	-0.62959
0.33694	-0.37522
-0.97552	1.6702
-0.16109	1.161
1.0059	-0.76613
0.18149	0.18321
-0.16063	2.4558
2.2241	-0.27078
1.8234	1.0394
1.8871	0.76541
1.6711	1.1108
0.060782	0.014451
-0.46354	1.0007
-0.023265	0.36721
0.5467	-1.1167
-0.88913	-0.1537
-0.62071	0.20234
-0.83764	0.78404
-0.14681	-0.78586
-0.78474	-0.59382
-1.536	0.23188
-0.60331	-0.97895
-1.1485	0.73386
-0.72017	2.3584
-0.046912	0.7783
0.69132	-0.87553
-0.30214	1.4854
0.97981	1.8235
0.84514	0.13817
0.42308	1.1286
0.55363	-0.48022
-0.20639	1.8004
0.44109	-1.0322
-0.99157	0.094308
-0.48059	-0.22506
0.08031	0.54614
-0.56085	0.79604
0.186	0.72518
-0.062454	-0.27442
-0.55216	-0.010978
0.47216	-1.5058
-0.77646	-0.32918
1.0008	-0.62301
1.071	-0.22525
1.1654	-0.043223
1.0033	-0.11667
0.61335	0.86099
0.80815	0.37722
1.2232	-0.74267
-0.32294	0.14692
-0.25214	-1.6222
-1.2117	-0.36991
-0.10003	-1.0581
-1.1964	0.06798
-0.16581	-0.13503
-0.058896	-0.73175
0.34544	0.23725
-2.0735	0.75716
-2.7365	1.0673
-1.9845	0.53461
-3.3476	1.1608
-2.8773	0.26659
0.68965	0.24372
2.6608	-0.41264
1.7377	1.919
0.89237	-2.2972
-1.3928	-1.0846
-2.4647	0.55939
-0.71652	0.62797
2.1255	-1.357
0.9582	0.27839
1.1235	-1.4154
-0.10545	-0.88941
0.11771	0.27664
0.0019951	-0.28977
2.0665	0.51443
2.6006	1.1531
2.3444	1.6061
1.6868	-0.42916
-0.26732	1.1836
-0.23098	-0.5075
1.165	-1.2828
1.7168	0.62013
-0.55938	1.0554
0.27543	-0.38011
0.10015	-1.0326
-1.0265	-0.064546
-0.16951	-0.74825
1.2504	-0.83555
-0.35203	0.63739
-0.96372	1.9583
-0.25973	-0.3798
-0.39705	0.0051863
0.12768	-0.41508
0.66917	1.8442
1.914	0.95112
1.525	2.4019
1.4139	-0.58151
0.784	0.34651
-0.51132	0.23689
-0.22722	-0.26924
0.39286	-0.98241
-0.70452	0.29722
-0.0058467	-0.45257
-0.45939	-2.4607
-0.13462	-0.032721
0.098127	-0.20584
1.0619	1.1097
0.58678	-1.5963
1.0673	-2.321
-0.15364	-1.1558
0.79937	-1.0512
0.33515	2.05
1.1349	0.85743
1.5697	1.7356
0.47337	1.7741
1.4167	0.53392
-0.68582	0.52021
-0.17266	-1.338
-0.51986	-1.1649
-0.19783	-0.8352
-0.36323	0.023861
-0.37835	-0.12908
-1.1135	0.49086
-0.62511	0.90472
-0.21664	-0.46444
-0.73819	0.57548
0.20616	-1.2054
-0.68666	0.15995
-0.67196	-0.24022
0.59279	-1.7194
-0.42592	1.5607
1.4234	-0.42961
0.36318	0.52385
0.23668	3.2089
0.2326	1.5234
-0.60356	-1.1738
-1.5314	0.90213
-0.61789	-0.82752
-0.51202	0.033654
-0.73377	-0.55099
-0.17305	-0.7844
-1.4624	-1.3103
-0.45677	-1.4111
-0.56637	-1.294
-0.7092	-1.2564
-0.83185	0.32016
-1.3987	0.52845
-0.68769	-0.58813
0.3664	-0.64107
0.26034	1.4644
0.83706	0.32082
1.2261	-0.51189
0.86327	-0.42895
0.84241	-0.9516
-0.61256	-1.5841
0.36535	-1.7553
-0.76632	-0.65447
-0.65326	-0.45097
-0.64026	-1.1541
-1.4587	-0.13714
-0.90778	-0.53628
-1.1593	-0.17183
-0.38043	-1.3036
-0.22593	0.33689
0.059859	-1.3125
-0.83364	0.69855
0.68878	-0.71788
0.47565	-0.46932
-0.55383	1.0515
1.577	-0.49722
1.2736	0.40205
0.68157	-1.4204
-0.67981	0.72433
-0.17319	-0.78089
-0.56863	-0.63923
-1.1836	-1.3225
-1.7477	0.60736
-0.80055	0.38599
-1.1785	-0.74116
-0.79006	0.071702
-0.65042	0.49
-1.3252	0.44887
-0.2107	-0.97255
0.44278	-0.79612
-0.27706	0.68214
0.14456	0.32882
0.47351	0.02044
1.293	0.24121
2.1361	0.89816
1.6379	1.544
0.17104	1.5897
-0.23235	1.1576
0.55104	-1.6399
-0.50625	-0.55993
0.64447	0.34752
-0.066911	-0.3875
-0.61559	-0.15106
0.022876	-1.418
-1.3994	-0.18354
-0.5827	0.036414
0.51914	-0.04181
-0.77884	1.9717
-0.11006	1.2443
1.1936	-0.76643
-0.041072	0.41696
-0.33832	2.1615
2.0548	-0.0016972
2.2181	1.3632
1.7134	0.73527
1.7846	0.76481
0.63161	0.14347
-0.50474	0.94185
-0.19514	0.67894
0.57669	-1.3931
-0.57752	-0.32258
-0.61471	0.29601
-1.1379	0.41048
-0.28737	-0.63266
-0.47331	-0.4471
-1.6082	0.51017
-0.41067	-1.0818
-0.90587	0.2642
-0.52587	2.5961
-0.14185	0.9895
0.72761	-1.2011
-0.37947	1.4122
0.88094	1.8697
0.78705	0.64196
0.57286	0.69006
0.6188	-0.56853
0.058483	1.8128
0.63209	-1.0055
-0.91386	-0.58977
-0.1031	-0.072999
-0.029526	0.55218
-0.71264	0.52708
-0.063708	0.57996
-0.14984	-0.19829
-0.56984	0.12378
0.28355	-1.2083
-0.61332	-0.46475
0.81008	-0.79851
1.3274	-0.25346
0.99318	0.39319
1.4255	-0.001314
0.50466	1.1078
0.80944	0.22769
1.5769	-0.38978
-0.11325	-0.0021388
-0.58632	-1.4739
-0.87631	-0.21589
-0.023243	-1.0166
-0.97282	-0.20537
-0.14962	-0.27924
-0.00077993	-1.0317
0.1239	0.20798
