-2.9215
-2.8278
-2.8125
-2.8011
-2.7665
-2.7504
-2.7468
-2.7269
-2.7185
-2.7113
-2.6974
-2.6909
-2.6833
-2.6737
-2.6561
-2.6534
-2.6319
-2.6178
-2.614
-2.6064
-2.6059
-2.6036
-2.6035
-2.5961
-2.5855
-2.5806
-2.5782
-2.5749
-2.5711
-2.5707
-2.5599
-2.5595
-2.5583
-2.5512
-2.5463
-2.5451
-2.5341
-2.5287
-2.5257
-2.5126
-2.4944
-2.4941
-2.4895
-2.4872
-2.484
-2.4728
-2.4647
-2.463
-2.4623
-2.4576
-2.4342
-2.4341
-2.4302
-2.4152
-2.3951
-2.3944
-2.3937
-2.391
-2.3857
-2.3732
-2.3722
-2.3662
-2.3606
-2.3428
-2.3348
-2.3185
-2.3063
-2.3037
-2.3018
-2.297
-2.2942
-2.2833
-2.2828
-2.2799
-2.2705
-2.2649
-2.2607
-2.2599
-2.245
-2.2424
-2.2363
-2.22
-2.2079
-2.1895
-2.1801
-2.1279
-2.1259
-2.125
-2.0597
-2.051
-2.0436
-2.0272
-2.0256
-1.9872
-1.9672
-1.9632
-1.9565
-1.9539
-1.9455
-1.9421
-1.9406
-1.9345
-1.9206
-1.9169
-1.9093
-1.8975
-1.8968
-1.8945
-1.8898
-1.8882
-1.8759
-1.8681
-1.8504
-1.8477
-1.8464
-1.8455
-1.8332
-1.8264
-1.82
-1.8172
-1.8077
-1.8064
-1.8032
-1.8022
-1.8004
-1.7855
-1.7822
-1.7791
-1.7755
-1.7728
-1.7582
-1.7558
-1.747
-1.7469
-1.7448
-1.7445
-1.743
-1.7385
-1.7347
-1.7345
-1.7286
-1.7228
-1.7221
-1.7184
-1.7162
-1.7138
-1.7137
-1.7116
-1.7091
-1.7066
-1.7046
-1.6997
-1.6955
-1.6903
-1.6883
-1.6877
-1.6848
-1.6829
-1.6774
-1.6767
-1.6715
-1.6675
-1.6666
-1.665
-1.6611
-1.6604
-1.6602
-1.6542
-1.6536
-1.652
-1.6511
-1.6505
-1.65
-1.6499
-1.6488
-1.648
-1.6469
-1.6464
-1.645
-1.6414
-1.6394
-1.6394
-1.6376
-1.637
-1.6339
-1.6297
-1.6292
-1.6282
-1.6274
-1.6266
-1.6261
-1.6257
-1.6188
-1.6188
-1.6188
-1.6187
-1.6165
-1.6137
-1.6121
-1.6094
-1.6088
-1.6055
-1.5992
-1.5974
-1.5967
-1.5955
-1.5947
-1.5877
-1.5873
-1.5852
-1.5847
-1.5832
-1.5802
-1.5796
-1.5779
-1.5749
-1.5733
-1.5722
-1.5719
-1.5705
-1.5705
-1.5688
-1.566
-1.5657
-1.5651
-1.5643
-1.5629
-1.5628
-1.5615
-1.5605
-1.5601
-1.5589
-1.5585
-1.5576
-1.5564
-1.5561
-1.5556
-1.5553
-1.5552
-1.554
-1.5539
-1.5537
-1.5531
-1.5522
-1.5517
-1.5509
-1.5495
-1.5485
-1.5466
-1.5466
-1.5463
-1.5463
-1.5438
-1.5436
-1.541
-1.5406
-1.5386
-1.5385
-1.537
-1.5337
-1.5321
-1.5319
-1.5297
-1.527
-1.5252
-1.525
-1.5235
-1.522
-1.5219
-1.5175
-1.517
-1.516
-1.5156
-1.5142
-1.5127
-1.5122
-1.5114
-1.5112
-1.5108
-1.5084
-1.5074
-1.5065
-1.506
-1.5059
-1.5049
-1.5042
-1.5041
-1.5039
-1.5013
-1.5
-1.499
-1.4989
-1.4987
-1.496
-1.4959
-1.4947
-1.4939
-1.4937
-1.4933
-1.4922
-1.4921
-1.4911
-1.4896
-1.4894
-1.4893
-1.4862
-1.4858
-1.4842
-1.4835
-1.4832
-1.483
-1.4814
-1.4813
-1.4808
-1.4805
-1.4793
-1.4791
-1.4776
-1.477
-1.4752
-1.4749
-1.4732
-1.473
-1.4719
-1.4717
-1.471
-1.4708
-1.4695
-1.4689
-1.4683
-1.4665
-1.4652
-1.4649
-1.4639
-1.4639
-1.4638
-1.4632
-1.4627
-1.4613
-1.4606
-1.4604
-1.4596
-1.4594
-1.4594
-1.4593
-1.4576
-1.4573
-1.4558
-1.4542
-1.4532
-1.4522
-1.4521
-1.4517
-1.45
-1.4499
-1.4495
-1.4494
-1.4481
-1.4473
-1.4455
-1.4454
-1.4447
-1.4439
-1.4438
-1.442
-1.4417
-1.4414
-1.4401
-1.4394
-1.4383
-1.4353
-1.4353
-1.4348
-1.4337
-1.4331
-1.4325
-1.4324
-1.4314
-1.4308
-1.4306
-1.4279
-1.4277
-1.4272
-1.4268
-1.4265
-1.4246
-1.4245
-1.4215
-1.4213
-1.4203
-1.4201
-1.4199
-1.4187
-1.4171
-1.4162
-1.4159
-1.4158
-1.4153
-1.4144
-1.4134
-1.4131
-1.4125
-1.4125
-1.4114
-1.411
-1.4109
-1.4102
-1.4088
-1.4085
-1.4082
-1.4072
-1.4063
-1.4056
-1.4052
-1.4052
-1.4029
-1.4003
-1.3992
-1.3988
-1.3985
-1.3976
-1.3975
-1.396
-1.3946
-1.3939
-1.3937
-1.3931
-1.3915
-1.3914
-1.3914
-1.3908
-1.3907
-1.3897
-1.3895
-1.3894
-1.3889
-1.3888
-1.3884
-1.386
-1.385
-1.3831
-1.3815
-1.3814
-1.3811
-1.3787
-1.3776
-1.3768
-1.3761
-1.376
-1.3754
-1.3741
-1.3738
-1.3737
-1.3731
-1.3725
-1.3724
-1.3711
-1.3698
-1.3687
-1.368
-1.368
-1.3678
-1.3659
-1.3658
-1.3648
-1.3642
-1.3616
-1.3591
-1.3579
-1.3574
-1.3574
-1.3571
-1.3568
-1.3559
-1.3545
-1.3539
-1.3537
-1.3528
-1.3521
-1.3519
-1.3502
-1.3501
-1.3489
-1.3486
-1.3486
-1.3483
-1.3463
-1.3445
-1.3438
-1.3425
-1.3421
-1.3418
-1.3417
-1.3405
-1.3398
-1.3381
-1.3381
-1.3375
-1.3372
-1.3372
-1.334
-1.333
-1.3326
-1.3321
-1.332
-1.3312
-1.33
-1.3295
-1.3287
-1.3284
-1.3273
-1.3265
-1.3257
-1.3255
-1.3255
-1.3252
-1.3241
-1.3226
-1.3223
-1.3217
-1.3215
-1.3212
-1.3191
-1.319
-1.3186
-1.3186
-1.3185
-1.3178
-1.3171
-1.3141
-1.313
-1.3127
-1.3121
-1.3117
-1.3108
-1.309
-1.3086
-1.3074
-1.306
-1.3056
-1.3035
-1.3024
-1.302
-1.3018
-1.3006
-1.3005
-1.2995
-1.2988
-1.2986
-1.2979
-1.2973
-1.297
-1.2963
-1.2963
-1.2953
-1.2945
-1.2943
-1.2939
-1.2937
-1.293
-1.2916
-1.2912
-1.2909
-1.2904
-1.2903
-1.2899
-1.2896
-1.2886
-1.2878
-1.2876
-1.286
-1.2859
-1.2859
-1.2855
-1.2854
-1.2833
-1.2826
-1.2815
-1.281
-1.2806
-1.2803
-1.2796
-1.2794
-1.2785
-1.2781
-1.2778
-1.2773
-1.2761
-1.2758
-1.2752
-1.274
-1.2739
-1.2738
-1.2722
-1.2695
-1.2686
-1.2684
-1.2675
-1.2671
-1.2664
-1.2662
-1.2661
-1.2655
-1.2644
-1.2627
-1.2617
-1.2616
-1.2608
-1.2592
-1.2592
-1.2573
-1.2562
-1.2559
-1.2559
-1.2549
-1.2543
-1.2542
-1.2534
-1.2522
-1.2519
-1.2518
-1.2501
-1.2488
-1.2478
-1.2474
-1.2472
-1.2471
-1.2464
-1.2457
-1.2454
-1.2454
-1.245
-1.2449
-1.2447
-1.244
-1.244
-1.2426
-1.2418
-1.2416
-1.2416
-1.2414
-1.2412
-1.2405
-1.2401
-1.2398
-1.2383
-1.2381
-1.2375
-1.2367
-1.2356
-1.2356
-1.2353
-1.2352
-1.2352
-1.2348
-1.234
-1.2335
-1.232
-1.2302
-1.229
-1.2281
-1.2278
-1.2269
-1.2228
-1.2222
-1.2207
-1.22
-1.2189
-1.2172
-1.2168
-1.2166
-1.2156
-1.2154
-1.2154
-1.2148
-1.2146
-1.2145
-1.2136
-1.2129
-1.2128
-1.2127
-1.2127
-1.2107
-1.2103
-1.2101
-1.2095
-1.2092
-1.2089
-1.2084
-1.2079
-1.2077
-1.2075
-1.207
-1.2064
-1.2051
-1.2045
-1.2026
-1.2009
-1.2004
-1.2004
-1.2001
-1.1978
-1.1977
-1.1971
-1.1965
-1.1942
-1.1934
-1.1929
-1.1928
-1.1927
-1.1926
-1.1924
-1.191
-1.1909
-1.1905
-1.1904
-1.1902
-1.1897
-1.1894
-1.1894
-1.1894
-1.1884
-1.1876
-1.1873
-1.186
-1.1854
-1.1846
-1.1839
-1.1836
-1.1825
-1.1825
-1.1822
-1.1822
-1.1803
-1.1801
-1.1791
-1.1768
-1.1765
-1.1761
-1.1756
-1.1748
-1.1745
-1.1739
-1.1712
-1.1707
-1.1705
-1.1698
-1.1695
-1.1686
-1.1682
-1.1678
-1.1668
-1.1663
-1.1661
-1.1659
-1.165
-1.1646
-1.1644
-1.163
-1.1629
-1.1615
-1.1599
-1.1599
-1.1591
-1.1588
-1.1586
-1.1584
-1.1566
-1.1561
-1.156
-1.1553
-1.1551
-1.1543
-1.1543
-1.154
-1.1532
-1.1518
-1.1514
-1.1509
-1.1495
-1.1483
-1.1467
-1.1464
-1.146
-1.1455
-1.1451
-1.1443
-1.1443
-1.1437
-1.1425
-1.1407
-1.139
-1.138
-1.1377
-1.1375
-1.1372
-1.137
-1.1368
-1.1366
-1.1357
-1.1342
-1.1338
-1.1328
-1.1328
-1.1326
-1.1322
-1.1309
-1.1294
-1.1293
-1.1292
-1.129
-1.128
-1.128
-1.1261
-1.1254
-1.1254
-1.1239
-1.123
-1.1218
-1.1213
-1.1212
-1.121
-1.1209
-1.1201
-1.1191
-1.1182
-1.1179
-1.1178
-1.1158
-1.1148
-1.1147
-1.1126
-1.112
-1.1116
-1.1104
-1.1101
-1.11
-1.1096
-1.1095
-1.1093
-1.1083
-1.1083
-1.1082
-1.1076
-1.1064
-1.1055
-1.105
-1.1048
-1.1044
-1.1026
-1.1023
-1.102
-1.1015
-1.0977
-1.0972
-1.0958
-1.0951
-1.0942
-1.094
-1.0927
-1.0926
-1.0922
-1.0904
-1.0902
-1.09
-1.0895
-1.0877
-1.0872
-1.0858
-1.0855
-1.0855
-1.0853
-1.0849
-1.0837
-1.0831
-1.082
-1.0807
-1.0798
-1.0797
-1.0795
-1.0791
-1.0778
-1.0777
-1.0768
-1.0768
-1.0764
-1.0748
-1.0746
-1.0746
-1.0741
-1.0736
-1.0732
-1.0711
-1.0696
-1.0695
-1.0688
-1.0687
-1.0682
-1.067
-1.0639
-1.0637
-1.0633
-1.0633
-1.0629
-1.0624
-1.0623
-1.0623
-1.0621
-1.0619
-1.0619
-1.0619
-1.0618
-1.0616
-1.0615
-1.0586
-1.0583
-1.0581
-1.0574
-1.0566
-1.0554
-1.054
-1.0538
-1.0525
-1.052
-1.052
-1.0511
-1.0499
-1.0483
-1.0473
-1.0471
-1.0471
-1.0453
-1.0453
-1.0449
-1.0446
-1.0439
-1.0436
-1.0404
-1.0398
-1.0383
-1.0377
-1.0369
-1.0363
-1.0351
-1.035
-1.0348
-1.0335
-1.033
-1.0328
-1.0317
-1.0306
-1.0299
-1.0297
-1.0295
-1.0292
-1.0282
-1.0274
-1.0268
-1.0256
-1.0251
-1.025
-1.0248
-1.0224
-1.0215
-1.0207
-1.0204
-1.0195
-1.0186
-1.0181
-1.0178
-1.0168
-1.0168
-1.0165
-1.0162
-1.0161
-1.0149
-1.0138
-1.0129
-1.0128
-1.0124
-1.0121
-1.0109
-1.0095
-1.0091
-1.0089
-1.0088
-1.0087
-1.0086
-1.0076
-1.0059
-1.0048
-1.0035
-1.0023
-1.0022
-1.0017
-1.0013
-1.0002
-0.99876
-0.99792
-0.99763
-0.99558
-0.99557
-0.9954
-0.99465
-0.99446
-0.9944
-0.99414
-0.99358
-0.99283
-0.99282
-0.99237
-0.99228
-0.99122
-0.99044
-0.99009
-0.98989
-0.98953
-0.98753
-0.98601
-0.98568
-0.98504
-0.98493
-0.98465
-0.98442
-0.98347
-0.9831
-0.98264
-0.9814
-0.98128
-0.9806
-0.98047
-0.97997
-0.9797
-0.97957
-0.97894
-0.97819
-0.97723
-0.97701
-0.97565
-0.97557
-0.9752
-0.97376
-0.97335
-0.97313
-0.97232
-0.97076
-0.97025
-0.96935
-0.9692
-0.96907
-0.96845
-0.96816
-0.96643
-0.96599
-0.96589
-0.96218
-0.96185
-0.96078
-0.96069
-0.96052
-0.9603
-0.95997
-0.95973
-0.95728
-0.95713
-0.95704
-0.95653
-0.95596
-0.95348
-0.95328
-0.95295
-0.95188
-0.95154
-0.95154
-0.95125
-0.94979
-0.94932
-0.9493
-0.949
-0.94868
-0.9481
-0.9475
-0.94693
-0.94669
-0.94631
-0.94626
-0.9446
-0.94427
-0.94375
-0.9435
-0.94289
-0.9425
-0.94245
-0.94239
-0.94194
-0.94147
-0.94047
-0.93982
-0.93955
-0.93936
-0.9381
-0.93779
-0.93753
-0.93742
-0.93667
-0.93652
-0.93554
-0.93495
-0.93469
-0.93327
-0.93205
-0.93146
-0.93129
-0.93092
-0.93061
-0.93046
-0.93038
-0.92911
-0.92863
-0.92858
-0.92849
-0.9281
-0.92738
-0.92607
-0.92552
-0.92487
-0.9234
-0.92321
-0.92302
-0.92278
-0.92254
-0.92194
-0.92173
-0.92119
-0.92095
-0.91988
-0.91899
-0.91854
-0.91832
-0.91652
-0.91611
-0.91497
-0.91443
-0.91358
-0.91356
-0.91265
-0.91264
-0.9125
-0.91141
-0.91115
-0.91074
-0.91068
-0.91009
-0.90903
-0.90894
-0.90803
-0.90782
-0.90779
-0.90778
-0.90744
-0.90741
-0.90711
-0.90581
-0.90484
-0.90421
-0.9024
-0.90193
-0.90192
-0.90141
-0.90133
-0.90068
-0.90025
-0.8994
-0.89927
-0.89764
-0.8963
-0.896
-0.89395
-0.89387
-0.89323
-0.89315
-0.89298
-0.89212
-0.89145
-0.89123
-0.8909
-0.89078
-0.89077
-0.89007
-0.88997
-0.88985
-0.88965
-0.88893
-0.88892
-0.8878
-0.88689
-0.88539
-0.88515
-0.88441
-0.88349
-0.88347
-0.88221
-0.88215
-0.88211
-0.88171
-0.88111
-0.88085
-0.87962
-0.87937
-0.8785
-0.87839
-0.87743
-0.87708
-0.87693
-0.87689
-0.87612
-0.87607
-0.87585
-0.87569
-0.87547
-0.87546
-0.87542
-0.87461
-0.87457
-0.8745
-0.87384
-0.87377
-0.87361
-0.87302
-0.87292
-0.87107
-0.87077
-0.87026
-0.86995
-0.86989
-0.86877
-0.86807
-0.86763
-0.86733
-0.866
-0.86595
-0.8658
-0.86572
-0.86514
-0.86508
-0.86472
-0.86459
-0.86442
-0.86427
-0.86388
-0.86378
-0.86234
-0.86223
-0.8616
-0.86147
-0.86068
-0.86057
-0.86054
-0.86044
-0.85957
-0.8587
-0.85797
-0.85709
-0.85681
-0.85648
-0.85584
-0.85545
-0.85468
-0.8542
-0.85362
-0.85333
-0.85317
-0.85191
-0.85187
-0.8518
-0.85126
-0.85125
-0.85063
-0.8492
-0.84872
-0.8485
-0.84843
-0.84823
-0.8472
-0.84715
-0.84691
-0.84604
-0.84565
-0.84497
-0.84454
-0.84358
-0.84349
-0.84347
-0.84243
-0.84223
-0.84172
-0.84159
-0.84149
-0.84124
-0.84075
-0.84065
-0.8404
-0.84007
-0.84003
-0.83986
-0.83959
-0.83834
-0.83785
-0.83689
-0.83685
-0.83682
-0.83597
-0.83561
-0.83541
-0.83429
-0.8339
-0.83327
-0.83271
-0.83151
-0.83145
-0.83064
-0.8306
-0.83058
-0.83016
-0.82968
-0.82947
-0.82939
-0.82928
-0.82915
-0.82906
-0.82729
-0.82578
-0.82529
-0.82517
-0.82516
-0.82494
-0.82433
-0.82313
-0.82239
-0.82188
-0.82101
-0.82054
-0.81998
-0.81959
-0.81866
-0.81836
-0.81819
-0.81817
-0.81799
-0.81731
-0.81728
-0.81632
-0.8154
-0.81492
-0.81475
-0.81458
-0.81452
-0.8137
-0.81315
-0.81297
-0.81292
-0.81256
-0.81223
-0.81206
-0.81055
-0.81051
-0.80916
-0.80872
-0.80849
-0.80732
-0.80697
-0.80681
-0.80647
-0.8056
-0.8056
-0.80426
-0.80399
-0.8036
-0.80311
-0.80272
-0.80238
-0.80214
-0.80185
-0.80142
-0.80131
-0.80107
-0.80071
-0.80045
-0.79959
-0.79953
-0.7995
-0.79776
-0.79709
-0.79663
-0.79608
-0.79594
-0.79361
-0.79359
-0.79292
-0.7929
-0.79264
-0.79261
-0.79224
-0.79163
-0.79152
-0.79148
-0.79123
-0.79026
-0.78992
-0.78958
-0.7886
-0.78858
-0.78847
-0.78774
-0.78743
-0.78703
-0.7861
-0.7839
-0.78336
-0.78321
-0.78316
-0.78289
-0.78265
-0.78257
-0.78249
-0.78125
-0.78065
-0.78037
-0.78001
-0.77996
-0.77987
-0.77981
-0.77975
-0.7786
-0.77766
-0.77759
-0.77722
-0.77705
-0.77665
-0.77643
-0.77577
-0.77563
-0.775
-0.77442
-0.77431
-0.77382
-0.77378
-0.77269
-0.77249
-0.77168
-0.77003
-0.76996
-0.7694
-0.76937
-0.76868
-0.76662
-0.76645
-0.76358
-0.76182
-0.76111
-0.76107
-0.76098
-0.76088
-0.76083
-0.75957
-0.75897
-0.75837
-0.75823
-0.7575
-0.75728
-0.75696
-0.75656
-0.75633
-0.75609
-0.75514
-0.75447
-0.75436
-0.75399
-0.75336
-0.75296
-0.75216
-0.75212
-0.75154
-0.74987
-0.74947
-0.7491
-0.74834
-0.748
-0.74765
-0.74759
-0.74755
-0.74603
-0.74575
-0.74545
-0.74531
-0.74523
-0.74479
-0.74457
-0.7438
-0.74246
-0.74233
-0.74217
-0.74181
-0.74158
-0.74063
-0.73929
-0.73866
-0.7379
-0.73778
-0.73771
-0.73758
-0.73726
-0.73704
-0.73668
-0.73456
-0.73439
-0.73433
-0.73231
-0.73127
-0.73083
-0.73074
-0.72958
-0.72843
-0.72792
-0.72768
-0.7273
-0.7266
-0.72591
-0.72535
-0.72468
-0.72459
-0.72437
-0.72373
-0.72369
-0.72361
-0.72263
-0.72237
-0.72202
-0.7219
-0.7219
-0.7213
-0.72113
-0.72106
-0.72027
-0.71897
-0.71741
-0.71721
-0.71668
-0.71609
-0.71565
-0.71557
-0.71531
-0.71525
-0.71303
-0.71218
-0.7121
-0.71131
-0.71046
-0.71034
-0.70928
-0.70912
-0.70828
-0.70799
-0.70793
-0.7077
-0.70655
-0.70633
-0.70618
-0.70457
-0.70439
-0.70375
-0.70365
-0.70358
-0.70312
-0.70261
-0.70111
-0.701
-0.6991
-0.69907
-0.69906
-0.69828
-0.69781
-0.69718
-0.69698
-0.69638
-0.69625
-0.69624
-0.69528
-0.69469
-0.69426
-0.69423
-0.69336
-0.69334
-0.69173
-0.68959
-0.68954
-0.68855
-0.68847
-0.68784
-0.68714
-0.68695
-0.68674
-0.68667
-0.68666
-0.6866
-0.68647
-0.68605
-0.68533
-0.6852
-0.68494
-0.68441
-0.68351
-0.6835
-0.68249
-0.68223
-0.68213
-0.68162
-0.6814
-0.68134
-0.68128
-0.68101
-0.67977
-0.67937
-0.67814
-0.67793
-0.67754
-0.67742
-0.67733
-0.67711
-0.67695
-0.67687
-0.67588
-0.67574
-0.67574
-0.67545
-0.67519
-0.67512
-0.67503
-0.67361
-0.67278
-0.67262
-0.67245
-0.6719
-0.67172
-0.67154
-0.67091
-0.67064
-0.67016
-0.66936
-0.66919
-0.66915
-0.6691
-0.66886
-0.66794
-0.66724
-0.66668
-0.66636
-0.66596
-0.66569
-0.66513
-0.66395
-0.66326
-0.66307
-0.66297
-0.66275
-0.66195
-0.6615
-0.66095
-0.66071
-0.66044
-0.65982
-0.65922
-0.6592
-0.65861
-0.6583
-0.65827
-0.65761
-0.65737
-0.65698
-0.65648
-0.65586
-0.65574
-0.65557
-0.65556
-0.65471
-0.65441
-0.65411
-0.65406
-0.65319
-0.65319
-0.6531
-0.6529
-0.652
-0.65183
-0.65165
-0.65026
-0.64961
-0.64897
-0.6477
-0.6475
-0.64721
-0.64669
-0.64645
-0.64637
-0.64583
-0.64582
-0.64579
-0.64543
-0.64524
-0.64517
-0.64483
-0.64428
-0.64375
-0.64352
-0.64324
-0.64274
-0.64206
-0.64165
-0.64094
-0.64026
-0.63917
-0.63819
-0.63755
-0.63739
-0.63684
-0.63621
-0.63541
-0.63452
-0.6334
-0.6333
-0.63297
-0.63265
-0.63157
-0.63068
-0.63004
-0.62944
-0.62884
-0.62882
-0.62868
-0.62863
-0.62692
-0.62638
-0.62621
-0.62442
-0.62441
-0.62397
-0.62371
-0.6236
-0.6231
-0.62303
-0.62282
-0.62182
-0.61891
-0.61888
-0.61875
-0.61872
-0.61868
-0.61859
-0.61818
-0.61815
-0.61719
-0.61708
-0.61473
-0.61364
-0.61312
-0.61267
-0.61234
-0.61217
-0.61138
-0.61115
-0.61099
-0.60979
-0.60924
-0.60921
-0.60898
-0.60856
-0.60764
-0.60754
-0.60719
-0.60662
-0.606
-0.60586
-0.60578
-0.60577
-0.60558
-0.60556
-0.60512
-0.60492
-0.60471
-0.60438
-0.6042
-0.60407
-0.60347
-0.60304
-0.60257
-0.60191
-0.60116
-0.60095
-0.60045
-0.59946
-0.59779
-0.59748
-0.59699
-0.59653
-0.59603
-0.59479
-0.59461
-0.5935
-0.59247
-0.58926
-0.58916
-0.58816
-0.5878
-0.58664
-0.58653
-0.58611
-0.58595
-0.58586
-0.5842
-0.58398
-0.58385
-0.58356
-0.58193
-0.58192
-0.58181
-0.5812
-0.58086
-0.58076
-0.58064
-0.58057
-0.58051
-0.58028
-0.57928
-0.57796
-0.57692
-0.57687
-0.5765
-0.57577
-0.5752
-0.57495
-0.57465
-0.57449
-0.57403
-0.5739
-0.57302
-0.57184
-0.57171
-0.57065
-0.57016
-0.56961
-0.56921
-0.56916
-0.56862
-0.56858
-0.56849
-0.56791
-0.56662
-0.56653
-0.56605
-0.56575
-0.56492
-0.56471
-0.56404
-0.56262
-0.56224
-0.56122
-0.56117
-0.56105
-0.56099
-0.5607
-0.55748
-0.55723
-0.55679
-0.55679
-0.55586
-0.55525
-0.55523
-0.55511
-0.55461
-0.55373
-0.55362
-0.5527
-0.5525
-0.55112
-0.55019
-0.54998
-0.54996
-0.54953
-0.54918
-0.54896
-0.54854
-0.5462
-0.54548
-0.54358
-0.54295
-0.54253
-0.54237
-0.54231
-0.54188
-0.54185
-0.54133
-0.54113
-0.53929
-0.53788
-0.53776
-0.53765
-0.53751
-0.53711
-0.537
-0.53696
-0.53568
-0.53558
-0.53522
-0.53496
-0.53495
-0.53477
-0.53451
-0.53394
-0.53299
-0.53188
-0.53125
-0.52942
-0.5275
-0.5275
-0.52741
-0.527
-0.52627
-0.52624
-0.52604
-0.52591
-0.52587
-0.5254
-0.52527
-0.52455
-0.52435
-0.52425
-0.52425
-0.52343
-0.52341
-0.52335
-0.5232
-0.52189
-0.52162
-0.52158
-0.52138
-0.52098
-0.51931
-0.51919
-0.51753
-0.51732
-0.51678
-0.51603
-0.51483
-0.51466
-0.51444
-0.51424
-0.51307
-0.51265
-0.51205
-0.51163
-0.51092
-0.51087
-0.51048
-0.50988
-0.50958
-0.50934
-0.50896
-0.50883
-0.50748
-0.5074
-0.50711
-0.50707
-0.50705
-0.50654
-0.50633
-0.50557
-0.50533
-0.50513
-0.50506
-0.5041
-0.50357
-0.50351
-0.50314
-0.50314
-0.50277
-0.50209
-0.50175
-0.50171
-0.50144
-0.50134
-0.50099
-0.50097
-0.50011
-0.50003
-0.49986
-0.49973
-0.49968
-0.49925
-0.49873
-0.49862
-0.49779
-0.4977
-0.49731
-0.49716
-0.49647
-0.49638
-0.49608
-0.49445
-0.49416
-0.49403
-0.49383
-0.49334
-0.49219
-0.4905
-0.49033
-0.48956
-0.48872
-0.4879
-0.48775
-0.48771
-0.48653
-0.48633
-0.4854
-0.48474
-0.48433
-0.48396
-0.48297
-0.48286
-0.48259
-0.4825
-0.4818
-0.48151
-0.48136
-0.48054
-0.48051
-0.48041
-0.48039
-0.48019
-0.47955
-0.47891
-0.4784
-0.47733
-0.47705
-0.47687
-0.47687
-0.47665
-0.4756
-0.47546
-0.47451
-0.47417
-0.47311
-0.47297
-0.47271
-0.47164
-0.47149
-0.4714
-0.47044
-0.46866
-0.46862
-0.46823
-0.46818
-0.46705
-0.46659
-0.46627
-0.46607
-0.46599
-0.46574
-0.46488
-0.46469
-0.46386
-0.46366
-0.4628
-0.46256
-0.46121
-0.46064
-0.46051
-0.45974
-0.45972
-0.45972
-0.45948
-0.45947
-0.4584
-0.45826
-0.45804
-0.45786
-0.45646
-0.456
-0.45573
-0.45534
-0.45492
-0.45474
-0.4547
-0.45467
-0.45419
-0.45417
-0.45318
-0.45228
-0.45166
-0.4512
-0.45103
-0.4496
-0.44958
-0.44951
-0.44907
-0.44834
-0.44724
-0.44706
-0.44642
-0.44618
-0.44442
-0.44347
-0.44273
-0.44244
-0.44148
-0.44144
-0.44091
-0.44048
-0.43987
-0.43955
-0.43915
-0.43886
-0.43845
-0.43818
-0.43778
-0.43681
-0.43612
-0.43555
-0.43395
-0.43379
-0.43345
-0.43311
-0.43294
-0.43288
-0.4322
-0.4317
-0.4306
-0.43055
-0.42942
-0.42887
-0.42885
-0.42877
-0.42845
-0.4273
-0.42709
-0.42652
-0.42626
-0.42626
-0.42566
-0.42555
-0.42531
-0.42495
-0.42489
-0.42462
-0.42372
-0.42357
-0.42336
-0.42263
-0.42186
-0.42153
-0.41991
-0.41986
-0.41911
-0.41824
-0.41824
-0.41819
-0.41683
-0.41678
-0.41627
-0.41577
-0.41554
-0.41479
-0.41336
-0.41298
-0.41296
-0.41067
-0.41051
-0.40988
-0.40952
-0.40912
-0.40905
-0.40881
-0.40822
-0.40816
-0.40781
-0.40654
-0.40647
-0.40619
-0.4056
-0.40545
-0.40536
-0.40535
-0.40493
-0.40483
-0.40478
-0.4047
-0.40468
-0.40468
-0.40443
-0.40435
-0.40424
-0.40399
-0.40388
-0.40277
-0.40164
-0.40065
-0.39924
-0.39878
-0.39779
-0.39769
-0.39743
-0.39727
-0.39709
-0.3969
-0.39681
-0.3963
-0.39558
-0.39522
-0.39515
-0.39476
-0.39475
-0.39354
-0.39334
-0.39332
-0.39284
-0.39277
-0.39232
-0.3914
-0.38851
-0.38762
-0.38758
-0.38749
-0.38734
-0.38734
-0.38653
-0.38472
-0.38455
-0.38415
-0.38394
-0.38243
-0.38201
-0.3817
-0.38165
-0.37974
-0.37916
-0.3791
-0.37862
-0.37854
-0.37838
-0.37825
-0.3782
-0.37698
-0.37685
-0.37644
-0.37634
-0.37579
-0.37574
-0.37534
-0.37448
-0.373
-0.37239
-0.37227
-0.37198
-0.37182
-0.37077
-0.37052
-0.37027
-0.36981
-0.36961
-0.36959
-0.36956
-0.36955
-0.36944
-0.36912
-0.36897
-0.3683
-0.3676
-0.36672
-0.3662
-0.36559
-0.36519
-0.36467
-0.36437
-0.36437
-0.36433
-0.36247
-0.36229
-0.36226
-0.36208
-0.36198
-0.36184
-0.36181
-0.36164
-0.36117
-0.36098
-0.36063
-0.3589
-0.35873
-0.35872
-0.35737
-0.35736
-0.35722
-0.35672
-0.35667
-0.35598
-0.35556
-0.35435
-0.35419
-0.35387
-0.35321
-0.35238
-0.35226
-0.35122
-0.35112
-0.35108
-0.35019
-0.34972
-0.34965
-0.34952
-0.34947
-0.34906
-0.34865
-0.34841
-0.34791
-0.34765
-0.34751
-0.34654
-0.34643
-0.34604
-0.34554
-0.34482
-0.34365
-0.34349
-0.34327
-0.34317
-0.34314
-0.34204
-0.34199
-0.34198
-0.34143
-0.34109
-0.34099
-0.34041
-0.33948
-0.33879
-0.3382
-0.33808
-0.33794
-0.33784
-0.33774
-0.33752
-0.33666
-0.33629
-0.3362
-0.33609
-0.33604
-0.33587
-0.33509
-0.3343
-0.33381
-0.33244
-0.33227
-0.33189
-0.33182
-0.33163
-0.3316
-0.3315
-0.33142
-0.33056
-0.3305
-0.32947
-0.32756
-0.32663
-0.32653
-0.32628
-0.32617
-0.32611
-0.32582
-0.32548
-0.32445
-0.32409
-0.32366
-0.32316
-0.3231
-0.32299
-0.32252
-0.32251
-0.32225
-0.32217
-0.32172
-0.32133
-0.3208
-0.32069
-0.32055
-0.32035
-0.32001
-0.31994
-0.31959
-0.31957
-0.31798
-0.31797
-0.3177
-0.31734
-0.31682
-0.31671
-0.31666
-0.31597
-0.31584
-0.31562
-0.31508
-0.31359
-0.3132
-0.313
-0.31293
-0.31291
-0.31267
-0.31241
-0.3113
-0.31105
-0.31027
-0.31025
-0.31004
-0.30992
-0.30979
-0.30929
-0.30864
-0.30746
-0.30743
-0.30664
-0.30653
-0.30637
-0.30599
-0.30558
-0.3049
-0.30457
-0.30402
-0.30374
-0.30371
-0.30329
-0.30299
-0.30201
-0.30191
-0.3002
-0.30006
-0.29989
-0.29855
-0.29848
-0.29826
-0.29758
-0.29725
-0.29715
-0.29661
-0.29594
-0.29536
-0.29464
-0.29431
-0.29397
-0.29393
-0.2932
-0.2916
-0.29151
-0.29123
-0.29109
-0.29108
-0.29081
-0.28998
-0.28988
-0.28975
-0.28935
-0.2893
-0.28902
-0.28837
-0.28778
-0.28741
-0.28684
-0.28547
-0.28508
-0.28487
-0.28454
-0.28431
-0.28401
-0.28379
-0.28189
-0.28178
-0.28159
-0.28148
-0.28081
-0.28039
-0.27977
-0.27972
-0.27965
-0.27778
-0.27769
-0.27758
-0.27693
-0.27649
-0.27552
-0.27542
-0.27461
-0.27254
-0.27236
-0.27214
-0.27201
-0.27176
-0.27159
-0.27142
-0.27124
-0.27024
-0.2685
-0.26834
-0.26828
-0.26807
-0.26729
-0.26718
-0.26712
-0.26506
-0.26453
-0.26372
-0.26333
-0.2632
-0.26223
-0.26216
-0.26206
-0.26178
-0.26175
-0.26172
-0.26138
-0.26067
-0.25986
-0.25881
-0.25854
-0.25848
-0.25799
-0.2576
-0.25739
-0.25732
-0.2564
-0.25638
-0.25597
-0.25582
-0.25568
-0.25535
-0.25454
-0.25453
-0.25383
-0.25345
-0.25327
-0.25169
-0.25044
-0.2503
-0.25009
-0.24966
-0.24936
-0.24848
-0.24829
-0.24741
-0.24734
-0.24653
-0.24621
-0.2461
-0.24501
-0.24483
-0.24375
-0.24348
-0.24306
-0.24291
-0.24226
-0.24213
-0.24101
-0.24004
-0.23976
-0.23957
-0.23919
-0.23858
-0.23858
-0.23853
-0.23808
-0.23788
-0.23753
-0.23724
-0.23695
-0.23683
-0.23669
-0.23574
-0.23569
-0.23501
-0.23444
-0.2344
-0.23421
-0.23294
-0.23231
-0.23225
-0.2312
-0.23114
-0.23094
-0.23048
-0.22993
-0.22989
-0.22983
-0.22969
-0.22897
-0.22862
-0.22706
-0.22511
-0.22417
-0.22225
-0.22144
-0.22103
-0.22094
-0.22085
-0.22073
-0.22051
-0.22025
-0.21947
-0.21892
-0.21814
-0.21792
-0.21733
-0.21694
-0.21632
-0.21606
-0.21529
-0.21486
-0.21485
-0.21454
-0.21392
-0.21278
-0.21275
-0.21263
-0.21236
-0.21234
-0.21109
-0.21046
-0.21004
-0.20988
-0.20974
-0.20936
-0.20932
-0.20881
-0.20844
-0.20752
-0.20663
-0.20653
-0.20609
-0.20594
-0.20556
-0.2049
-0.20443
-0.20437
-0.20424
-0.20369
-0.20362
-0.20319
-0.20314
-0.20286
-0.2027
-0.20216
-0.20189
-0.20159
-0.20052
-0.2003
-0.20025
-0.19981
-0.19962
-0.19927
-0.19883
-0.19861
-0.19769
-0.19712
-0.19687
-0.19613
-0.19584
-0.19571
-0.19513
-0.19511
-0.19503
-0.19366
-0.19319
-0.19315
-0.19137
-0.19104
-0.18993
-0.1895
-0.18938
-0.18918
-0.18855
-0.18819
-0.18799
-0.18793
-0.18776
-0.18649
-0.18647
-0.1861
-0.18603
-0.18564
-0.1856
-0.18433
-0.18336
-0.18265
-0.18225
-0.18214
-0.18188
-0.1814
-0.18111
-0.18051
-0.17881
-0.17877
-0.17841
-0.17805
-0.17591
-0.17568
-0.17496
-0.17491
-0.17484
-0.17453
-0.17394
-0.17236
-0.17191
-0.17131
-0.16952
-0.16946
-0.1685
-0.16816
-0.1677
-0.16755
-0.16721
-0.16649
-0.16648
-0.16619
-0.16565
-0.16564
-0.1655
-0.16526
-0.16514
-0.16512
-0.16303
-0.16174
-0.16145
-0.16088
-0.16044
-0.16029
-0.15995
-0.15986
-0.15921
-0.15899
-0.15861
-0.15822
-0.15818
-0.15765
-0.15758
-0.1575
-0.15662
-0.15601
-0.15509
-0.15423
-0.15409
-0.15337
-0.15318
-0.15296
-0.1529
-0.15201
-0.15183
-0.1509
-0.15016
-0.15013
-0.14975
-0.14957
-0.14887
-0.14801
-0.14754
-0.14742
-0.14741
-0.14695
-0.14634
-0.14576
-0.14485
-0.14433
-0.14301
-0.14267
-0.14239
-0.14231
-0.1423
-0.14229
-0.14159
-0.14114
-0.14103
-0.13615
-0.13597
-0.1358
-0.13579
-0.13576
-0.13553
-0.13543
-0.1351
-0.13412
-0.13376
-0.13331
-0.13323
-0.13294
-0.13245
-0.13184
-0.13122
-0.13108
-0.13083
-0.13074
-0.13045
-0.13002
-0.12928
-0.12914
-0.12848
-0.12838
-0.12767
-0.12739
-0.12671
-0.12666
-0.12654
-0.1255
-0.12542
-0.12404
-0.1239
-0.12339
-0.12305
-0.12277
-0.12275
-0.12239
-0.12202
-0.12201
-0.1218
-0.12156
-0.12142
-0.12122
-0.12121
-0.12107
-0.1197
-0.11932
-0.11871
-0.11847
-0.1182
-0.11799
-0.11681
-0.11669
-0.11663
-0.1165
-0.11529
-0.1147
-0.11421
-0.11186
-0.11159
-0.1106
-0.11031
-0.10946
-0.10935
-0.10843
-0.10806
-0.10731
-0.10702
-0.10698
-0.10682
-0.10591
-0.10509
-0.10495
-0.10484
-0.10472
-0.1047
-0.10449
-0.10385
-0.10366
-0.10305
-0.10297
-0.10194
-0.099613
-0.099367
-0.099244
-0.098455
-0.098337
-0.098247
-0.097852
-0.097686
-0.096632
-0.096018
-0.095857
-0.095646
-0.095365
-0.095326
-0.094491
-0.09418
-0.094101
-0.093341
-0.092349
-0.090466
-0.089502
-0.089287
-0.089252
-0.089134
-0.088845
-0.088726
-0.087948
-0.08757
-0.087516
-0.087176
-0.087161
-0.086739
-0.086721
-0.086149
-0.085922
-0.085431
-0.084792
-0.084427
-0.083123
-0.083054
-0.083013
-0.082649
-0.081298
-0.080816
-0.080716
-0.080593
-0.080437
-0.08011
-0.080103
-0.079358
-0.079151
-0.077945
-0.07776
-0.077683
-0.077471
-0.077404
-0.077288
-0.077032
-0.076818
-0.076382
-0.075841
-0.074922
-0.074397
-0.074256
-0.074116
-0.073551
-0.073413
-0.07284
-0.072541
-0.071529
-0.070954
-0.070178
-0.06942
-0.069128
-0.068623
-0.068404
-0.06837
-0.068362
-0.067711
-0.067294
-0.06721
-0.066697
-0.066625
-0.066594
-0.066139
-0.065867
-0.064292
-0.063922
-0.062804
-0.062
-0.061276
-0.060717
-0.059775
-0.059631
-0.059439
-0.0593
-0.059037
-0.056979
-0.056656
-0.056336
-0.055214
-0.055167
-0.05505
-0.054698
-0.054664
-0.053932
-0.053736
-0.053447
-0.053107
-0.052766
-0.0511
-0.050576
-0.050524
-0.050476
-0.050145
-0.049558
-0.04885
-0.048362
-0.048358
-0.047783
-0.047751
-0.047535
-0.04731
-0.047245
-0.046889
-0.044258
-0.04377
-0.043251
-0.042469
-0.041498
-0.041
-0.040941
-0.040859
-0.040276
-0.040256
-0.040119
-0.039974
-0.039835
-0.039656
-0.039569
-0.03887
-0.038373
-0.038259
-0.038248
-0.037588
-0.03732
-0.037285
-0.037128
-0.036613
-0.036255
-0.036215
-0.03613
-0.035965
-0.035704
-0.035597
-0.035415
-0.035055
-0.034712
-0.034111
-0.033307
-0.032193
-0.031805
-0.030707
-0.030338
-0.029626
-0.029514
-0.029333
-0.028432
-0.027772
-0.026703
-0.024906
-0.024529
-0.024521
-0.023838
-0.023821
-0.023703
-0.022952
-0.022229
-0.021724
-0.020371
-0.020137
-0.019947
-0.019741
-0.019323
-0.019082
-0.019045
-0.018993
-0.018448
-0.018106
-0.01801
-0.017632
-0.017539
-0.017319
-0.017243
-0.017165
-0.015356
-0.015032
-0.014473
-0.014064
-0.013446
-0.013012
-0.012173
-0.011986
-0.011222
-0.010947
-0.010392
-0.010169
-0.010117
-0.0088887
-0.0088796
-0.0083173
-0.0081021
-0.007694
-0.0068813
-0.0062223
-0.0061021
-0.0057792
-0.0034061
-0.0033417
-0.0012569
-0.001041
-0.00086411
0.0006205
0.0007773
0.0013088
0.0022887
0.0026196
0.0031025
0.0036299
0.0038608
0.0043899
0.00443
0.0046846
0.0050507
0.006082
0.0061653
0.0064089
0.0070068
0.0075982
0.0080192
0.0085052
0.0085329
0.0086543
0.0089905
0.0094925
0.010441
0.01048
0.010585
0.01072
0.011331
0.011374
0.011905
0.01222
0.015779
0.015786
0.016506
0.016635
0.017326
0.018192
0.018494
0.018582
0.019639
0.019838
0.019859
0.02057
0.021172
0.0222
0.022636
0.022939
0.02318
0.023365
0.024144
0.024473
0.025199
0.026136
0.026148
0.026167
0.026884
0.027018
0.027611
0.027629
0.028116
0.028218
0.028364
0.028632
0.028708
0.028713
0.030129
0.032765
0.033109
0.03316
0.033274
0.034511
0.034803
0.035075
0.035399
0.035952
0.036413
0.038388
0.038569
0.038727
0.038881
0.039248
0.039301
0.040225
0.04028
0.040647
0.040901
0.041644
0.041756
0.042453
0.042572
0.04271
0.043501
0.043852
0.044228
0.044535
0.044961
0.04542
0.045446
0.046488
0.047127
0.04818
0.048366
0.048428
0.048959
0.049565
0.050469
0.050619
0.050926
0.050966
0.051831
0.051889
0.051935
0.054283
0.054732
0.055125
0.055169
0.055856
0.056043
0.05633
0.056373
0.056482
0.057019
0.057749
0.057954
0.058328
0.059515
0.059551
0.060094
0.06135
0.061564
0.062729
0.062847
0.063403
0.063556
0.063919
0.064019
0.065005
0.065623
0.06636
0.066567
0.06657
0.067712
0.068412
0.068516
0.068722
0.068875
0.069189
0.069686
0.070085
0.070148
0.070394
0.070684
0.070868
0.070893
0.070927
0.071032
0.071631
0.073117
0.073819
0.074177
0.074678
0.076252
0.076561
0.076607
0.077511
0.077708
0.078003
0.079338
0.080495
0.08059
0.080707
0.080879
0.081223
0.081307
0.08131
0.08175
0.082061
0.08253
0.082909
0.083381
0.08386
0.083966
0.084223
0.084656
0.084829
0.084844
0.086068
0.086299
0.086773
0.087017
0.087246
0.088139
0.088832
0.089456
0.089925
0.08996
0.090626
0.091135
0.091929
0.091963
0.093041
0.094595
0.094977
0.097177
0.097409
0.097901
0.098525
0.099507
0.099576
0.099688
0.0999
0.10016
0.10056
0.1008
0.10097
0.10125
0.10193
0.10246
0.10263
0.10294
0.10297
0.10371
0.10401
0.10528
0.10571
0.10745
0.10844
0.10872
0.10994
0.11009
0.11081
0.11218
0.11269
0.11286
0.11328
0.1144
0.11483
0.11501
0.11603
0.11608
0.11706
0.11768
0.11789
0.11828
0.11876
0.11889
0.11905
0.11941
0.11998
0.12008
0.12164
0.12295
0.12306
0.12382
0.12396
0.12396
0.12399
0.12401
0.12437
0.12449
0.12458
0.12488
0.12503
0.12568
0.12591
0.12739
0.12753
0.12803
0.12854
0.12939
0.13056
0.1309
0.1314
0.13207
0.13287
0.13312
0.13347
0.13374
0.13395
0.13415
0.13535
0.13573
0.13671
0.13685
0.1372
0.13778
0.13783
0.13824
0.13834
0.13924
0.13947
0.13993
0.14073
0.14283
0.1429
0.1438
0.14395
0.14424
0.14438
0.14442
0.14484
0.14498
0.14522
0.14575
0.14594
0.14692
0.14706
0.14712
0.14755
0.14977
0.15032
0.15074
0.15219
0.15301
0.15396
0.15486
0.15508
0.15531
0.15678
0.15692
0.15719
0.15734
0.15751
0.15767
0.15776
0.15808
0.1589
0.15936
0.15995
0.16211
0.16217
0.16288
0.16344
0.16411
0.16489
0.16529
0.16546
0.16566
0.16578
0.16627
0.16678
0.16689
0.16723
0.16768
0.1678
0.16844
0.16868
0.16896
0.16916
0.16941
0.16957
0.16987
0.1703
0.17047
0.17087
0.17166
0.17221
0.17223
0.17235
0.1724
0.17283
0.17318
0.17335
0.17336
0.17349
0.17388
0.1742
0.17516
0.17592
0.17597
0.17637
0.1768
0.17722
0.17751
0.17755
0.17805
0.17871
0.17997
0.18003
0.18068
0.18086
0.18119
0.1824
0.18284
0.18326
0.18348
0.18589
0.18597
0.18601
0.18709
0.18722
0.18787
0.18923
0.18966
0.19017
0.19065
0.19072
0.19102
0.19171
0.19182
0.19231
0.19247
0.19305
0.19368
0.19372
0.1939
0.19393
0.19398
0.19435
0.19448
0.19468
0.19498
0.19505
0.19516
0.19546
0.19552
0.19567
0.19588
0.19654
0.19774
0.19836
0.19887
0.19902
0.19924
0.19942
0.19944
0.19945
0.19966
0.20007
0.20014
0.20065
0.20104
0.20121
0.20165
0.20213
0.20278
0.20284
0.20413
0.20418
0.20453
0.20463
0.20463
0.20476
0.20483
0.20511
0.20516
0.20537
0.20564
0.20636
0.20867
0.20925
0.21046
0.21079
0.21093
0.21237
0.2138
0.21389
0.21398
0.21399
0.21517
0.21609
0.21647
0.22026
0.22078
0.22194
0.22259
0.22274
0.22278
0.22371
0.22442
0.22473
0.22537
0.22606
0.22635
0.22689
0.22897
0.22966
0.22979
0.23019
0.23036
0.23053
0.23108
0.23125
0.23156
0.23196
0.2322
0.23249
0.23259
0.23274
0.23469
0.23541
0.23581
0.23756
0.23771
0.23771
0.23831
0.23839
0.23842
0.23916
0.23957
0.23998
0.24023
0.24064
0.24128
0.24155
0.24158
0.2416
0.24175
0.24237
0.2424
0.24245
0.24251
0.24288
0.24335
0.24454
0.2447
0.24501
0.24603
0.24611
0.24717
0.24752
0.24867
0.24874
0.24943
0.24983
0.25051
0.25053
0.2513
0.25201
0.25407
0.25473
0.25513
0.25633
0.25662
0.25678
0.25708
0.25811
0.25842
0.25903
0.25931
0.25941
0.26007
0.26014
0.26047
0.26073
0.26128
0.26146
0.26159
0.26221
0.26228
0.26245
0.26291
0.26298
0.26326
0.26386
0.2647
0.26511
0.26534
0.26579
0.26603
0.26637
0.26651
0.26691
0.26708
0.26744
0.26775
0.26835
0.27109
0.2718
0.27187
0.27193
0.27224
0.27298
0.27355
0.27399
0.2743
0.27478
0.27546
0.27561
0.2763
0.27637
0.2769
0.27749
0.27785
0.27826
0.28102
0.28138
0.28186
0.28189
0.28229
0.2832
0.28336
0.28394
0.28408
0.2845
0.2847
0.28486
0.28524
0.28747
0.2876
0.28893
0.28911
0.28937
0.28958
0.29225
0.29267
0.29294
0.29332
0.29409
0.29535
0.29565
0.29612
0.29656
0.29799
0.29914
0.29926
0.30068
0.30111
0.30135
0.30228
0.30237
0.30363
0.3039
0.30449
0.30484
0.30506
0.30548
0.30572
0.30574
0.30588
0.30591
0.3061
0.30658
0.30722
0.30747
0.30835
0.30856
0.30914
0.31078
0.31109
0.31143
0.31163
0.31411
0.31432
0.31559
0.31582
0.31584
0.31722
0.31726
0.31797
0.31821
0.31851
0.3187
0.31877
0.3188
0.3202
0.32027
0.32109
0.32161
0.32171
0.32233
0.323
0.32307
0.32376
0.32389
0.32526
0.32675
0.32714
0.32735
0.32748
0.32775
0.32912
0.32927
0.32965
0.33067
0.33079
0.33098
0.33114
0.33124
0.33149
0.33165
0.33184
0.33242
0.33326
0.33389
0.33398
0.33418
0.33435
0.3346
0.33523
0.33539
0.33556
0.33591
0.33637
0.33737
0.33786
0.3386
0.3388
0.33893
0.33905
0.34057
0.34066
0.34169
0.3417
0.34194
0.34195
0.34199
0.34236
0.34261
0.34263
0.34324
0.34435
0.3446
0.34463
0.34465
0.34519
0.34585
0.34616
0.34658
0.34717
0.34818
0.34872
0.3495
0.34999
0.35014
0.3521
0.35239
0.35295
0.35333
0.355
0.35503
0.35571
0.3562
0.3563
0.35701
0.35748
0.35765
0.35792
0.35822
0.35824
0.35837
0.35866
0.35926
0.35946
0.35981
0.35999
0.36009
0.36101
0.36113
0.36114
0.36136
0.36153
0.36167
0.36172
0.36308
0.36331
0.36352
0.36369
0.36382
0.36391
0.36417
0.36437
0.36477
0.36553
0.3657
0.36611
0.36679
0.367
0.36744
0.36779
0.36821
0.36866
0.36961
0.37
0.37051
0.37102
0.37156
0.37235
0.37237
0.37274
0.37344
0.37441
0.3746
0.37511
0.37513
0.37545
0.37551
0.37554
0.37571
0.37574
0.37587
0.37599
0.37623
0.37664
0.37699
0.3777
0.37827
0.37862
0.37868
0.37917
0.38072
0.38104
0.38117
0.38152
0.38155
0.38209
0.38211
0.38239
0.38536
0.38639
0.38729
0.3876
0.38845
0.38869
0.3892
0.39009
0.3902
0.39109
0.39125
0.39153
0.39159
0.39213
0.39298
0.39326
0.39333
0.39353
0.39511
0.39547
0.39565
0.39591
0.39684
0.39785
0.39827
0.39906
0.39906
0.39918
0.39951
0.4
0.40132
0.40198
0.40306
0.40327
0.40348
0.40561
0.40593
0.407
0.40717
0.40727
0.40835
0.4086
0.40896
0.40975
0.41178
0.412
0.41249
0.41309
0.41394
0.41446
0.4147
0.41592
0.41728
0.41771
0.41779
0.41839
0.4184
0.41865
0.41973
0.42183
0.42261
0.4238
0.42428
0.42607
0.42632
0.4266
0.42724
0.42737
0.42877
0.42914
0.42927
0.4299
0.43027
0.43084
0.43093
0.43113
0.43156
0.43199
0.43315
0.43381
0.43422
0.43441
0.4354
0.43822
0.43892
0.43911
0.43927
0.43982
0.43987
0.4404
0.44099
0.44147
0.44221
0.44259
0.44286
0.44295
0.44322
0.44339
0.44359
0.4437
0.44381
0.44498
0.4466
0.44728
0.44765
0.44769
0.44802
0.44822
0.44826
0.44828
0.44898
0.44901
0.44965
0.44981
0.45013
0.4503
0.45112
0.45177
0.45181
0.4521
0.45306
0.45329
0.45369
0.45444
0.45453
0.45507
0.45514
0.45552
0.45585
0.45589
0.45596
0.45607
0.45613
0.45628
0.45675
0.45712
0.45718
0.45792
0.458
0.45851
0.45856
0.4593
0.45949
0.46123
0.46125
0.4616
0.46216
0.46262
0.46316
0.46327
0.46335
0.46373
0.46447
0.46491
0.46556
0.46564
0.46579
0.46636
0.46677
0.46742
0.46789
0.46808
0.46816
0.46854
0.46943
0.46948
0.46961
0.46988
0.46994
0.47002
0.47021
0.47149
0.47206
0.4723
0.47244
0.47245
0.47284
0.47387
0.4742
0.47485
0.47603
0.47742
0.4781
0.4787
0.47887
0.47895
0.4794
0.47957
0.48086
0.48103
0.48174
0.48182
0.48294
0.48404
0.48511
0.48512
0.48551
0.48589
0.48648
0.48669
0.48738
0.48755
0.48862
0.48869
0.48873
0.4891
0.48917
0.48921
0.48949
0.49021
0.49078
0.49087
0.49106
0.49145
0.49246
0.49284
0.49327
0.49335
0.49337
0.49406
0.49505
0.49523
0.49544
0.49551
0.4976
0.4978
0.49803
0.49866
0.49891
0.49894
0.49909
0.49917
0.49945
0.4998
0.49991
0.49994
0.50006
0.50036
0.50046
0.50081
0.50272
0.50287
0.5037
0.5039
0.50394
0.50411
0.50514
0.5052
0.50675
0.50746
0.50759
0.50766
0.50797
0.50891
0.50938
0.50973
0.5101
0.5105
0.51108
0.51249
0.51263
0.51398
0.51426
0.5144
0.51472
0.51527
0.51604
0.5162
0.51788
0.51871
0.51965
0.52013
0.52027
0.52114
0.5212
0.52126
0.52129
0.52132
0.52138
0.52159
0.52182
0.5223
0.52376
0.52386
0.52418
0.52467
0.52651
0.52664
0.52727
0.52813
0.5283
0.52906
0.52999
0.531
0.53114
0.53185
0.5323
0.53245
0.53254
0.53281
0.53281
0.53337
0.53398
0.53409
0.53424
0.53427
0.5344
0.53491
0.53493
0.53545
0.53586
0.53663
0.53728
0.53763
0.53803
0.53859
0.5398
0.53985
0.54022
0.54055
0.54115
0.54168
0.54259
0.544
0.54479
0.54525
0.54591
0.54596
0.54609
0.54643
0.54677
0.54735
0.54828
0.54931
0.55007
0.55087
0.55154
0.55157
0.5524
0.55286
0.55322
0.55343
0.55359
0.55401
0.55408
0.55415
0.5546
0.55545
0.55552
0.55553
0.55606
0.5574
0.55785
0.55819
0.55853
0.55938
0.55951
0.56019
0.56108
0.56144
0.56173
0.5621
0.56257
0.56283
0.56332
0.56355
0.56403
0.56411
0.56438
0.5649
0.56514
0.5653
0.56556
0.56668
0.56749
0.56798
0.56831
0.56882
0.56959
0.56988
0.57025
0.57088
0.57152
0.57153
0.5722
0.57245
0.57259
0.57365
0.57571
0.57612
0.57646
0.57688
0.57744
0.57814
0.57842
0.57869
0.57876
0.57908
0.57943
0.58039
0.58051
0.58108
0.58113
0.58129
0.58145
0.58149
0.58202
0.58247
0.58261
0.5829
0.58315
0.58319
0.58488
0.58499
0.58519
0.58547
0.58583
0.58627
0.58737
0.58742
0.58806
0.58806
0.58862
0.58868
0.58877
0.5888
0.58908
0.58956
0.58986
0.58997
0.59033
0.59092
0.5911
0.59136
0.59237
0.59319
0.59338
0.59367
0.59377
0.59463
0.59548
0.59557
0.59658
0.59668
0.59668
0.59759
0.59795
0.59797
0.5997
0.6005
0.60057
0.60063
0.60067
0.60072
0.60119
0.60123
0.60167
0.60193
0.60245
0.60256
0.60413
0.60541
0.60568
0.60589
0.60684
0.60718
0.6074
0.60758
0.60771
0.60779
0.60785
0.60809
0.60851
0.60854
0.60882
0.60923
0.60942
0.61022
0.61062
0.61111
0.61114
0.61163
0.61204
0.61293
0.61349
0.61394
0.61415
0.61429
0.6145
0.61489
0.61609
0.61663
0.61693
0.61772
0.61774
0.61803
0.61804
0.61829
0.61866
0.61954
0.61969
0.62089
0.62124
0.6213
0.62149
0.62162
0.62215
0.62258
0.62294
0.62303
0.62313
0.62318
0.62384
0.62403
0.62408
0.62429
0.62453
0.62468
0.62513
0.62532
0.62537
0.6256
0.62565
0.6257
0.62575
0.62621
0.6266
0.62716
0.62727
0.62737
0.62801
0.63
0.6307
0.6344
0.63468
0.63514
0.63532
0.63604
0.63649
0.63669
0.63788
0.63808
0.63821
0.63845
0.6387
0.63879
0.63888
0.63911
0.63924
0.63984
0.63996
0.63998
0.64007
0.64066
0.64135
0.64149
0.64187
0.6422
0.64229
0.64249
0.64263
0.64289
0.64312
0.64346
0.64382
0.64439
0.64452
0.64493
0.64524
0.6472
0.65024
0.65172
0.65209
0.65404
0.6542
0.65432
0.65438
0.65492
0.65539
0.65566
0.65571
0.65579
0.65592
0.65615
0.65669
0.65692
0.65842
0.65882
0.65941
0.66008
0.66035
0.66045
0.66057
0.6609
0.66139
0.66183
0.66199
0.66225
0.66253
0.66258
0.66263
0.66328
0.66339
0.66339
0.66352
0.66466
0.66533
0.66545
0.6658
0.66594
0.66644
0.66664
0.6671
0.66793
0.66803
0.6684
0.66873
0.66927
0.66987
0.67044
0.67121
0.67182
0.67213
0.67261
0.6756
0.67575
0.6762
0.67658
0.67668
0.6768
0.67745
0.67773
0.67775
0.67801
0.67892
0.67903
0.68036
0.68042
0.68051
0.6807
0.68144
0.68188
0.68232
0.68308
0.68346
0.68472
0.68508
0.68624
0.68887
0.6889
0.68909
0.68916
0.68925
0.69001
0.69031
0.69046
0.69079
0.69105
0.69111
0.69134
0.69323
0.69451
0.69513
0.69562
0.69659
0.69662
0.69751
0.69897
0.69912
0.69937
0.69954
0.70008
0.70038
0.7004
0.70083
0.70099
0.70106
0.70222
0.70291
0.70311
0.70351
0.70413
0.70472
0.70505
0.70521
0.70545
0.70552
0.70562
0.70581
0.70601
0.70613
0.70693
0.70745
0.70837
0.70868
0.70884
0.70888
0.70966
0.70996
0.70999
0.71083
0.71092
0.71144
0.71227
0.71234
0.7128
0.71309
0.71324
0.71419
0.71444
0.7154
0.71587
0.71594
0.71604
0.7166
0.71679
0.71787
0.71806
0.71842
0.72051
0.72129
0.72254
0.72322
0.72347
0.72383
0.72408
0.72423
0.72485
0.72513
0.72551
0.72661
0.7267
0.72677
0.72972
0.73011
0.73049
0.73112
0.7313
0.73232
0.733
0.73324
0.73337
0.73375
0.73402
0.73414
0.73424
0.7352
0.73549
0.73566
0.73601
0.73679
0.73763
0.73803
0.73832
0.73835
0.73841
0.73841
0.73921
0.73965
0.74042
0.74203
0.74298
0.7431
0.74393
0.74423
0.74498
0.74586
0.74698
0.7479
0.74881
0.74883
0.74989
0.74992
0.75117
0.75186
0.75269
0.75272
0.75287
0.75291
0.754
0.75413
0.75445
0.75477
0.75509
0.75591
0.75633
0.75644
0.75658
0.75684
0.7569
0.75702
0.75733
0.75742
0.7582
0.75931
0.75934
0.75982
0.7604
0.7607
0.76078
0.7613
0.76134
0.76226
0.76255
0.7636
0.76403
0.76406
0.76406
0.7657
0.76625
0.76632
0.76781
0.76823
0.76831
0.76849
0.76958
0.76996
0.77032
0.77066
0.77108
0.7718
0.77181
0.77311
0.77383
0.7741
0.77446
0.77488
0.77493
0.77529
0.7753
0.77553
0.77644
0.77649
0.7774
0.77798
0.77841
0.77893
0.77897
0.78055
0.78144
0.78165
0.78214
0.78251
0.78313
0.78463
0.78521
0.78543
0.78583
0.78675
0.78709
0.78773
0.78872
0.79077
0.79111
0.79113
0.79329
0.7933
0.79494
0.79518
0.79537
0.79594
0.79705
0.79781
0.79898
0.79925
0.79925
0.79993
0.80024
0.80048
0.80056
0.80166
0.80167
0.802
0.80203
0.80231
0.8033
0.805
0.8063
0.80659
0.80756
0.80844
0.80964
0.80983
0.81039
0.81059
0.81068
0.81172
0.81223
0.81318
0.81356
0.81438
0.81495
0.81514
0.81522
0.81785
0.81837
0.81869
0.81908
0.8203
0.82085
0.82092
0.82101
0.82107
0.82236
0.82248
0.823
0.8231
0.82401
0.8245
0.82473
0.82511
0.82609
0.82638
0.82718
0.82734
0.82862
0.82891
0.82923
0.83061
0.83128
0.83167
0.83189
0.83223
0.83236
0.83254
0.83289
0.83352
0.83379
0.83425
0.8343
0.83513
0.83535
0.8357
0.83606
0.83654
0.83785
0.83804
0.83831
0.83838
0.83864
0.83911
0.83924
0.83993
0.84058
0.8416
0.8423
0.84251
0.84295
0.84358
0.8442
0.84423
0.84481
0.84515
0.84534
0.84693
0.84703
0.84969
0.85059
0.85074
0.8512
0.85163
0.85174
0.852
0.85298
0.85302
0.85334
0.85361
0.85369
0.85381
0.85397
0.85556
0.85568
0.85584
0.85588
0.85613
0.85623
0.85692
0.85846
0.85993
0.85994
0.86029
0.86228
0.86328
0.86367
0.86368
0.86413
0.86446
0.86477
0.86497
0.86536
0.86552
0.86632
0.86658
0.8673
0.86757
0.86876
0.86972
0.87045
0.87091
0.87114
0.87286
0.87314
0.87367
0.87424
0.87456
0.87466
0.87478
0.87531
0.8774
0.87853
0.8789
0.87996
0.88093
0.88143
0.88214
0.88294
0.88343
0.88363
0.88491
0.88508
0.8856
0.88577
0.88668
0.88716
0.88733
0.88911
0.8893
0.88967
0.88982
0.88985
0.89051
0.8915
0.89386
0.89463
0.89492
0.89539
0.89614
0.89656
0.89838
0.89859
0.89889
0.90068
0.90126
0.9022
0.90233
0.90269
0.90299
0.90332
0.90383
0.90421
0.90498
0.90555
0.90599
0.90633
0.90638
0.90763
0.90772
0.90841
0.9085
0.90952
0.9097
0.91084
0.91084
0.91098
0.91101
0.91286
0.91312
0.91464
0.91482
0.91513
0.91537
0.91645
0.91768
0.91782
0.91923
0.92017
0.92028
0.92038
0.92149
0.92154
0.92239
0.92288
0.9229
0.92329
0.92412
0.92447
0.92629
0.92654
0.92716
0.92754
0.93026
0.93051
0.93055
0.93056
0.93201
0.93277
0.93331
0.93417
0.9344
0.93448
0.93488
0.93569
0.9367
0.93675
0.93694
0.93712
0.93871
0.93954
0.93954
0.93975
0.94073
0.94086
0.94298
0.94311
0.94441
0.94586
0.94787
0.94859
0.94887
0.94901
0.94935
0.94988
0.95015
0.95047
0.95055
0.95142
0.95176
0.95183
0.95275
0.95291
0.95434
0.95454
0.95472
0.95489
0.95585
0.95809
0.95811
0.95848
0.9592
0.96036
0.96046
0.96125
0.96136
0.96172
0.96332
0.96571
0.96621
0.96724
0.96835
0.96934
0.9694
0.97074
0.97092
0.9711
0.97181
0.97259
0.97318
0.97464
0.97482
0.97503
0.97528
0.97594
0.97653
0.97689
0.97777
0.97875
0.98
0.98155
0.98227
0.98298
0.98336
0.9842
0.98471
0.98488
0.98495
0.98682
0.98736
0.98917
0.98974
0.98978
0.98995
0.99004
0.99067
0.99128
0.99443
0.99564
0.99575
0.996
0.99632
0.99678
0.99724
0.99728
0.9981
0.99876
0.99974
0.99988
1.0005
1.0011
1.0016
1.0019
1.002
1.0036
1.0036
1.0043
1.0051
1.0079
1.013
1.0131
1.0139
1.0141
1.0149
1.0163
1.018
1.0182
1.0185
1.0191
1.0195
1.0196
1.0209
1.0222
1.0222
1.0229
1.023
1.0239
1.025
1.0256
1.0273
1.028
1.0296
1.0297
1.0297
1.0301
1.0315
1.0345
1.0364
1.0367
1.0381
1.0385
1.0395
1.0398
1.0399
1.0409
1.0411
1.0445
1.0447
1.0479
1.0483
1.0505
1.0519
1.0523
1.0532
1.0537
1.0542
1.0545
1.0552
1.0567
1.057
1.0575
1.0585
1.0586
1.0588
1.0593
1.0611
1.0617
1.0622
1.0626
1.0648
1.0649
1.0663
1.0678
1.0681
1.0688
1.0703
1.0725
1.0731
1.0739
1.0759
1.0784
1.0787
1.0797
1.0838
1.0842
1.086
1.088
1.0903
1.0921
1.0925
1.0926
1.0947
1.0965
1.0965
1.097
1.0971
1.0979
1.0981
1.0992
1.1006
1.1024
1.103
1.1039
1.1047
1.1053
1.1075
1.1089
1.1094
1.1117
1.1125
1.113
1.1138
1.1152
1.1153
1.1157
1.1162
1.119
1.1195
1.1195
1.1234
1.1246
1.1257
1.1272
1.129
1.1296
1.1327
1.1334
1.1336
1.1344
1.1346
1.1348
1.1365
1.1368
1.1387
1.1392
1.1392
1.1396
1.1403
1.1407
1.1409
1.1422
1.1447
1.145
1.1491
1.1525
1.1527
1.1528
1.1533
1.1557
1.1595
1.1601
1.1607
1.1628
1.163
1.1635
1.1671
1.1687
1.1702
1.1703
1.1708
1.1712
1.1716
1.1752
1.1752
1.1753
1.1763
1.1767
1.1775
1.1776
1.1785
1.179
1.1799
1.1811
1.1811
1.1822
1.1839
1.1844
1.1845
1.1852
1.1856
1.1865
1.1883
1.1885
1.1902
1.1911
1.1913
1.1918
1.1919
1.1937
1.1947
1.1957
1.1974
1.1995
1.2008
1.2023
1.2027
1.2045
1.2067
1.2082
1.2113
1.2114
1.2115
1.2124
1.2126
1.2131
1.2177
1.2184
1.2187
1.2213
1.2215
1.2224
1.2244
1.2252
1.2271
1.2296
1.2301
1.2303
1.231
1.231
1.2311
1.2314
1.2321
1.233
1.234
1.2358
1.2359
1.2371
1.2382
1.2384
1.2415
1.2422
1.2427
1.2429
1.2432
1.2445
1.2449
1.2455
1.2459
1.2475
1.2482
1.25
1.252
1.2527
1.254
1.2553
1.2581
1.2586
1.2591
1.2606
1.2613
1.2618
1.2636
1.2639
1.2654
1.2655
1.2671
1.2677
1.2701
1.2715
1.2742
1.2745
1.2793
1.2798
1.281
1.2817
1.2821
1.2865
1.2868
1.2881
1.2903
1.2916
1.2923
1.2941
1.2943
1.2957
1.299
1.2997
1.2999
1.3012
1.3044
1.3049
1.3054
1.3056
1.307
1.3073
1.3079
1.3087
1.3117
1.3149
1.3188
1.3215
1.3232
1.3234
1.3238
1.324
1.3259
1.328
1.3284
1.3284
1.3287
1.3296
1.3305
1.3329
1.3343
1.3355
1.3362
1.3368
1.3373
1.3395
1.3415
1.3451
1.346
1.3465
1.3479
1.3494
1.3512
1.3518
1.3521
1.3524
1.3556
1.3566
1.3582
1.3596
1.3602
1.3608
1.3615
1.3616
1.3621
1.3654
1.3666
1.3671
1.3675
1.3707
1.3772
1.3789
1.3791
1.3807
1.3815
1.3819
1.383
1.3837
1.3839
1.386
1.388
1.3915
1.3945
1.3953
1.3959
1.3964
1.3973
1.3982
1.3996
1.3999
1.4019
1.4024
1.4031
1.4063
1.4069
1.4078
1.4089
1.4113
1.4129
1.4132
1.4138
1.4143
1.4173
1.4177
1.4203
1.4209
1.4228
1.4242
1.425
1.4297
1.4305
1.4315
1.4332
1.4348
1.4352
1.44
1.44
1.4434
1.4438
1.4441
1.4445
1.4454
1.4463
1.4488
1.4502
1.4505
1.4517
1.452
1.4543
1.4562
1.457
1.459
1.4618
1.4622
1.4646
1.4693
1.4718
1.4719
1.4724
1.4726
1.4729
1.4738
1.4754
1.4762
1.479
1.4797
1.481
1.483
1.4832
1.4842
1.4861
1.4866
1.4868
1.4882
1.4895
1.4895
1.4905
1.4912
1.4929
1.4932
1.4932
1.4935
1.4948
1.4966
1.5024
1.5032
1.5045
1.505
1.5056
1.5063
1.5076
1.509
1.5093
1.5096
1.5113
1.5126
1.5128
1.5181
1.5229
1.5259
1.5263
1.5267
1.527
1.5275
1.5283
1.5297
1.5299
1.5304
1.5317
1.5319
1.5319
1.534
1.5368
1.5377
1.5394
1.541
1.5434
1.5437
1.5485
1.5497
1.5529
1.5543
1.5546
1.5554
1.5568
1.5569
1.5585
1.5609
1.5634
1.5638
1.565
1.5698
1.5709
1.5726
1.5729
1.5742
1.5754
1.5761
1.5791
1.582
1.5851
1.5856
1.5876
1.588
1.5892
1.5895
1.591
1.5913
1.5914
1.5921
1.5939
1.5944
1.596
1.5965
1.5967
1.5972
1.5995
1.6034
1.6052
1.6062
1.6091
1.6091
1.6096
1.612
1.6145
1.6165
1.6228
1.6276
1.6289
1.6301
1.6306
1.6341
1.6364
1.6369
1.637
1.6379
1.6384
1.6404
1.6424
1.6461
1.6461
1.6464
1.6507
1.6527
1.6537
1.6551
1.6558
1.6584
1.6607
1.6628
1.663
1.6642
1.6664
1.6665
1.6681
1.6682
1.669
1.6702
1.6719
1.6726
1.673
1.6731
1.6734
1.6738
1.674
1.6751
1.6754
1.6755
1.6761
1.6765
1.6812
1.6819
1.6824
1.6825
1.6838
1.6855
1.688
1.6888
1.6928
1.697
1.6985
1.702
1.7022
1.7051
1.7067
1.7071
1.7077
1.7088
1.7132
1.7137
1.7144
1.7151
1.7158
1.716
1.718
1.7233
1.727
1.7328
1.7346
1.7385
1.7404
1.7437
1.7441
1.7458
1.7477
1.751
1.7531
1.7539
1.7541
1.7542
1.7564
1.7566
1.7582
1.7585
1.7592
1.7607
1.7658
1.7694
1.7713
1.7741
1.7779
1.7781
1.7817
1.7828
1.7829
1.7838
1.7848
1.7855
1.7859
1.786
1.7863
1.7867
1.7873
1.7927
1.7954
1.7956
1.8022
1.8065
1.8078
1.8095
1.8147
1.8161
1.8167
1.8167
1.8185
1.8196
1.8231
1.8266
1.8343
1.8345
1.8374
1.841
1.8423
1.847
1.8473
1.8519
1.8552
1.8608
1.8614
1.8623
1.8664
1.8688
1.8692
1.8723
1.8737
1.8746
1.8747
1.8748
1.8749
1.8753
1.8761
1.8777
1.8778
1.8794
1.8808
1.8841
1.8848
1.8875
1.8881
1.8899
1.8921
1.8935
1.8936
1.8966
1.8981
1.9038
1.9059
1.9089
1.9157
1.9177
1.9186
1.9188
1.9201
1.9224
1.9242
1.9262
1.9271
1.9299
1.9312
1.9315
1.9344
1.9354
1.9411
1.9415
1.9438
1.9454
1.9458
1.9464
1.9491
1.9496
1.952
1.9549
1.9557
1.9561
1.9588
1.9606
1.9617
1.9634
1.9645
1.9648
1.9658
1.9671
1.9695
1.9722
1.9743
1.9771
1.9797
1.9831
1.9877
1.9945
1.9968
2.0073
2.0077
2.0133
2.0153
2.016
2.0163
2.0172
2.0177
2.0179
2.018
2.0243
2.0243
2.0255
2.0259
2.0283
2.0317
2.0321
2.0323
2.0345
2.0374
2.0375
2.0382
2.0411
2.0417
2.0417
2.0434
2.0438
2.0453
2.0483
2.0502
2.0518
2.0534
2.0548
2.0554
2.056
2.0566
2.0653
2.0705
2.071
2.0802
2.0851
2.0915
2.0924
2.095
2.0997
2.0999
2.1008
2.1026
2.1036
2.1058
2.1076
2.1077
2.1126
2.1142
2.1176
2.1302
2.1322
2.1367
2.1571
2.1658
2.172
2.1732
2.178
2.179
2.1822
2.1845
2.1914
2.1933
2.1933
2.1939
2.1943
2.201
2.2069
2.2092
2.21
2.2101
2.226
2.2285
2.2375
2.2448
2.2606
2.2708
2.2735
2.2755
2.2867
2.2945
2.2949
2.3004
2.3045
2.3089
2.3138
2.3174
2.3226
2.3236
2.3268
2.3291
2.3328
2.335
2.3376
2.349
2.3536
2.3545
2.3593
2.3605
2.3622
2.3675
2.3774
2.3785
2.3919
2.3984
2.4001
2.4143
2.4241
2.427
2.4287
2.4289
2.4325
2.4464
2.452
2.4557
2.4577
2.4604
2.4816
2.4825
2.4878
2.49
2.4907
2.4952
2.496
2.4998
2.5018
2.5062
2.5085
2.5105
2.5426
2.5448
2.5486
2.5527
2.5543
2.5558
2.5639
2.5695
2.5709
2.5737
2.5793
2.5798
2.5837
2.5949
2.6004
2.6247
2.6301
2.6827
2.7085
2.7368
2.7394
2.7828
2.8132
2.8333
2.8591
2.8632
2.868
2.877
2.9085
2.9365
2.9402
2.9482
2.9608
2.9651
2.9855
3.0021
3.0252
3.0789
3.0813
3.1013
3.1034
3.1091
3.1255
3.1275
3.1356
3.1558
3.1719
3.1837
3.1865
3.231
3.2788
3.2991
3.3369
3.3436
3.3466
3.4323
