-2.0853	-0.73427
-3.0485	-0.61796
-1.705	-0.89021
-2.7439	-1.901
-2.0012	-1.4164
0.16159	0.3206
2.0259	1.5088
-0.38909	2.2521
2.0997	-1.5415
-0.090744	-2.2042
-2.2501	-1.0082
-0.92579	-0.41081
2.4819	0.6278
0.20945	1.2685
1.7716	-0.063897
0.68732	-0.57956
-0.2918	0.41973
0.29536	0.094998
0.9957	1.8005
1.0452	2.5851
0.63355	2.9207
1.7409	1.2885
-0.91322	0.34415
0.3215	-0.76352
1.5698	-0.018528
0.62404	1.3221
-0.67612	0.26269
0.13487	-0.029712
0.37266	-1.0287
-0.41951	-0.60735
0.12139	-0.66539
1.7303	0.1614
-0.89962	0.56246
-2.0592	0.55489
0.34861	-0.56879
-0.84139	0.35711
0.31423	0.4508
-1.057	1.8895
0.59801	1.7775
-1.0147	2.7234
1.3097	0.41066
0.33161	0.62507
-0.40163	-0.17068
0.039366	-0.39137
0.83257	-0.28317
-0.57548	-0.20252
-0.032191	-0.54051
1.4899	-2.1976
-0.03288	-0.19342
-0.092606	-0.33464
-0.013376	1.266
1.3837	-0.72777
2.5104	-1.2612
0.72441	-0.3742
1.4458	0.056054
-0.90119	0.79681
0.0047096	1.0382
-0.12288	2.0098
-1.0784	1.7242
0.24586	0.83423
-0.95745	0.097735
1.268	-0.65438
0.6211	-0.94425
0.22932	-0.71847
-0.17093	-0.30548
0.16033	-0.28301
-1.2823	-0.75258
-1.1561	-0.081162
0.14085	-0.36202
-0.56589	0.40234
0.951	-0.92418
-0.61357	-0.41006
0.12833	-0.42338
1.6348	-1.2434
-1.0184	0.71664
1.0967	0.62901
-0.23071	1.064
-2.1002	2.4712
-1.076	1.2069
0.38248	-1.398
-1.7608	-0.26799
0.043602	-1.2141
-0.48924	-0.83265
-0.1708	-0.67623
0.23779	-0.67405
-0.34388	-2.2391
0.66541	-1.3795
0.25385	-1.6742
0.18205	-1.3695
-0.67093	-0.25866
-1.3346	-0.62601
-0.23284	-0.89048
0.72528	-0.67081
-0.39064	1.125
0.4425	0.8832
1.1155	0.44237
0.60945	0.471
1.2271	0.16069
0.77908	-1.5804
1.5499	-0.7817
-0.26419	-1.1352
0.099571	-0.83888
-0.068946	-1.5028
-1.0131	-0.87054
-0.25657	-1.0683
-0.89286	-0.86173
0.49692	-1.1835
-0.099277	-0.35356
1.1369	-1.1182
-1.0332	-0.21753
1.0261	-0.18287
0.73091	-0.14501
-0.85725	0.054632
1.9942	0.79891
0.72071	1.3768
1.2626	-0.40007
-1.3745	-0.037486
0.19619	-0.76281
-0.092097	-0.69264
0.25923	-1.7329
-2.3513	-0.45263
-1.1418	-0.48419
-0.38786	-1.2241
-0.95273	-0.8009
-1.0028	-0.092068
-1.2757	-0.52724
0.26577	-0.70064
0.99839	-0.21371
-0.42944	0.37096
0.13086	0.2576
0.20754	-0.063328
0.86989	1.2367
0.90337	1.7749
0.13864	2.7706
-1.0317	1.2276
-0.77459	0.29469
1.6836	-0.36206
0.085802	-0.94903
0.27667	0.44121
-0.05771	-0.43983
-0.59469	-0.56041
0.81151	-0.85177
-0.80035	-0.9697
0.14237	-0.83936
0.38386	-0.02087
-1.5476	0.8513
-1.3142	0.8104
1.629	-0.38807
0.034675	0.4427
-1.5736	1.8329
1.6032	1.4172
0.72556	2.0851
0.7398	2.2914
0.92858	1.6559
0.48241	0.80198
-1.0143	0.72057
-0.48635	0.16771
1.1424	-0.41197
-0.08598	-0.77314
-0.44889	-0.32107
-1.1271	-0.30495
0.11276	-0.72659
-0.32163	-0.4629
-1.339	-0.64427
0.2809	-1.1989
-1.1556	-0.37804
-2.0353	1.2895
-0.34198	0.49785
1.2185	-0.38271
-1.2157	0.88436
-0.43476	2.0876
0.063573	0.49768
-0.65645	0.98405
1.0186	-0.31657
-1.3546	1.1681
0.95394	-0.40362
-0.48438	-0.91472
-0.012066	-0.2832
-0.34682	0.14912
-1.4529	0.31368
-0.19161	0.047782
0.089263	-0.27953
-0.43167	-0.68795
1.1876	-0.68642
-0.048034	-0.77987
0.7969	0.1463
0.86165	0.64399
0.36532	0.85886
0.45002	0.84325
-0.51518	1.3415
0.43471	0.71291
0.99261	0.46981
0.12714	-0.61335
0.62097	-1.4308
-0.25603	-0.52689
0.49198	-0.90294
-0.36757	-0.56165
0.022932	0.039889
0.54079	-0.46472
0.1886	0.43624
-2.032	-0.86565
-2.8158	-0.80257
-1.7067	-1.0966
-2.9473	-1.7588
-1.9667	-1.5366
0.19446	0.27877
2.4688	1.9235
-0.23583	2.5288
2.6317	-1.2435
-0.077716	-2.0461
-1.9468	-1.2112
-0.89199	0.0032327
2.2263	0.52627
0.39071	1.1787
1.6827	0.11366
0.44678	-0.55855
-0.30887	0.31978
0.68237	-0.28498
1.1159	1.8429
0.63546	2.7279
0.5706	2.5498
1.4802	1.2374
-1.0197	0.65521
0.1058	-0.71922
1.5182	0.097891
0.48247	1.3642
-0.83755	-0.11198
0.29067	0.1339
0.081341	-0.89261
-0.66457	-0.91294
0.12137	-0.23756
1.5598	0.37816
-0.47954	0.80539
-2.1293	0.58618
0.090402	-0.79832
-0.3515	-0.50689
0.53819	0.12554
-1.0964	1.6912
0.32516	1.5676
-0.88626	2.4338
1.15	0.41681
0.42777	0.80319
-0.61738	-0.12905
0.51275	-0.45182
0.78114	-0.046902
-1.1025	0.089178
-0.13536	-0.89048
1.7483	-2.0995
-0.051493	-0.008239
-0.26217	0.051325
-0.27466	1.3291
1.5627	-0.64418
2.6267	-0.92924
0.56036	-0.91449
1.1224	-0.36658
-0.83158	0.58242
-0.12394	1.3927
-0.34147	2.1396
-1.0175	1.412
0.1567	1.1077
-1.0072	0.41194
0.98286	-0.77065
0.72412	-1.0221
0.18228	-0.64085
-0.28629	-0.17473
0.043918	-0.3705
-1.4924	-0.46897
-1.3882	0.27648
-0.052882	-0.583
-1.0032	-0.2348
0.81614	-0.87898
-0.5014	-0.41733
0.23535	-0.72197
1.2647	-0.76592
-1.1656	0.36901
1.4768	0.61091
-0.071584	1.0931
-1.8637	2.5233
-1.0539	1.2049
0.2386	-1.0583
-1.7529	-0.20936
0.28203	-0.96565
-0.20516	-0.62061
0.36134	-0.79882
0.27806	-0.74018
-0.20889	-2.0323
0.80014	-1.2871
0.46042	-1.5879
0.65632	-1.1361
-0.66053	0.085911
-1.1839	-0.52365
-0.45949	-0.74119
0.95204	-0.078923
-0.40662	1.0817
0.219	0.73421
1.3001	0.63506
0.82044	0.5477
1.2816	-0.0098694
0.55004	-1.7936
1.5474	-0.75035
-0.18878	-1.0536
0.077259	-0.63281
0.48535	-1.2879
-0.90659	-1.0428
-0.080089	-0.76052
-1.438	-0.8464
0.49893	-0.49634
-0.31281	-0.29746
0.84515	-1.154
-1.1067	-0.38648
0.89857	-0.30792
0.95534	-0.2517
-0.89033	0.16062
1.8025	0.3585
0.74374	1.1018
1.761	-0.90036
-0.96469	0.41927
0.42309	-0.89823
-0.58795	-0.44936
0.35496	-1.7163
-1.9223	-0.80602
-0.96978	-0.64262
-0.41252	-0.94949
-0.65008	-0.59263
-1.087	-0.34762
-1.1539	-0.38238
0.97314	-0.82706
0.73803	-0.27133
-0.65307	0.27049
0.030605	0.097032
0.3319	0.025372
0.83553	1.1046
0.70441	2.0267
-0.39792	2.1631
-0.80488	1.3529
-0.58996	0.32734
1.5792	-0.63925
-0.10928	-0.65835
0.043466	0.73923
0.20569	-0.75159
-0.5945	-0.93724
1.089	-1.1204
-0.76199	-0.86823
-0.18425	-0.70455
0.27738	0.010765
-1.7898	1.0381
-0.90926	0.74254
1.2039	0.10812
-0.47994	0.76939
-1.8581	1.8217
1.6958	1.3813
0.29415	2.1952
0.62965	1.9357
0.81251	1.6262
0.41059	0.63608
-1.4558	0.27858
-0.40527	0.074669
1.0778	-0.68527
-0.20186	-0.59386
-0.69818	-0.58151
-1.1652	-0.54175
0.70718	-0.45087
-0.060428	-0.84854
-1.5771	-1.2724
0.2694	-1.6942
-0.99848	-0.34539
-2.1111	0.95654
-0.71321	0.49351
0.97308	-0.15993
-0.78253	1.1345
-0.70459	2.0194
0.20296	0.87813
-0.27445	0.5523
1.2564	0.13963
-1.12	1.2546
1.0865	-0.29045
-0.91054	-0.77124
0.14788	-0.22974
-0.60087	0.025545
-0.70343	0.41042
-0.45561	0.15605
-0.068547	-0.61466
-0.53901	-0.58911
1.2951	-0.94728
0.02168	-0.82664
1.0383	-0.020855
1.1118	0.85719
0.40548	1.3314
0.86232	0.98486
-0.18272	1.5192
0.41739	0.62549
1.0562	0.57719
-0.34615	-0.38792
0.9327	-1.3548
-0.12334	-0.87376
0.58802	-0.42599
-0.22791	-0.62694
-0.070088	-0.37294
0.14514	-0.63186
-0.16863	0.20778
-2.0757	-0.69668
-2.9678	-1.0521
-1.6528	-1.1601
-3.1504	-1.3771
-1.838	-1.7199
0.2138	0.53911
2.1833	1.9903
-0.24869	2.3609
2.0243	-1.1172
-0.3145	-2.3843
-2.4561	-0.87231
-1.3595	-0.040628
2.3566	0.43822
0.3536	1.0477
1.5941	-0.090946
1.1442	-0.50922
-0.41763	0.21816
0.26499	-0.3883
0.90431	2.0308
0.80714	2.8042
0.51316	2.8373
1.7515	1.2204
-0.79888	0.80284
0.23087	-0.45856
1.6916	0.093835
0.452	1.2539
-0.97656	0.28465
-0.30236	0.035511
0.52156	-1.3168
-0.4673	-0.52764
-0.028032	-0.72343
1.6448	0.013969
-0.99745	0.40525
-2.0875	0.94752
0.19917	-0.75034
-0.48501	-0.16397
0.44167	0.0072878
-1.0675	1.7439
0.62624	1.882
-1.2332	2.9413
1.3894	0.29757
0.20915	0.68016
-0.32767	-0.3699
0.16848	-0.43946
0.86861	-0.45287
-0.75379	-0.30487
-0.09309	-0.4507
1.336	-1.877
-0.088265	-0.038569
0.073268	-0.22582
-0.2821	1.1985
1.6497	-0.91507
2.2388	-1.112
0.68731	-0.80854
0.84323	0.19648
-1.1672	1.0122
0.20655	1.5179
-0.14904	2.1825
-1.3611	1.5258
0.36034	1.0864
-0.96141	0.047032
1.0632	-0.75263
0.45226	-1.0656
0.12461	-0.54969
0.089776	-0.43172
-0.0012994	-0.38132
-1.1004	-0.4361
-1.6268	0.02771
-0.20343	-0.56496
-0.81735	-0.48819
0.95282	-1.148
-0.99094	0.071895
-0.02222	-0.48024
1.4627	-1.0121
-1.1824	0.77936
1.1972	0.52739
-0.030284	1.2794
-1.5892	2.4788
-1.2666	1.21
0.29465	-1.6074
-1.4642	0.00022019
0.13875	-1.2591
-0.21709	-0.79005
0.35258	-0.95318
0.46844	-0.90209
-0.28197	-2.0207
0.71712	-1.3333
0.53961	-1.5765
0.53848	-1.2213
-0.9831	-0.22715
-1.4981	-0.27882
-0.20201	-0.84963
0.93536	-0.48021
-0.71365	1.1031
0.16429	1.0231
0.98201	0.81919
0.9787	0.59307
0.95872	0.35035
0.60533	-1.7888
1.5719	-0.82568
-0.39854	-1.001
-0.19552	-0.62204
-0.043566	-0.89571
-0.8009	-1.0851
-0.55526	-0.90307
-0.7279	-1.043
0.72658	-0.65814
-0.29696	-0.59565
1.1698	-1.1982
-0.95341	-0.36118
0.8304	-0.2359
0.73537	-0.29558
-0.50122	0.15511
1.7531	0.60667
0.95715	1.5517
1.8118	0.070354
-1.4886	0.074523
0.023276	-0.77271
-0.22889	-0.76623
0.17736	-1.2746
-2.2814	-0.62312
-0.76752	-0.64711
-0.43726	-1.5569
-0.64949	-0.52049
-1.0606	-0.010756
-1.2473	-0.48484
0.23112	-0.27009
0.79105	-0.27757
-0.58213	0.51631
-0.043957	0.10851
0.22616	0.32559
0.84082	1.23
1.03	2.0707
0.069769	2.3929
-1.3228	1.1587
-0.96803	0.4897
1.2745	-0.46255
0.12534	-0.78662
0.21721	0.36488
0.27164	-0.49329
-0.52478	-0.44545
0.88471	-0.96912
-0.62873	-0.88103
-0.13948	-0.43822
0.34172	0.23138
-1.6312	0.8427
-1.1864	0.63919
1.1947	-0.0057438
0.13175	0.20025
-1.5805	1.3907
1.7552	1.2782
0.4203	2.2025
0.70408	1.7889
0.37463	1.6985
0.10264	0.60983
-0.87171	0.75837
-0.59534	-0.13044
1.0874	-0.6875
-0.74251	-0.60416
-0.66293	-0.56922
-0.97104	-0.43443
0.19119	-0.42325
-0.43463	-0.76506
-1.5355	-1.0088
0.28091	-0.81687
-0.95971	-0.31383
-1.9447	1.3142
-0.76438	0.74827
0.78553	-0.19203
-1.3224	0.53868
-0.64668	2.2137
0.070096	0.67711
-0.20385	0.97525
1.2697	-0.18739
-1.2688	1.4494
0.93063	-0.31094
-0.2976	-1.3151
0.0046646	-0.50693
-0.20999	0.056797
-0.91443	0.31456
-0.12443	0.44511
-0.063027	-0.71781
-0.45009	-0.43027
1.0495	-1.0092
-0.3949	-0.63292
0.90891	-0.063451
1.0053	0.090668
0.70805	1.1972
0.65019	0.7939
-0.30992	1.2139
0.76614	0.71576
0.92401	0.39921
-0.034141	-0.080777
0.52676	-1.3
-0.27048	-0.8568
0.55449	-0.40402
-0.50104	-1.005
0.22702	-0.14645
0.31257	-0.69261
0.059561	-0.029137
-1.9237	-0.99478
-2.853	-0.67796
-1.5152	-1.0419
-3.0339	-1.4085
-2.128	-1.2188
0.2862	0.55495
2.2274	1.8303
-0.59569	2.5679
2.0446	-0.99058
-0.647	-1.8935
-2.5117	-1.1707
-1.0156	0.029857
2.2425	0.48129
0.11503	1.0611
1.9826	0.17063
0.88757	-0.69148
-0.16393	0.57804
0.51804	-0.10361
1.1147	1.9853
0.90091	2.8971
0.53795	2.6474
1.7193	1.367
-0.68853	0.55752
0.11056	-0.69491
1.6637	-0.1695
0.24774	1.2729
-0.30484	0.13687
0.40052	0.050466
0.51118	-0.91794
-0.47275	-0.38604
0.54955	-0.47819
1.3805	0.24518
-0.84228	0.32909
-2.4266	0.51014
0.13346	-0.84937
-0.33112	-0.25528
0.36536	0.24405
-1.2186	1.2704
0.64221	1.9067
-0.92038	2.8277
1.7226	0.73314
0.1855	0.63501
-0.037197	-0.22301
0.081532	-0.35339
1.2412	-0.047826
-0.75966	-0.45132
-0.034319	-0.72536
1.6197	-1.8715
-0.3604	-0.51409
0.25573	-0.065222
-0.27272	1.062
1.3417	-0.77213
2.2067	-0.84891
0.79351	-0.85741
0.77696	-0.12132
-1.1614	0.83173
-0.30551	1.3902
0.19501	2.1009
-1.049	1.807
0.34809	1.3133
-1.0929	0.27599
0.83188	-0.88087
0.67061	-1.0244
0.60326	-0.63015
-0.1882	-0.28385
0.18634	-0.19079
-1.2777	-0.47662
-1.0412	0.14054
-0.01269	-0.89492
-1.2343	-0.18463
0.83192	-1.0263
-0.69156	-0.16903
0.49994	-0.19484
1.8004	-0.98295
-0.74133	0.70697
1.8525	0.74855
-0.24435	1.4533
-2.3096	2.4034
-1.0858	1.0329
0.12926	-0.9241
-1.6147	-0.20166
-0.038893	-1.0106
-0.5888	-0.51661
0.055195	-0.72274
0.58706	-0.58396
0.060255	-2.1151
0.67135	-1.1294
0.51442	-1.8753
0.54843	-1.4341
-0.87866	-0.46693
-1.5599	-0.61029
0.076417	-0.94119
1.0365	-0.28655
-0.78358	1.0099
0.57965	1.0063
1.2564	0.72601
0.81752	0.51623
1.0768	-0.064799
0.67931	-1.7011
1.4338	-0.73204
-0.50294	-1.0486
-0.13668	-0.67379
0.053403	-1.6866
-1.1649	-1.2574
-0.083217	-1.0415
-0.78791	-0.63883
0.68633	-0.82804
-0.1279	-0.24268
1.0909	-0.93657
-0.96683	-0.17543
0.76709	-0.093859
0.93748	-0.18191
-0.38646	0.47225
1.5513	0.78313
0.7647	1.6117
1.4109	-0.12687
-0.85565	0.14657
0.31973	-0.82503
-0.10839	-0.53665
0.099688	-1.7404
-2.1851	-0.44756
-0.99507	-0.54147
-0.23471	-1.0382
-0.75229	-0.54627
-0.7712	-0.4281
-1.041	-0.32627
0.69948	-0.7376
0.59736	-0.40694
-0.59484	0.37548
-0.074731	0.3238
0.16309	0.27921
0.63326	0.9583
0.90944	2.3638
0.18162	2.3995
-1.0822	1.0046
-0.74968	0.20738
1.6026	-0.57337
-0.15023	-0.85328
0.65564	0.38296
0.20493	-0.8792
-0.58226	-0.80732
1.0588	-0.87134
-0.49549	-0.76233
0.054953	-0.87548
0.15233	-0.14679
-1.7294	0.76536
-1.0141	1.0009
1.7377	0.064991
-0.073751	0.84203
-1.5454	1.4286
1.6294	1.4259
0.43051	1.7902
0.55938	1.6128
0.53425	1.5661
0.57042	0.26461
-1.1554	0.22896
-0.19876	0.34761
1.437	-0.73317
-0.37043	-0.73589
-0.47417	-0.64503
-0.80098	-0.40113
0.23359	-0.79836
-0.31506	-0.97944
-1.4798	-1.0851
0.19993	-1.1716
-0.99871	-0.45327
-2.1646	1.3408
-0.70471	0.41635
1.1847	-0.44452
-1.3909	0.87182
-0.93897	1.8186
0.018721	0.70577
-0.4155	0.5546
0.90719	-0.0090607
-1.4415	1.0202
0.92707	-0.43026
-0.27858	-0.95594
0.20962	-0.54931
-0.39026	0.38846
-1.0976	0.24072
-0.44922	0.45627
-0.18985	-0.45453
-0.2366	-0.57698
1.2391	-0.95731
-0.12537	-0.92355
1.141	-0.053836
0.88165	0.51575
0.75723	1.0739
0.76446	0.83045
-0.43845	1.1182
0.20189	0.15885
1.2238	0.62015
-0.0032142	-0.047384
0.86508	-1.1532
-0.48962	-0.58036
0.59409	-0.90705
-0.80662	-0.89775
-0.49292	-0.44146
0.66561	-0.48062
0.03493	0.49282
-2.1063	-0.65941
-2.7767	-1.1599
-1.9976	-1.1662
-2.9411	-1.4549
-1.8535	-1.3386
0.23239	0.049886
2.1076	2.0972
-0.19887	2.589
2.092	-1.0474
-0.20717	-2.1863
-2.4785	-1.1248
-1.1415	-0.41448
2.2551	0.56298
0.095688	0.92737
1.6767	-0.0020778
0.54244	-0.79
-0.67631	0.49658
0.4249	0.10153
1.0006	1.6214
0.69316	3.0266
0.79411	2.6943
1.4562	0.92589
-0.77623	0.19442
0.33791	-0.74945
1.7295	0.11491
0.55865	1.2469
-0.7592	0.0020406
0.26322	-0.1604
0.43613	-0.90106
-0.78805	-0.88405
0.36064	-0.54798
1.7122	0.030381
-0.66727	0.39556
-2.171	0.70977
0.036351	-0.48564
-0.50043	-0.19007
0.52518	0.41624
-0.74945	1.7168
0.64702	1.4088
-1.0475	2.555
1.7329	0.23683
0.38164	0.764
-0.6068	-0.24134
-0.17136	-0.52491
1.0277	-0.17605
-1.0246	-0.2891
-0.15779	-0.72889
1.7283	-2.0501
0.20918	-0.059369
0.30239	0.015128
-0.041522	1.0639
1.3898	-0.64282
2.562	-0.92723
0.43219	-0.90718
1.1619	-0.24594
-1.0698	1.1526
-0.08939	0.98699
-0.16804	1.8732
-1.092	1.668
0.17248	1.2758
-0.85153	0.40262
1.0408	-0.7821
0.38831	-0.94828
0.72825	-0.96221
-0.093126	-0.45621
-0.018312	-0.21455
-1.3763	-0.38938
-0.89629	0.037292
0.23588	-0.63103
-1.0165	0.037039
1.1516	-1.1347
-0.8464	-0.26211
0.30029	-0.63697
1.4413	-0.71399
-0.89436	0.64377
1.5366	0.41078
-0.33407	1.1899
-2.0537	2.3394
-1.0014	0.95626
0.41426	-1.3225
-1.2824	-0.32695
0.26253	-1.1791
-0.4723	-0.98153
0.10561	-0.78905
0.60065	-0.99813
-0.2154	-2.0428
0.85209	-1.5036
0.44925	-1.3975
0.49541	-1.2923
-0.75527	-0.12206
-1.5575	-0.67022
-0.11129	-0.77244
0.90739	-0.51053
-0.65569	1.27
0.74264	0.8415
1.1954	0.85517
0.65626	0.56253
0.9564	-0.12812
0.63642	-1.8991
1.6967	-0.84661
-0.17907	-1.0755
0.21682	-1.1107
0.25278	-1.4077
-1.281	-1.1947
0.051291	-0.73549
-0.58334	-1.0196
0.80413	-0.97038
-0.19842	-0.24558
1.2181	-1.1106
-0.91436	-0.3119
0.85326	-0.13903
0.8377	-0.21476
-0.79413	0.38978
1.7051	0.47893
0.50774	1.5197
1.4087	-0.41424
-0.92168	0.23264
0.50994	-0.77802
-0.31138	-0.53637
0.32861	-1.6008
-2.2198	-0.66859
-0.95799	-0.42219
-0.20018	-1.1064
-0.96678	-0.84674
-0.92352	-0.11762
-1.0072	-0.68983
0.73245	-0.74811
0.74207	-0.41919
-0.57038	0.24719
-0.13208	0.15628
0.020117	0.34441
0.95698	1.3392
0.87221	2.0675
0.052833	2.2463
-0.95954	0.968
-0.68093	0.27858
1.5318	-0.36936
-0.20428	-1.0756
0.21047	0.84046
0.1047	-0.7318
-0.33532	-0.74218
0.62136	-0.74698
-0.67223	-0.74706
-0.054563	-0.68345
0.11704	0.16295
-1.6048	0.85222
-0.82166	0.65764
1.2919	-0.14444
-0.24355	0.37647
-1.3847	1.5793
1.9196	1.5899
0.66436	2.0938
0.69138	1.8938
0.58353	1.6655
0.21445	0.65562
-1.2409	0.3051
-0.10794	0.22581
1.3616	-0.51296
-0.5044	-0.61613
-0.47981	-0.27373
-0.94881	-0.19812
0.49006	-0.80783
-0.36896	-0.70778
-1.3222	-0.66212
-0.18051	-1.4132
-1.0801	-0.44806
-2.0035	1.3514
-0.55246	0.54636
1.1737	-0.28666
-1.2552	1.2335
-0.73347	2.0931
0.21423	0.88955
-0.33304	1.0327
0.91482	-0.038188
-1.1956	1.0665
1.1574	-0.23154
-0.53841	-1.167
-0.30173	-0.39965
-0.34882	0.31032
-0.54482	0.20179
-0.28035	0.41422
0.15477	-0.28358
-0.7207	-0.19052
1.0804	-0.73242
0.0057916	-0.53336
0.80811	0.26117
0.94138	0.79996
0.74634	0.98522
0.81029	0.50323
-0.17058	1.3486
0.53033	0.95752
1.2961	0.44587
-0.09946	-0.29946
0.89292	-1.1337
-0.50732	-0.63349
0.60454	-0.63179
-0.38319	-1.0682
0.39061	-0.26301
0.70241	-0.67921
0.08019	0.23798
-1.9465	-0.93663
-2.5714	-1.3183
-1.4513	-1.0532
-3.1364	-1.6111
-2.0652	-1.7338
0.49752	0.3355
2.1649	2.091
-0.10057	2.5053
2.3076	-1.1436
-0.29845	-1.9088
-2.2979	-1.7219
-1.1706	-0.47335
2.391	0.60277
0.135	1.1233
1.8873	-0.077276
0.93659	-0.3332
-0.35154	0.14779
0.62875	-0.14442
1.0453	1.876
0.71302	2.726
0.48945	2.8147
1.4645	1.4805
-0.87583	0.62909
-0.052872	-0.61696
1.6235	-0.073873
0.20317	1.4948
-0.30153	0.21442
-0.066011	0.13945
0.42077	-1.2439
-0.4496	-1.1334
0.6283	-0.63443
1.6563	0.37934
-0.47294	0.043097
-2.2667	0.82622
0.24964	-0.74597
-0.33602	-0.28287
0.34532	0.55566
-1.0431	1.5465
0.23676	1.8351
-0.69974	2.8985
1.5317	0.30044
0.34969	0.67383
-0.40374	0.12558
0.11696	-0.32736
0.84033	-0.37958
-1.0184	-0.2487
0.13059	-0.31495
1.4712	-2.0499
0.015132	-0.038595
0.43796	-0.22479
-0.21254	1.3298
1.8282	-0.44628
2.4217	-1.1143
0.90416	-0.78513
1.0281	-0.10741
-1.0584	0.86648
-0.01845	1.4731
0.079393	2.1215
-1.3983	1.427
0.60852	1.0261
-0.68395	0.17078
0.53935	-0.48098
0.36896	-0.94436
0.34948	-0.88538
0.013123	-0.34469
-0.076405	-0.3551
-0.99466	-0.66306
-1.2167	-0.10654
-0.18887	-0.53164
-1.1904	-0.46005
0.84295	-0.48903
-0.34313	-0.1472
0.036019	-0.41734
1.6918	-0.81183
-0.74814	0.56967
1.5315	0.44172
-0.53289	0.89842
-1.9155	2.3389
-1.092	1.1897
0.82819	-0.95806
-1.799	-0.34193
0.12109	-0.99462
-0.34008	-0.70133
-0.23586	-1.0708
0.59805	-0.76109
-0.45242	-1.7638
0.98322	-1.3884
0.43898	-1.2688
0.62524	-1.6161
-1.2634	0.20243
-1.3545	-0.58026
-0.38469	-0.70497
0.58228	-0.23369
-0.68099	0.94505
0.44848	0.75914
1.3381	0.61824
1	0.70013
1.0661	0.15025
0.45501	-1.7033
1.5403	-0.89379
-0.20376	-1.0844
0.1505	-0.84992
0.053135	-1.3999
-1.2234	-1.2633
0.24355	-0.71738
-0.64586	-1.0683
0.6637	-0.87339
-0.29013	-0.02073
1.1462	-1.1935
-1.1068	0.0089936
0.7899	-0.35756
0.88076	-0.27582
-0.71192	0.41524
1.8906	0.8184
0.69655	1.2056
1.7044	-0.5177
-0.90154	0.11258
0.38215	-0.55241
-0.20264	-0.674
0.56537	-1.6893
-2.5221	-0.67892
-1.2648	-0.47765
-0.37335	-1.2131
-0.70271	-0.65332
-0.91763	-0.26593
-1.2723	-1.0433
0.65204	-0.57227
0.89874	-0.26217
-0.51101	0.43115
0.13501	0.34378
0.35805	0.24158
1.0104	1.1618
0.43195	1.8844
-0.052965	2.1375
-1.0932	1.1877
-0.95899	0.17769
1.5388	-0.54792
0.23447	-0.81948
0.4279	0.43308
0.24689	-0.46874
-0.47657	-0.1786
1.0411	-0.70582
-0.5867	-0.74884
-0.12819	-0.80923
0.28842	0.018154
-1.9062	0.86037
-1.0859	0.79559
1.2902	-0.19263
-0.13392	0.45861
-1.7682	1.4122
1.5328	1.3324
0.2712	2.2688
0.98949	1.6367
1.0405	1.964
0.62774	0.52373
-0.86484	0.55855
-0.21411	0.10933
1.4628	-0.75595
-0.19892	-0.612
-0.80062	-0.45701
-1.0568	-0.0019695
0.24048	-1.0158
-0.52995	-0.5984
-1.6525	-0.84153
-0.0071903	-1.3548
-0.6126	-0.43411
-2.1523	0.93958
-0.54768	0.46467
0.97122	-0.31678
-1.2382	0.71554
-0.73785	2.2526
0.17846	1.0774
-0.79556	0.98581
0.7539	0.1919
-1.0776	1.0652
1.0012	-0.3565
-0.56818	-0.78584
-0.10784	-0.53885
-0.32701	0.4543
-1.0716	0.35601
-0.25065	0.61837
-0.047407	-0.21125
-0.31587	-0.25002
1.3849	-0.87845
-0.016054	-0.75417
1.1122	0.39985
0.95258	0.51381
0.54503	0.9256
0.66489	0.69299
-0.32581	1.017
0.57183	0.68873
1.0314	0.3994
-0.067343	-0.55699
0.91718	-1.1109
-0.3227	-0.52945
0.86753	-0.85523
-0.5147	-0.55332
0.29205	0.091899
0.3089	-0.58248
-0.23651	0.32896
-2.0911	-1.1324
-2.9642	-1.1852
-1.8674	-1.0027
-3.2584	-1.6835
-2.2505	-1.256
0.33763	0.39137
2.1646	1.9074
-0.35017	2.5341
2.1428	-1.1023
-0.25603	-1.9268
-1.9867	-1.1312
-0.93773	-0.1367
2.5902	0.60508
0.28525	1.1247
2.1367	0.16129
0.90084	-0.7085
-0.61378	0.28528
0.57244	-0.28662
1.1027	1.9464
0.89544	2.6272
0.43572	2.5419
1.2759	0.85192
-0.96778	0.62182
0.43166	-0.56006
1.8328	0.035111
0.76674	1.4145
-0.4972	0.035776
0.11394	-0.27358
0.59627	-1.0002
-0.88981	-0.78493
0.1602	-0.41643
1.7085	0.12974
-0.96521	0.59788
-2.2811	0.58086
0.04208	-0.63951
-0.65789	-0.33971
0.51913	0.17182
-0.7539	2.1088
0.48283	1.8005
-1.0549	2.9432
1.2988	0.81104
0.4454	0.76599
-0.28	-0.25963
-0.052001	-0.17501
0.62189	-0.10707
-0.75793	-0.42677
0.089743	-0.24087
1.8567	-2.0315
0.18902	-0.22717
0.48138	0.02928
-0.21096	0.94003
1.506	-0.70222
2.0047	-1.0946
0.67569	-0.63117
0.99356	0.11416
-0.99347	0.98867
0.1404	1.2594
-0.062748	2.2653
-0.98616	1.6495
0.66571	1.2586
-0.71404	0.066177
0.71382	-0.65337
0.62189	-1.0435
0.48041	-1.1056
-0.043788	-0.29095
-0.22579	-0.27332
-1.3447	-0.23313
-1.2852	0.27813
0.17879	-0.56627
-1.514	-0.19859
0.96536	-0.98808
-0.96099	-0.40187
0.20173	-0.48828
1.6986	-0.99661
-0.76821	0.7004
1.546	0.33111
-0.035561	1.1063
-2.1081	2.2321
-0.88234	1.3954
0.25686	-1.2785
-1.6288	-0.05103
0.17615	-1.0096
-0.48664	-0.52976
-0.078866	-0.84166
0.47125	-0.28429
-0.27956	-2.1317
0.61922	-1.4579
0.48452	-1.2273
0.76733	-1.3188
-1.0764	0.19761
-1.4148	-0.61755
-0.33227	-0.7554
0.93127	-0.6212
-0.68912	1.1634
0.43244	0.79579
1.3952	0.66581
1.0889	0.61028
1.2045	0.28999
0.7623	-1.6342
1.6441	-0.90879
-0.21485	-1.3218
-0.12807	-0.1994
0.47061	-1.4932
-1.1734	-1.1201
-0.3981	-0.96377
-0.56734	-0.99114
0.027757	-0.79902
-0.072466	-0.4825
0.57361	-0.76536
-1.0488	-0.28529
0.75137	-0.55172
0.83336	-0.0744
-0.84757	0.38807
1.4223	0.37831
0.89097	1.2526
1.7425	-0.76094
-1.157	0.029642
0.31255	-0.87744
-0.22661	-0.4185
0.016044	-1.2764
-1.7119	-0.55711
-0.94605	-0.75291
-0.27112	-1.523
-0.77894	-0.49748
-0.97555	-0.0050334
-0.84877	-0.49685
0.26374	-0.78028
0.70672	-0.52183
-0.9609	0.38051
0.0049221	0.38543
0.13871	0.20423
1.0445	1.4399
1.3456	2.2653
-0.034182	2.2756
-0.96317	1.4586
-0.53473	0.51951
1.6566	-0.35947
0.10099	-0.93433
0.29126	0.5687
0.425	-0.49319
-0.60494	-0.5372
0.96279	-0.71776
-0.71599	-0.81902
-0.03615	-0.71326
0.22096	0.17569
-1.9292	0.72331
-0.98927	0.52127
1.3225	0.25892
-0.21573	0.40735
-1.8663	1.8149
1.5742	1.5243
0.82148	2.2467
0.62443	1.7602
0.92662	1.7539
0.49595	0.28326
-1.0218	0.81663
-0.23276	0.46857
1.3651	-0.41047
-0.39938	-0.91064
-0.63199	-0.33739
-1.1798	-0.41341
0.54718	-0.76533
-0.1056	-0.72898
-1.7395	-0.73191
0.44057	-1.3652
-1.4858	-0.48503
-1.837	1.3732
-0.67246	0.45712
0.96615	-0.061393
-1.2502	0.3677
-0.77555	1.9485
0.47557	0.78902
-0.40553	1.0584
0.8337	0.28202
-1.3427	1.5634
0.8736	-0.52893
-0.40663	-0.93825
0.032472	-0.39431
-0.43529	0.079134
-1.0777	0.18418
-0.24468	0.23525
-0.1655	-0.38953
-0.67657	-0.36622
0.99732	-0.64845
-0.37788	-0.40814
1.0779	0.055255
0.84652	0.76526
0.422	1.007
0.73479	0.63816
-0.60803	1.6346
0.66169	0.65385
1.1206	0.41153
-0.34179	-0.10576
0.78564	-1.4971
-0.64424	-0.51744
0.57874	-0.80317
-0.84144	-1.0136
0.26718	-0.18285
0.41074	-0.61857
0.096439	0.59882
-1.8477	-0.95123
-2.7237	-0.82841
-1.5555	-1.2062
-3.0985	-1.6443
-2.1009	-1.3141
-0.1286	0.48793
2.4597	2.4844
-0.077048	2.513
2.3214	-0.95485
-0.34058	-1.8925
-2.0105	-0.98893
-1.0427	-0.27172
2.2761	0.59488
0.25013	1.3648
1.7165	-0.19746
0.80534	-0.59196
-0.46104	0.51244
0.52089	-0.12441
1.0227	1.7099
0.48975	2.7532
0.69235	2.7498
1.6487	1.5678
-0.53704	0.66964
-0.031103	-0.47273
1.5895	-0.15302
0.39345	1.4095
-0.75808	-0.0052517
0.17206	-0.13863
0.5517	-0.52946
-0.92599	-0.76724
0.057005	-0.46113
1.8492	0.26063
-0.87756	0.40018
-2.1572	0.79465
0.33034	-0.75228
-0.69526	-0.1752
0.23066	0.49608
-1.0006	1.8217
0.34234	1.6175
-0.9178	2.8765
1.8094	0.27587
0.28208	0.87869
-0.39061	-0.40742
0.23407	-0.47332
0.88237	-0.2946
-0.85087	-0.6526
0.0010489	-1.0472
1.4563	-2.0239
0.20046	-0.10745
0.19354	-0.017836
-0.29085	1.339
1.3957	-1.0044
2.0749	-1.1265
0.58404	-1.0327
1.1415	0.067178
-0.91831	0.90846
-0.17856	1.3122
0.028465	2.0906
-1.0007	1.9011
0.16201	1.2857
-0.55158	0.22664
0.97641	-0.43965
0.97892	-1.0428
0.29688	-0.59466
-0.16668	-0.52779
-0.15752	-0.41867
-1.4477	-0.48927
-1.5863	-0.46248
-0.35068	-0.34991
-0.73435	-0.39137
1.1085	-0.60507
-0.74387	-0.38236
-0.20172	-0.29895
1.9728	-0.48744
-0.78928	0.82144
1.6296	0.64431
-0.21079	1.187
-2.1226	2.1476
-1.3564	0.88236
0.45237	-1.0562
-1.5312	0.04673
0.42404	-1.1374
-0.22509	-0.71198
-0.26564	-0.57497
0.66922	-0.66817
-0.46331	-2.1832
1.0207	-1.1888
0.53296	-1.478
0.30416	-1.5466
-0.78884	-0.20792
-1.1934	-0.72469
-0.21122	-0.64533
0.85272	-0.074178
-0.56717	1.1628
0.45288	0.71184
1.2621	0.68036
0.84496	0.64969
1.3335	0.31227
0.74673	-1.6869
1.4217	-0.65882
-0.17104	-0.79588
0.12002	-0.51105
0.30596	-1.2521
-0.88574	-1.0833
-0.064497	-0.94284
-0.58198	-0.77508
0.53301	-0.96536
-0.42209	-0.19278
1.0872	-1.1775
-1.341	-0.58114
0.78081	-0.22484
0.59569	-0.45319
-1.0008	0.03659
1.8828	0.67808
0.4149	1.396
1.4073	-0.42609
-0.98894	0.17881
0.41848	-0.73353
-0.44214	-0.47755
0.049063	-1.4875
-2.0862	-0.6945
-1.3742	-0.48668
-0.12477	-1.4644
-0.70797	-0.34645
-1.2017	-0.081439
-1.1632	-0.62958
0.10531	-0.92805
0.92183	-0.36273
-0.24309	0.34591
0.078206	0.3984
0.34837	0.32111
1.0254	1.3609
0.85691	1.9451
-0.39794	2.4614
-1.2914	1.1792
-0.71855	0.571
1.7894	-0.50533
0.13871	-0.6594
0.48024	0.81106
0.41336	-0.047607
-0.38321	-0.78874
0.74143	-0.65213
-0.57083	-0.952
0.14011	-0.90203
0.5697	0.13552
-1.7753	0.96142
-1.0682	0.51328
1.5986	0.26763
-0.19271	0.18238
-1.667	1.1706
1.7089	1.4356
0.89624	2.2357
0.92194	1.7496
1.0179	1.7634
0.16246	0.59867
-1.2842	0.5409
-0.65131	0.3668
1.0568	-0.60612
-0.51998	-0.74923
-0.61708	-0.32041
-1.2349	-0.1177
0.39449	-0.95469
-0.12663	-0.6735
-1.6676	-1.0878
0.26866	-1.1445
-1.1526	-0.53787
-2.1582	1.005
-0.8402	0.57146
1.1814	-0.26883
-1.2193	0.79152
-0.45532	1.7649
0.053886	0.57192
-0.41394	0.84793
0.87608	-0.087872
-1.1103	0.81013
0.6405	-0.18504
-0.60358	-0.97883
-0.045971	-0.54588
-0.69119	0.33217
-0.92623	0.48492
-0.11598	0.52571
-0.049061	-0.67883
-0.33245	-0.50633
1.2889	-0.8262
-0.12186	-0.5186
1.194	0.087044
1.0073	0.65969
0.37767	0.77348
0.89898	0.53665
-0.26308	1.5108
0.79981	0.40329
1.349	0.64995
-0.48246	-0.38961
0.76967	-1.4142
-0.18917	-0.73136
0.74419	-0.95647
-0.46275	-0.93858
-0.17961	-0.34648
0.12289	-0.71955
-0.08142	0.44898
-2.0503	-0.90159
-2.6773	-0.97255
-1.7703	-1.2127
-3.3775	-1.6839
-2.2518	-1.5157
0.27497	0.10229
1.9686	1.7858
-0.021322	2.3065
2.257	-1.2577
-0.4366	-1.917
-2.0357	-0.98182
-0.87231	-0.13932
2.2814	0.36687
0.11709	0.92744
1.8849	0.21839
0.85773	-0.46767
-0.46964	0.14807
0.14153	-0.041258
0.7169	1.373
0.60439	2.6119
0.90796	2.7377
1.8006	0.93351
-0.8076	0.14442
0.30232	-0.42972
1.8298	-0.064686
0.30033	1.3779
-0.46035	0.094656
0.076541	0.1421
0.5576	-0.66043
-0.70681	-0.93396
0.081291	-0.54628
1.4321	0.30733
-0.55678	0.16827
-2.255	1.2961
-0.14779	-0.59669
-0.45523	-0.61499
0.68525	0.066665
-0.91959	1.518
0.54211	2.0542
-1.2503	2.7137
1.5342	0.37694
0.51288	0.92946
-0.26703	-0.46011
0.34691	-0.37805
0.77335	-0.48404
-0.65828	-0.36568
-0.025448	-0.32025
1.2194	-1.9071
-0.14296	-0.42753
0.42768	-0.27525
-0.54579	0.89028
1.3333	-0.74521
2.3126	-0.77062
0.69318	-0.80888
1.4485	0.24167
-1.2347	1.0161
0.044117	1.3516
-0.15377	2.0063
-0.97857	1.4733
0.32277	1.4307
-0.77971	0.20979
0.94039	-0.75198
0.33408	-1.1752
0.29461	-0.5067
-0.24209	-0.26966
-0.39532	-0.26851
-1.4709	-0.71956
-1.088	0.14641
-0.36701	-0.62225
-0.88864	0.030808
0.79553	-0.88183
-0.7339	-0.5725
0.058176	-0.38962
1.7607	-1.231
-0.9709	0.48206
1.401	0.41478
0.18843	0.99523
-2.3247	2.2055
-1.0327	1.0198
0.1587	-0.79072
-1.1827	-0.26797
0.084846	-1.3812
-0.27885	-0.85621
-0.037503	-0.91005
0.26217	-0.64929
-0.31466	-2.0081
0.84228	-1.0604
0.14631	-1.4318
0.51871	-1.5393
-0.68756	-0.18447
-1.2784	-0.62598
-0.44046	-0.7065
0.91226	-0.24601
-0.59311	1.3431
0.57158	0.49921
1.5773	0.68409
0.81981	0.81604
1.0477	0.34264
0.6353	-1.7057
1.5761	-0.60835
0.10401	-1.3737
-0.038776	-0.91612
0.20955	-1.2869
-0.67974	-0.96959
-0.22903	-0.76291
-0.79981	-0.76352
0.70809	-0.68687
-0.065297	0.010646
0.92481	-1.3962
-1.0068	-0.15011
0.71493	-0.19878
1.0888	-0.2617
-0.65995	0.34161
1.4879	0.19514
0.42175	1.4939
1.37	-0.34755
-1.0311	0.0514
0.36892	-0.87546
-0.19361	-0.48349
0.03805	-1.9447
-2.0358	-0.92885
-0.89859	-0.23724
0.047923	-1.2972
-0.73103	-0.60351
-0.83373	0.12103
-0.97641	-0.5029
0.79183	-1.087
0.78761	-0.49621
-0.59947	0.59497
-0.12939	0.27089
0.75099	0.29355
0.56855	1.301
0.85199	2.0238
-0.065526	2.3907
-1.2923	0.92363
-0.54893	0.6132
1.6787	-0.56669
0.28425	-0.96572
0.23577	0.83337
0.27851	-0.32353
-0.43218	-0.3746
1.2272	-0.77685
-0.90382	-0.85394
-0.049414	-0.81968
0.33727	0.30872
-1.8305	1.1503
-1.2015	0.93787
1.1196	0.11738
-0.42758	0.44682
-1.9937	1.5531
1.2971	1.6196
0.2724	2.0508
0.7213	2.1951
0.51827	2.0674
0.13026	0.367
-0.95624	0.85501
-0.25073	0.21211
1.4678	-0.44164
-0.76061	-0.94725
-0.45042	-0.0058732
-0.98657	-0.75636
0.5241	-0.82642
-0.29369	-0.36745
-1.3979	-1.1017
0.23193	-1.0214
-1.213	-0.59377
-2.1538	1.2639
-0.50583	0.90861
1.3884	-0.28357
-1.1104	0.83573
-0.58776	2.0395
-0.0088384	0.62796
-0.32703	1.0682
0.98851	-0.18598
-1.3888	1.0088
1.1685	-0.40633
-0.23942	-0.92512
-0.095547	-0.55636
-0.64377	0.057659
-0.93956	0.40125
-0.47576	0.23115
0.11541	-0.53849
-0.40204	-0.40196
1.2589	-0.86794
-0.11215	-0.50544
1.0544	0.10382
0.95416	0.93551
0.036847	0.89242
0.5731	0.50147
-0.45595	1.3303
0.64217	0.56112
1.4	0.50776
-0.23703	-0.28307
0.75824	-1.4465
-0.63954	-0.87092
0.44003	-0.71925
-0.58489	-0.47869
0.10679	0.04378
0.87557	-0.65828
-0.43172	0.12252
-1.8674	-0.84649
-2.7696	-0.92935
-1.5528	-1.1841
-3.0373	-1.3663
-2.033	-1.3968
0.11711	0.38385
2.4623	1.9639
-0.43457	2.4855
2.5344	-1.5094
-0.31194	-1.7051
-2.3442	-1.223
-0.98948	-0.13156
2.5059	0.58485
0.17962	0.84971
1.5058	-0.071599
0.83788	-0.57895
-0.36275	0.33734
0.42412	-0.052861
0.64619	1.7941
0.94024	2.4872
0.5413	2.5667
1.7527	1.0786
-0.48188	0.29707
0.47714	-0.88576
1.6123	-0.098847
0.34001	1.4688
-0.6808	-0.15253
0.33356	0.0020993
0.45413	-0.78197
-0.47865	-0.44413
0.40126	-0.43937
1.6559	0.1951
-0.64141	0.27338
-2.3543	0.71163
-0.080211	-0.67491
-0.20842	-0.071477
0.34238	0.49946
-0.77474	1.415
0.55686	1.7202
-1.045	2.5403
1.5123	0.24081
0.20101	0.99041
-0.55048	-0.40885
0.23989	-0.52465
0.87808	-0.33262
-1.2217	-0.1183
-0.12902	-0.51195
1.6591	-2.2623
-0.27959	0.0087743
0.050503	0.032149
-0.38584	1.1837
1.6387	-0.5062
2.709	-0.86869
0.61038	-0.95407
1.008	0.077328
-1.2762	0.89667
-0.30186	1.2875
0.1466	2.0802
-1.0062	2.0174
0.25148	1.2194
-0.63296	0.12312
0.82318	-0.74112
0.40203	-0.96038
0.26952	-1.0826
-0.34021	-0.27554
-0.32631	0.20327
-1.3156	-0.2681
-1.0497	0.39173
0.055825	-0.51619
-1.2327	-0.30036
1.0006	-1.106
-0.87212	-0.8941
0.044835	-0.19965
1.7298	-1.003
-0.8099	0.75289
1.4308	0.48363
-0.25936	0.6532
-2.1721	2.1462
-0.84655	1.051
0.23916	-0.8878
-1.306	0.12474
0.057429	-0.91528
-0.22765	-0.62798
0.34057	-0.73922
0.6112	-0.64835
-0.32654	-2.0037
0.97116	-1.1909
0.25323	-1.4874
0.71603	-1.1172
-0.7689	0.032121
-1.5036	-0.44788
-0.27347	-0.77692
1.0983	0.0083543
-0.59737	1.4233
0.62436	0.72523
1.1703	0.55563
1.0351	0.61042
1.2311	-0.11284
0.38928	-1.4076
1.4957	-0.71529
-0.25448	-0.9934
-0.032749	-0.74718
0.03721	-1.3302
-1.2167	-0.9923
-0.12587	-0.6103
-0.66063	-0.73132
0.62862	-0.81603
-0.32635	-0.32589
1.1068	-1.116
-1.4128	-0.073268
0.6551	-0.41007
0.88542	-0.064425
-0.9223	-0.085587
2.2411	0.72125
0.65965	1.6016
1.7952	-0.45655
-0.77883	0.064884
0.21831	-0.95879
-0.28849	-0.39087
-0.084293	-1.7042
-2.0816	-0.51222
-0.95294	-0.30892
-0.3501	-1.3267
-0.6331	-0.38461
-0.93887	-0.30999
-0.88142	-0.42882
0.78315	-0.73567
0.93402	-0.42175
-0.55846	0.42967
0.25354	0.23808
0.23206	0.51757
0.79331	1.09
0.80179	2.0527
0.21063	2.4737
-1.2343	1.6718
-0.73961	0.070133
1.5639	-0.59663
-0.20903	-0.87956
0.25998	0.61256
0.58527	-0.46863
-0.59579	-0.77797
1.0405	-0.87262
-0.60524	-0.84056
-0.14879	-0.41361
0.39759	0.33259
-1.5168	0.83871
-1.1114	0.89557
1.2226	0.074842
-0.14766	0.43929
-1.6447	1.6051
2.0139	1.3859
0.46107	2.0874
0.80323	2.0521
0.36599	1.8744
0.28805	0.36158
-0.85268	0.13119
-0.36906	0.17802
1.2648	-0.51539
-0.49498	-0.92275
-0.82572	-0.23941
-1.1265	-0.54206
0.61091	-0.66252
-0.29446	-0.66604
-1.6986	-0.85366
0.0049151	-1.2472
-1.2497	-0.45643
-2.3174	1.3366
-0.82616	0.53233
0.98456	-0.27818
-1.4504	0.65617
-0.78788	2.318
-0.091105	0.94302
-0.51623	1.0861
0.89746	-0.038093
-1.1904	1.3129
0.45612	-0.058379
-0.54371	-0.68886
0.25274	-0.72806
-0.62864	0.086953
-1.0772	0.41083
-0.37671	0.3329
0.13292	-0.5644
-0.78413	-0.46263
0.81882	-1.0075
-0.22047	-0.66492
1.1522	0.067322
0.77547	0.50688
0.34294	0.71427
0.71187	0.53281
-0.59761	1.1494
0.655	0.54112
1.4654	0.31972
-0.25826	-0.4185
0.96596	-1.0086
-0.22851	-0.30076
0.45293	-0.34924
-0.74187	-1.1332
-0.13862	-0.064555
0.17379	-0.66693
-0.095039	0.1767
-1.9595	-1.1072
-2.5665	-0.88865
-1.7135	-1.0799
-3.421	-1.6583
-2.2058	-1.1885
0.36118	0.83208
2.2871	1.7494
-0.17708	2.6323
2.1852	-1.2041
-0.38124	-2.039
-2.3697	-1.0666
-1.0104	-0.1261
2.4376	0.5138
0.065953	1.1933
1.6514	-0.19082
0.72566	-0.73337
-0.35958	0.072469
0.68324	0.075436
0.87703	1.9752
0.57159	2.5719
0.46692	2.9038
1.5919	0.93998
-0.86209	0.4995
-0.020296	-0.71224
1.2948	0.19238
0.25127	1.4719
-0.98901	0.24536
0.15369	-0.20419
0.4965	-0.89326
-0.80712	-0.74801
0.33423	-0.45709
1.693	0.14896
-0.64218	0.5433
-2.0896	0.75743
0.081609	-0.85643
-0.70963	-0.13112
0.4881	0.15617
-0.79584	1.7545
0.63237	1.7876
-0.56492	2.4671
1.0263	0.38718
0.38218	0.95844
-0.16902	-0.29481
0.32835	-0.16095
0.78667	-0.51582
-0.83369	-0.4177
-0.12721	-0.48972
1.5256	-2.075
-0.097188	-0.29852
0.31841	-0.096476
-0.24944	0.81172
1.6419	-0.40929
2.4397	-1.2722
0.8768	-0.80136
0.83988	0.36046
-0.6834	0.94641
0.097162	1.2466
0.017259	2.3775
-1.1802	1.8021
0.15778	1.2203
-0.51588	0.28304
0.99942	-0.80147
0.45435	-1.2157
0.39399	-1.0684
-0.44944	-0.15342
-0.08998	-0.31207
-1.3418	-0.49358
-1.2101	0.046079
0.34914	-0.73126
-1.1362	-0.075264
0.89725	-1.1472
-0.40045	-0.34817
-0.0067719	-0.42831
1.5233	-0.8847
-0.83681	0.7358
1.5862	0.42583
-0.21951	0.89133
-2.1663	2.1132
-1.389	0.95621
0.4044	-0.78502
-1.527	-0.2821
0.37798	-1.0457
-0.25813	-0.1384
0.083055	-0.60635
0.47084	-0.68974
-0.173	-2.0162
0.81672	-0.91519
0.48203	-1.5744
0.4712	-1.5225
-0.79439	-0.30854
-1.3281	-0.48123
-0.19948	-0.92684
0.598	-0.53265
-0.65079	1.3979
0.67012	0.61617
1.6893	0.98905
0.81101	0.31118
1.2702	0.23007
0.63519	-1.6571
1.4665	-0.7628
-0.38627	-1.0792
-0.070365	-0.61588
0.30113	-1.4483
-1.0737	-1.3816
-0.22594	-1.1035
-0.70137	-0.50119
0.61601	-0.93393
-0.31234	-0.28479
0.91257	-0.77583
-0.8593	-0.22345
1.001	-0.52803
0.43999	-0.23623
-0.50663	0.14251
1.8794	0.54676
0.82559	1.4696
1.4515	-0.30286
-1.1257	0.21293
0.561	-0.85212
-0.13773	-0.67633
-0.0018571	-1.4695
-2.3056	-0.78735
-1.0426	-0.45398
-0.27322	-1.2401
-0.89227	-0.63852
-0.86111	0.05527
-1.0728	-0.7344
0.42389	-0.58199
0.7115	-0.65762
-0.49267	0.70633
0.32472	0.21458
0.40654	0.040048
0.81009	0.8315
1.0771	1.7673
0.12539	2.2052
-1.3516	0.90193
-0.70809	0.53632
1.8416	-0.36895
-0.12381	-0.76275
0.43278	1.0218
0.08144	-0.25027
-0.33217	-0.41562
1.2565	-0.86923
-0.95993	-0.6968
0.050537	-0.7938
0.29926	0.29647
-1.8251	1.0478
-0.66857	0.59766
1.8131	-0.026698
-0.31007	0.20428
-1.608	1.2705
1.302	1.3668
0.5822	2.4622
0.59085	2.0112
0.47546	1.566
0.51167	0.28744
-0.83784	0.61586
-0.30476	0.35529
1.2042	-0.46887
-0.43717	-0.82896
-0.39825	-0.41119
-1.0391	-0.30835
0.69255	-0.68519
-0.22778	-0.70567
-1.959	-1.0718
0.29811	-1.1592
-1.1755	-0.14432
-2.0949	1.1385
-0.37288	0.51181
1.1004	-0.43655
-1.0844	0.57844
-0.46961	1.8507
0.098706	0.74712
-0.30702	0.95058
1.3961	0.15766
-1.5437	1.3029
1.0064	-0.13996
-0.63906	-1.1428
0.1084	-0.3445
-0.34371	0.16043
-1.102	0.26404
-0.15952	0.44608
0.062834	-0.49997
-0.34303	-0.29245
1.0448	-0.55916
-0.13223	-0.77377
0.91326	-0.055747
1.1127	0.85806
0.48367	0.89796
0.77887	0.73376
0.011962	1.6421
0.71535	0.776
1.0776	0.32267
-0.19889	-0.35183
0.72855	-1.1712
-0.48083	-0.4875
0.53817	-0.60596
-0.42948	-1.0729
-0.1549	0.0034751
0.8673	-0.34991
-0.22575	0.26625
-1.8761	-1.0564
-2.6479	-0.9409
-1.4541	-1.0233
-3.0174	-1.6189
-1.9818	-1.4857
0.10079	0.53129
2.3105	1.5633
0.086982	2.6278
2.3284	-1.2448
-0.36521	-2.2864
-2.2531	-1.521
-1.0059	-0.17928
2.5056	0.58828
0.062716	1.1776
1.5181	-0.026365
0.65944	-0.96518
-0.69136	0.5202
0.20534	0.037003
1.134	1.771
0.89015	2.7956
0.48857	2.7619
1.5394	1.1723
-0.86197	0.49929
-0.013536	-0.36945
1.8273	0.024037
0.28698	1.5055
-0.48458	0.37951
0.18016	0.1389
0.51027	-0.59641
-0.32506	-1.0612
0.51598	-0.86236
1.3422	-0.24416
-0.86699	0.62467
-2.0845	0.58349
0.22331	-0.64144
-0.56078	-0.13047
0.33923	-0.045642
-1.2458	2.1029
0.38866	1.5259
-0.9568	2.9191
1.337	0.26583
0.35263	0.69545
-0.22291	-0.62254
0.29272	-0.44946
1.0378	-0.12239
-0.96479	0.020725
-0.053904	-0.91722
1.6495	-1.5446
0.20071	-0.16549
0.2145	0.080482
-0.40975	1.1468
1.6268	-0.85212
2.3611	-1.0925
0.81637	-0.53295
1.255	0.064896
-1.0864	1.2107
-0.24541	0.93853
0.04224	2.0334
-1.0699	1.5324
0.59433	1.0767
-1.0413	0.2929
1.0027	-0.54439
0.071297	-1.0574
-0.057364	-0.86626
-0.14335	-0.38731
-0.080806	-0.31456
-1.1709	-0.55974
-0.95892	0.23161
0.23512	-0.695
-0.96694	0.084127
0.73284	-1.085
-0.65906	-0.48898
0.10208	-0.46324
1.4834	-1.1733
-1.0482	0.97851
1.6215	0.093959
-0.38831	1.1512
-1.7738	2.2909
-1.2449	0.66429
0.22869	-0.99357
-1.5814	-0.26576
0.7044	-1.1673
-0.4673	-0.91306
0.010198	-1.1463
0.6595	-0.68553
-0.24415	-2.0958
0.89317	-1.3676
0.24474	-1.4947
0.66228	-1.2546
-0.8621	-0.058369
-1.3846	-0.69608
-0.11223	-0.88363
0.85407	-0.25456
-0.72067	1.22
0.68851	0.70287
1.3624	0.2552
0.67074	0.69102
0.92453	0.17682
0.65282	-1.46
1.521	-0.80369
-0.25106	-1.0331
0.11558	-0.93268
0.011653	-1.2057
-1.0066	-1.1956
-0.094754	-0.63779
-0.49077	-0.46851
0.75062	-1.1028
-0.4877	-0.38054
1.2417	-1.3157
-1.3946	-0.50018
0.85925	-0.115
0.95155	-0.22433
-0.44202	0.12858
1.8069	0.72638
0.75999	1.7262
1.4787	-0.43844
-1.1047	-0.14692
0.31796	-0.82359
0.10146	-0.53784
0.24674	-1.5349
-2.3213	-0.4172
-0.93595	-0.64178
-0.24486	-0.98539
-0.94088	-0.59436
-0.86357	-0.23309
-0.98743	-0.6608
0.36027	-0.76409
0.80138	-0.1463
-0.51454	0.70736
0.063456	0.4273
0.35348	0.21787
0.76232	1.1756
1.0926	2.2419
-0.080124	2.2092
-0.83794	0.78067
-0.91169	0.097616
1.4426	-0.37208
0.27638	-0.6268
0.57637	0.36281
0.32468	-0.55208
-0.90816	-0.31276
1.0468	-0.87935
-0.88408	-0.9983
-0.044602	-0.54402
0.35524	0.20116
-1.6906	0.52184
-1.0192	0.62048
1.4674	0.19854
-0.13757	0.43272
-1.9971	1.1982
1.4649	1.5236
0.4223	2.1042
1.1087	2.2666
0.63158	1.5817
0.35564	0.19223
-1.1096	0.45321
-0.62831	0.50362
1.3777	-0.41669
-0.20158	-0.33901
-0.52188	-0.27596
-0.84936	-0.15154
0.42281	-0.99831
-0.25091	-0.89542
-1.5151	-0.75789
-0.11757	-0.99152
-1.0562	-0.33411
-2.3509	1.1774
-0.32952	0.49723
1.1195	-0.1049
-1.2109	0.67821
-0.77561	1.9652
0.23906	1.1079
-0.68214	1.0991
1.0649	0.29814
-1.2551	1.307
0.7325	-0.28292
-0.56742	-0.62862
-0.10573	-0.30689
-0.30073	0.35684
-1.1545	0.48529
-0.24921	0.35602
-0.078893	-0.40312
-0.52778	-0.65426
1.4475	-0.53307
-0.44668	-0.76536
1.0816	-0.038462
0.82678	0.89809
0.39856	0.65307
0.67393	0.90748
-0.42698	1.1159
0.73176	0.83985
1.4033	0.09208
-0.10054	0.025099
0.42874	-1.3587
-0.46821	-0.79671
0.49266	-0.69544
-0.52908	-0.61026
-0.26799	-0.06944
0.48737	-0.71001
-0.0029702	0.41366
-1.973	-0.86635
-3.0393	-0.681
-1.577	-0.99075
-2.9533	-1.8487
-2.0835	-1.3425
0.093347	0.43001
1.947	1.9199
0.14522	2.4335
2.2774	-1.4148
-0.11837	-1.9035
-2.0405	-1.1826
-1.0566	-0.20064
2.2769	0.45143
0.66252	1.2515
2.1379	-0.069453
0.83021	-0.45776
-0.35411	-0.28426
0.081798	0.078875
1.2939	1.4338
0.50801	2.7762
0.32794	2.596
1.5299	1.4206
-0.77176	0.33043
-0.086234	-0.54349
1.5448	0.049484
0.38236	1.267
-0.62771	0.30316
0.1209	-0.33604
0.38904	-0.93486
-0.74918	-0.91711
0.43232	-0.52625
1.4737	0.21199
-0.63135	0.24031
-2.4151	0.9255
0.06224	-0.87085
-0.63824	-0.24992
0.58598	0.17415
-1.002	1.8623
0.58185	1.9493
-0.78073	2.9661
1.6117	0.19847
-0.025969	1.0549
-0.27085	-0.51385
0.16584	-0.20003
0.82815	-0.11021
-0.91787	-0.54982
-0.009073	-0.73308
1.4657	-1.8275
-0.073864	-0.0090998
0.15397	-0.22237
-0.057501	1.2217
1.2168	-0.76156
2.2922	-1.328
0.69987	-0.77484
0.89629	-0.023654
-1.2365	0.54209
-0.22908	1.4068
0.26724	2.398
-1.1074	1.2907
0.36131	1.3101
-1.0577	0.090495
1.2638	-0.74022
0.25121	-1.3334
0.35679	-0.69072
-0.16837	-0.039177
0.011627	-0.68087
-1.2965	-0.85255
-1.4803	0.11278
0.29014	-0.77467
-1.0416	-0.30476
0.84465	-0.98806
-0.50126	-0.52849
0.20789	-0.43681
1.6215	-0.52484
-0.96619	0.77735
1.4752	0.80944
-0.29209	1.2795
-2.3109	2.4512
-1.145	1.2366
0.48357	-0.88652
-1.6009	-0.25203
0.044382	-1.1733
-0.45029	-0.77009
-0.13133	-0.80465
0.59254	-0.83405
-0.55374	-1.9994
0.63142	-1.2659
0.80313	-1.509
0.42611	-1.1625
-0.70211	-0.37816
-1.7339	-0.45945
-0.25708	-0.81254
1.0661	-0.14197
-0.58262	1.2397
0.61055	0.92017
1.1605	0.522
0.8971	0.43171
1.3473	0.054055
0.70045	-1.8943
1.6321	-0.59313
-0.50398	-1.2504
0.085957	-0.43576
0.86476	-1.5836
-1.3885	-0.93121
-0.22959	-0.91853
-0.50278	-1.0146
0.53037	-0.89313
-0.53784	-0.30748
0.75872	-1.28
-1.0342	-0.36765
0.88689	-0.087104
0.6611	-0.55501
-0.64322	0.28774
1.5001	0.49591
0.8728	1.51
1.5588	-0.58688
-0.96536	-0.029979
0.15937	-0.74664
-0.16915	-0.53552
-0.083709	-1.5765
-1.9556	-0.73147
-0.99744	-0.50453
-0.22534	-0.95928
-0.42979	-0.51283
-0.90372	-0.046376
-1.0593	-0.3482
0.5928	-0.67143
0.82987	-0.36754
-0.52841	0.4826
0.16562	0.25976
-0.13045	0.19707
0.92703	1.4621
0.93477	1.9362
-0.039528	2.3161
-1.268	1.2142
-0.56945	0.32328
1.3861	-0.42785
0.2956	-0.84312
0.42685	0.1735
0.065367	-0.60529
-0.19961	-0.35467
1.1752	-0.82731
-0.85455	-0.61835
0.33396	-0.59543
0.35574	0.18189
-1.8874	0.7512
-1.0546	1.0997
1.2816	0.24489
0.046999	0.44631
-1.5974	1.7817
1.3465	1.7331
0.20073	2.175
0.73398	1.7903
0.83672	1.8442
0.32663	0.34629
-1.2293	0.86576
-0.23473	0.45204
1.2197	-0.69463
-0.81108	-0.57804
-0.66172	-0.35557
-1.1054	-0.39395
0.27313	-0.79125
-0.33091	-1.0361
-1.5307	-0.80399
0.39687	-1.0179
-1.1764	-0.63759
-1.8891	1.3343
-0.86743	0.6012
1.0094	-0.31816
-1.0314	0.70387
-0.59313	2.0289
-0.099345	0.85761
-0.6644	0.97011
0.89441	0.08858
-1.2999	1.3706
0.99367	-0.33685
-0.54312	-1.0871
-0.013535	-0.61432
-0.10556	0.031971
-1.1192	0.096703
-0.27145	0.42673
-0.065283	-0.67875
-0.93303	-0.39273
1.2017	-0.67197
0.062064	-0.75923
1.4218	0.25956
1.098	0.56534
0.68322	0.86767
0.58499	0.46664
-0.61696	1.4727
0.35293	0.34596
0.95415	0.25091
-0.1393	-0.66931
0.61692	-1.2916
-0.3714	-0.6115
0.35189	-0.46697
-0.22396	-1.0845
-0.038629	-0.1101
0.22438	-0.35968
0.044566	0.27837
-2.1219	-1.0638
-2.7966	-0.90829
-1.5313	-1.0561
-3.13	-1.711
-2.3568	-1.4464
0.44399	0.21685
2.0846	1.807
0.00090059	2.4284
2.2159	-1.3654
-0.18583	-1.7387
-2.0159	-1.4773
-1.2109	0.11079
2.3373	0.2427
0.37324	0.88652
2.0712	-0.20624
0.89855	-1.0203
-0.65512	0.23605
0.35679	0.045572
1.2631	1.834
0.62186	2.8131
0.46466	2.6107
1.5652	1.0091
-0.81294	0.59612
0.56133	-0.69758
1.7694	0.26167
0.35298	1.2853
-0.4081	-0.20809
-0.10077	0.13397
0.56719	-0.83196
-0.81952	-0.60683
0.35411	-0.45043
1.4946	0.34912
-0.90613	0.050407
-1.9127	0.42152
0.25963	-0.71111
-0.45712	-0.094699
0.33578	0.60539
-0.96414	1.8984
0.63118	1.8239
-0.58626	2.7218
1.4771	0.37069
0.11424	0.89945
-0.6871	-0.063896
0.40297	-0.22902
0.85617	-0.085953
-1.0251	-0.43469
0.21597	-0.10986
1.6218	-2.0114
-0.020417	-0.19495
0.0099039	-0.14124
-0.14027	0.96183
1.7918	-0.7136
2.2454	-1.2416
0.58578	-0.80222
1.2011	-0.12776
-0.99238	0.93303
0.10997	1.289
0.17189	2.2138
-1.1966	1.9116
0.33317	1.1642
-1.0242	0.18874
0.84884	-0.60823
0.52608	-0.99942
0.48925	-0.62664
0.027818	-0.38972
-0.099278	-0.42655
-1.339	-0.63218
-1.1509	-0.29237
0.02831	-0.51269
-0.76243	0.06143
0.92455	-1.5164
-0.87606	-0.18779
0.31247	-0.3858
1.3623	-1.1508
-0.90072	0.50741
1.2994	0.3021
-0.031042	1.1515
-1.861	2.2429
-1.0503	1.2576
0.31815	-1.1916
-1.7434	-0.2949
0.025688	-1.2706
-0.50239	-0.50624
0.29065	-0.5568
0.49131	-0.59882
-0.37885	-2.0699
0.49426	-1.3848
0.4505	-1.5619
0.79074	-1.4221
-0.90128	-0.41518
-1.2169	-0.63309
-0.059618	-0.73985
0.75523	-0.27006
-0.76403	1.2364
0.79971	1.0376
1.2167	0.49107
0.88195	0.47573
1.0623	0.10943
0.54647	-1.6175
1.2612	-0.99188
0.20568	-1.069
0.0028145	-0.81291
0.23855	-1.5231
-1.0594	-0.93396
-0.47991	-0.93795
-0.63945	-0.9356
0.47779	-1.0589
-0.25096	-0.59303
0.70466	-1.0076
-1.1505	-0.72622
0.87788	-0.32587
0.71082	-0.21928
-0.90599	0.21004
1.8209	0.83117
0.90695	1.5258
1.53	-0.47041
-1.325	0.2154
0.68731	-0.97435
-0.28288	-0.52859
-0.033133	-1.7646
-1.9476	-0.86356
-1.1974	-0.75414
-0.28538	-1.1534
-0.73788	-0.62557
-0.89391	0.23543
-0.89039	-0.57378
0.47905	-0.45104
0.84865	-0.17356
-0.22676	0.30292
0.26729	0.43618
0.11123	0.33789
0.66777	1.1587
1.1036	1.9286
-0.2623	2.536
-1.5502	1.2464
-0.74222	0.15193
1.6351	-0.73214
0.20902	-0.95614
0.26132	0.97451
0.55376	-0.8611
-0.27058	-0.74841
1.4555	-1.0061
-0.76536	-0.79173
-0.16959	-1.0065
0.39227	0.046931
-1.7918	1.2195
-1.3822	0.31114
1.6358	0.059967
-0.33673	0.39282
-1.6061	1.399
1.641	1.556
0.4678	2.1801
0.47389	1.8981
0.35822	1.5508
0.29579	0.49752
-1.0215	0.30439
-0.41233	0.36413
1.1972	-0.4818
-0.23123	-0.5429
-0.47656	-0.40949
-1.1547	-0.12273
0.37497	-0.93841
-0.10264	-0.55085
-1.5921	-1.1066
0.23263	-1.1335
-0.77806	-0.2525
-2.0667	1.4123
-0.45548	0.44542
1.0071	-0.35224
-1.2231	1.0574
-0.74727	1.886
0.13904	1.2407
-0.27011	0.73457
1.2989	-0.01557
-1.3281	1.1624
0.79123	-0.71063
-0.19169	-1.0321
0.3014	-0.46838
-0.52985	0.39829
-0.997	0.20512
-0.36944	0.41986
-0.10629	-0.61699
-0.47315	-0.14527
1.1837	-0.62315
0.037188	-0.72606
1.256	0.16323
0.84621	0.79106
0.32836	1.0894
1.0322	0.50315
-0.26861	1.2695
0.27329	0.51979
0.99415	0.20063
0.038524	-0.10244
0.62429	-1.2593
-0.32164	-0.43253
0.42184	-0.78139
-0.62623	-0.68737
-0.31124	-0.12896
0.33645	-0.54352
-0.037556	0.17559
-2.0463	-1.0273
-2.8417	-0.86393
-1.4141	-1.0844
-3.3383	-1.4368
-2.0725	-1.1578
0.15189	-0.04209
2.1382	1.8657
-0.026648	2.482
2.2959	-1.2813
-0.14407	-1.8961
-2.0432	-1.2886
-0.89009	-0.40839
2.5297	0.44843
0.057292	1.2797
1.8345	0.17071
0.78325	-0.83969
-0.2182	0.34525
0.40482	-0.03658
1.2118	1.9315
0.71016	2.5706
0.53552	2.5508
1.6014	1.0621
-0.9462	0.6488
0.24198	-0.64873
1.6824	-0.1147
0.12275	1.5105
-1.0044	0.044098
0.27356	-0.2199
0.29876	-0.62393
-0.61343	-0.88094
0.093967	-0.89347
1.3892	0.42818
-0.72624	0.4008
-2.3175	0.59365
0.24984	-0.45694
-0.30076	-0.45944
0.36402	0.13758
-1.131	1.6146
0.60802	1.9172
-0.74588	2.8141
1.2573	0.02488
0.16664	0.84107
-0.55871	-0.2777
0.13832	-0.3148
0.88711	-0.013539
-1.2904	-0.56589
0.0040674	-0.55254
1.1502	-2.1934
-0.0071874	-0.088892
0.081695	0.063452
0.070429	1.2487
1.917	-0.76914
2.1487	-0.84389
0.74262	-0.71803
1.307	0.28602
-1.1348	0.92357
0.085868	1.0421
0.076018	2.0372
-1.3709	1.7772
0.32305	1.206
-0.89031	0.33053
0.94546	-0.81076
0.68422	-0.96077
0.21886	-0.58075
-0.4838	-0.13139
0.13238	-0.52842
-0.97895	-0.50169
-1.6424	0.0081263
0.18937	-0.78117
-0.54256	-0.14507
1.1437	-1.073
-0.47541	-0.28974
0.12666	-0.55128
1.4523	-0.84633
-0.79086	0.63489
1.4927	0.54318
-0.21747	1.1756
-1.9352	2.5619
-1.034	1.1097
0.12355	-0.97066
-1.4774	-0.25772
-0.17634	-1.0044
-0.1553	-0.34534
0.21775	-0.97957
0.10036	-0.85329
-0.27568	-1.9042
0.7716	-1.3708
0.21027	-1.4449
0.46583	-1.3291
-0.74319	-0.14763
-1.4872	-0.67636
-0.33694	-0.81198
0.71274	-0.28405
-0.64376	1.0459
0.21338	1.1303
1.1538	0.79363
0.75899	0.63293
1.1437	0.2898
0.64613	-1.7886
1.303	-1.0779
-0.49128	-1.2566
-0.0086265	-0.74675
0.36291	-1.4977
-0.90539	-0.95499
-0.3084	-0.80429
-0.94537	-0.5198
0.37089	-0.95767
-0.75165	-0.28927
1.0804	-1.1221
-1.3566	-0.39015
0.78658	-0.33226
0.80942	-0.21124
-0.66129	0.55694
1.4478	0.95699
1.12	1.4164
1.3859	-0.41743
-0.94346	0.15426
0.31127	-0.90688
-0.13832	-0.48972
0.43241	-1.5988
-2.4047	-0.38968
-1.2049	-0.55288
0.0040745	-1.1957
-0.56792	-0.584
-1.0093	-0.082794
-1.1054	-0.55922
0.6843	-0.77011
0.78787	-0.25897
-0.31983	0.55273
0.044078	0.052657
0.054013	0.027727
0.85597	1.1945
0.85203	2.0891
0.12399	2.41
-1.1654	1.1573
-0.31571	0.027979
1.6434	-0.52845
0.39149	-0.74857
-0.033343	0.6564
0.28943	-0.1709
-0.55331	-0.39905
1.0943	-0.78206
-0.71894	-0.89161
-0.31367	-0.69347
0.65774	-0.023161
-1.6618	0.86274
-0.96806	0.82046
1.3393	0.11709
-0.42914	0.39921
-1.6379	1.3328
1.423	1.3303
0.67968	2.2686
0.56083	1.5314
0.67719	1.487
0.18667	0.16675
-0.99685	0.47257
-0.58062	0.26265
1.0822	-0.4185
-0.10133	-0.51883
-0.99636	-0.35409
-1.0753	-0.51435
0.44416	-0.7207
-0.21359	-0.7876
-1.5055	-0.93653
0.36408	-1.3728
-1.2868	-0.01633
-1.7365	1.319
-0.73755	0.76509
1.197	-0.14935
-1.03	0.56368
-0.64479	2.0178
0.54282	0.77017
-0.66325	1.1468
1.0093	-0.17791
-1.4228	1.0577
0.99215	-0.40911
-0.3	-0.90542
0.055288	-0.59839
-0.4445	0.64989
-0.84284	0.24742
-0.44564	-0.15376
0.080883	-0.53505
-0.55952	-0.39191
0.91754	-0.74998
-0.015424	-0.60014
1.2519	-0.2913
1.0171	0.53276
0.47101	1.1396
0.71368	0.45574
-0.2602	1.2773
0.62543	0.92393
1.2572	0.64403
-0.44887	0.35251
0.49379	-1.4243
-0.41981	-0.62163
0.6357	-0.68986
-0.36843	-0.63173
-0.35979	-0.094303
0.30517	-0.56673
0.10274	0.29531
-2.3253	-1.0272
-2.8311	-0.90493
-1.427	-1.0551
-3.3327	-1.4812
-1.8951	-1.4257
0.32998	0.53781
2.1006	1.6831
-0.34655	2.6248
2.1913	-1.333
-0.28951	-2.1843
-2.0765	-1.1162
-0.93589	-0.34075
2.4356	0.67162
0.071691	1.311
1.7815	0.18918
1.3991	-0.62652
-0.71608	0.19065
0.14315	-0.15023
0.89528	1.9331
0.91323	2.8661
0.28634	2.2737
1.6384	1.1821
-0.94105	0.83471
0.16296	-0.69743
1.6645	-0.14052
0.65273	1.4316
-0.74224	0.15223
0.14676	-0.041634
0.38994	-1.0729
-0.71312	-0.88795
0.13888	-0.61631
1.3616	0.077233
-0.7847	0.44355
-2.0286	0.72377
0.10267	-0.90958
-0.12353	0.12052
0.11956	0.20825
-0.87087	1.8117
0.42416	1.6132
-0.80515	3.0344
1.2788	0.24916
0.45601	0.8347
-0.26162	-0.37061
0.17411	-0.22091
0.96639	-0.4189
-0.58879	-0.32376
-0.18126	-0.79251
1.7639	-1.7749
-0.19201	0.044669
0.31447	-0.16198
-0.049461	1.2247
1.5228	-0.6282
2.4985	-1.4647
0.63719	-0.90253
1.1994	-0.28276
-1.0154	0.69342
0.057713	1.2351
0.0056348	1.8718
-1.3569	1.472
0.27721	1.1081
-0.56676	0.012741
0.93551	-0.76015
0.63076	-0.84172
0.57005	-0.75498
-0.23875	-0.4613
-0.46116	-0.70254
-1.0652	-0.71507
-1.1796	0.39252
-0.19969	-0.64159
-1.0051	-0.17627
0.70314	-0.70053
-0.65289	-0.71396
0.29058	-0.3265
1.551	-1.0231
-0.81463	0.84295
1.4325	0.44736
-0.1989	1.3828
-2.0381	2.0887
-1.1078	1.0161
0.32886	-1.1835
-1.7356	-0.052831
0.43426	-0.96508
-0.41634	-0.81198
-0.085725	-0.96553
0.5974	-0.88305
-0.55784	-2.311
0.79592	-1.2295
0.41699	-1.3472
0.35928	-1.2177
-1.1628	0.051643
-0.929	-0.47814
-0.33512	-0.68327
0.97054	-0.25672
-0.5641	1.427
0.58406	0.80751
1.6942	0.55496
0.83172	0.38092
1.264	-0.23558
0.77563	-1.6859
1.2868	-0.54351
-0.21243	-0.98744
0.16141	-0.69202
0.27725	-1.6252
-1.003	-1.2159
-0.18579	-0.4297
-0.60943	-0.98298
0.38907	-0.73997
-0.44486	-0.10209
0.84923	-1.126
-1.0162	-0.20357
0.99498	-0.30122
1.0846	-0.28674
-0.78853	0.20076
1.6819	0.9016
0.80307	1.1861
1.6732	-0.25407
-1.3083	-0.053032
0.53898	-0.96716
-0.51285	-0.39394
0.22972	-1.6073
-2.2285	-1.0572
-0.96175	-0.64793
-0.25531	-1.3031
-0.59891	-0.19912
-0.88681	-0.063018
-1.0529	-0.35964
0.50609	-0.47858
1.0032	-0.41972
-0.55715	0.50392
-0.21929	0.2432
-0.043802	0.28891
1.0469	0.93047
0.77162	2.0318
0.10419	2.3345
-1.2359	1.319
-0.69621	0.17768
1.2925	-0.25333
-0.087536	-1.1089
0.46448	0.77827
0.28416	-0.46703
-0.64846	-0.75861
1.1859	-0.58741
-0.91917	-0.88312
0.4606	-0.81269
0.25011	0.16119
-1.6814	0.52733
-1.0557	1.0258
1.5659	-0.028311
-0.2819	0.40692
-1.9435	1.5378
1.5324	1.4771
1.1709	2.3462
0.48547	1.7959
0.46527	2.0878
0.30567	0.55105
-0.97121	0.43003
-0.091761	0.12303
1.4273	-0.72544
-0.4528	-0.499
-0.6486	-0.25434
-0.93394	-0.21402
-0.095112	-0.50428
-0.13359	-0.68385
-1.4615	-1.0248
0.49601	-1.1944
-1.0861	-0.25614
-2.1503	1.5722
-0.6136	0.21819
0.72171	-0.35158
-1.4767	0.57872
-0.62606	2.355
0.19753	0.62666
-0.55632	1.1613
0.59487	-0.3456
-1.2326	0.90139
0.87983	-0.3165
-0.72549	-1.0536
0.0026515	-0.44889
-0.63687	-0.11725
-1.2574	0.14123
-0.41172	0.42782
-0.031243	-0.67214
-0.32864	-0.55803
1.1903	-0.62894
-0.14491	-0.24564
1.0151	-0.085227
1.0198	0.71684
0.91289	0.95751
0.33499	0.76987
-0.18474	1.5877
0.25245	0.49194
1.1406	0.49096
-0.27636	-0.15212
0.5494	-1.3049
-0.32714	-0.61974
0.33769	-0.51971
-0.78409	-0.75157
0.18716	-0.4402
0.48361	-0.59965
0.097877	0.063428
-1.8357	-0.82947
-2.5704	-0.80844
-1.5213	-0.60621
-3.2516	-1.2623
-2.0098	-1.4295
0.44123	0.35505
2.2323	2.021
-0.13076	2.4078
2.426	-1.3328
-0.30962	-1.9121
-2.3071	-1.0336
-0.8358	-0.23191
2.3265	0.51475
0.57364	1.3653
1.8445	-0.065985
0.77642	-0.60424
-0.49832	0.3134
-0.12324	-0.092362
0.9925	1.8051
0.59414	2.7045
0.46591	2.7449
1.4692	0.9859
-1.0155	0.70685
0.49087	-0.73812
1.8169	-0.015178
0.41494	1.1889
-0.7998	-0.14249
-0.082992	-0.25619
0.19419	-0.8057
-0.52911	-1.0567
0.11074	-0.72067
1.5443	0.30606
-0.61266	0.47985
-2.1699	0.74119
0.12746	-0.83801
-0.19966	0.17641
0.63598	0.27492
-1.0902	1.388
0.8041	1.9648
-1.1558	2.7165
1.678	0.44544
0.0027923	1.0579
-0.60157	-0.39579
0.23527	-0.45256
1.1187	-0.36041
-0.89821	-0.24446
-0.38794	-0.20492
1.4902	-1.8019
-0.32015	-0.0056664
0.17172	-0.055636
-0.18216	1.2553
1.4948	-0.60645
2.1366	-1.1436
0.48959	-0.53977
0.93237	0.084687
-0.94469	0.95873
-0.16571	1.4055
0.0216	2.0738
-1.1157	1.9289
0.34545	0.86456
-0.52162	-0.045881
1.041	-0.87563
0.50369	-1.1717
0.27862	-0.58276
-0.43611	-0.095585
0.067794	-0.68445
-1.1432	-0.69877
-1.0729	0.034677
0.11106	-0.73307
-1.0229	-0.23836
0.72731	-0.87603
-0.4784	-0.27427
0.038211	-0.70661
1.6559	-0.84113
-0.97505	0.83172
1.4116	0.58933
-0.024875	0.96281
-1.9475	2.455
-1.3007	1.1262
0.10491	-0.85917
-1.4288	-0.24031
0.22632	-1.0101
-0.48674	-0.60524
-0.30477	-0.57405
0.37374	-0.56206
-0.24924	-2.0946
0.92735	-1.1854
0.43344	-1.3535
0.59588	-1.4932
-0.55441	-0.23293
-1.4533	-0.31055
-0.59041	-0.97908
0.90857	-0.52647
-0.72039	1.3951
0.071196	0.76071
0.97753	0.74008
0.90287	0.46306
0.99626	-0.19919
0.70304	-1.56
1.4587	-1.0258
0.032571	-1.3269
0.18885	-0.55704
0.13477	-1.106
-1.2685	-0.96648
-0.3268	-0.89654
-0.51455	-0.91451
0.45754	-0.85965
-0.29163	-0.25448
0.92624	-1.0338
-1.2542	-0.45685
0.9703	-0.073569
0.874	-0.24788
-0.96543	0.25218
1.628	0.92168
0.93107	1.7016
1.3821	-0.55537
-0.97969	0.0098939
0.38586	-0.78871
-0.13961	-0.64822
0.30765	-1.5421
-2.0652	-0.50318
-0.90592	-0.72891
-0.38105	-1.5951
-0.89985	-0.77539
-0.81636	0.0075385
-1.0463	-0.7495
0.44207	-0.55822
0.7072	-0.24656
-0.39813	0.46098
0.16173	0.36165
0.017571	0.17569
1.0878	1.0856
0.98365	2.0941
0.047261	2.5282
-1.2639	1.2029
-0.39377	0.44665
1.4849	-0.78447
0.25831	-0.49576
0.19073	0.7166
-0.023909	-0.4421
-0.80684	-0.75685
1.0888	-0.87588
-0.86064	-1.0002
-0.57239	-0.79805
0.58305	0.15808
-1.6388	0.91061
-0.78593	0.81068
1.2157	0.048412
-0.059064	0.67049
-1.9769	2.0028
1.5588	1.4867
0.54496	2.2101
0.89232	2.0095
0.56287	1.7865
0.3915	0.45775
-0.71749	0.72147
-0.47642	0.45307
1.2132	-0.34108
-0.20424	-0.3803
-0.77606	-0.43608
-1.1004	-0.4643
0.28998	-0.81744
0.0061919	-0.51237
-1.6475	-1.3103
0.31671	-1.1663
-0.75476	-0.34644
-1.8007	1.3785
-0.53561	0.41949
1.1644	-0.087974
-1.4528	0.92531
-0.52689	1.9912
0.20891	0.98877
-0.40116	0.97757
0.89144	-0.13683
-1.4218	1.0131
0.89908	-0.35947
-0.12745	-0.99226
-0.20244	-0.49232
-0.7511	0.35473
-0.87084	0.20562
-0.48839	0.4255
-0.020403	-0.22486
-0.24435	-0.42867
1.1377	-0.85943
-0.38436	-0.084625
1.1643	0.056853
1.0032	0.67216
0.24176	0.98588
0.74708	0.81483
-0.30342	0.83984
0.58293	0.42956
1.3814	0.43379
-0.17785	-0.46487
0.57591	-1.2245
-0.19564	-0.70299
0.70541	-0.45288
-0.64701	-0.96173
-0.15722	0.27153
0.085352	-0.57217
0.058596	0.33279
-1.8137	-0.95799
-3.0305	-0.54274
-1.5019	-1.3647
-3.194	-1.6585
-1.9871	-1.5222
0.076434	0.3919
2.333	2.1906
-0.41245	2.7063
2.3407	-1.0643
-0.78414	-1.7705
-2.3186	-0.95709
-1.0144	-0.3046
2.4624	0.56995
0.25186	1.0317
1.7809	0.033511
0.90909	-0.70981
-0.6061	0.59335
0.48169	-0.28434
1.32	1.8253
0.68418	2.5454
0.64814	2.8404
1.453	1.1724
-0.97889	0.87545
0.26634	-0.57466
1.6414	0.16343
0.28848	1.205
-0.80811	-0.059141
-0.16188	-0.044573
0.67204	-0.98183
-0.48469	-1.1021
0.43733	-0.67158
1.5263	0.11626
-0.65807	0.3701
-2.3241	0.69999
0.18234	-0.51535
-0.30969	0.021156
0.68335	0.33362
-1.0287	1.8865
0.77526	1.7925
-1.0368	2.9008
1.3996	0.32104
0.18049	0.83753
-0.28269	-0.13838
0.45154	0.00016578
0.84775	0.013082
-1.082	-0.3556
0.072062	-0.75519
1.4557	-1.8822
-0.010904	-0.041553
-0.026571	-0.10296
-0.13448	0.95632
1.7642	-0.56474
2.4839	-1.1231
0.43393	-1.085
1.2254	0.48497
-1.1164	0.78124
-0.061759	1.4012
0.23693	1.9389
-1.4417	1.6378
0.5708	1.2236
-0.9202	0.10519
0.76016	-0.6715
0.58135	-1.4323
0.19996	-0.58848
0.1959	-0.37708
0.039165	-0.27721
-1.4708	-0.65299
-1.5023	0.378
0.15297	-0.63322
-1.1554	-0.15207
1.0763	-1.2416
-0.77129	-0.40426
0.091925	-0.30577
1.6945	-1.135
-1.076	0.51618
1.5733	0.4707
-0.59714	1.0168
-2.1654	2.1204
-0.78988	1.1643
0.42669	-1.1941
-1.771	-0.18063
0.20137	-0.9298
-0.36278	-0.5938
-0.053815	-0.79256
0.52087	-0.58132
-0.10199	-2.2983
0.77273	-1.1302
0.29222	-1.4342
0.54411	-1.3049
-0.99694	0.11807
-1.4019	-0.26204
-0.31532	-0.83892
0.7357	-0.22298
-0.76155	0.81344
0.37731	0.97115
1.376	0.75682
0.8877	0.54066
1.2562	0.23472
0.91263	-1.2815
1.5748	-0.56369
-0.10762	-0.7706
0.13873	-0.66846
0.05175	-1.5709
-1.0628	-1.0075
-0.28941	-0.90497
-0.72663	-0.78894
0.38773	-0.92264
0.01334	-0.63401
0.69696	-0.95445
-0.98215	-0.75546
1.0191	-0.21824
0.65878	-0.21425
-0.85379	0.34518
1.8361	0.3961
0.61337	1.5444
1.3655	-0.51974
-1.1295	-0.2581
0.24226	-0.91806
-0.25891	-0.67757
0.087624	-1.327
-2.3246	-0.69802
-1.024	-0.82612
-0.33233	-1.1092
-0.82544	-0.55759
-1.0493	-0.11421
-1.094	-0.77926
0.70278	-0.76798
0.49444	-0.31862
-0.27411	0.15194
-0.025245	-0.020882
0.27001	0.14122
0.49125	1.1931
1.0644	2.2745
0.15441	2.6204
-0.93188	1.2792
-0.98988	-0.00072914
1.8512	-0.37554
0.46429	-0.45553
0.45057	0.56405
0.35929	-0.36648
-0.1537	-0.70326
1.3848	-0.76104
-0.80396	-1.0445
0.23085	-0.5625
0.48589	-0.041537
-1.7948	0.88691
-1.0475	0.70843
1.6583	0.13343
-0.20987	0.45595
-1.6954	1.5165
1.4284	1.3403
0.58463	2.3902
0.51517	1.8184
0.57204	2.0682
0.48049	0.59914
-1.0215	0.8491
-0.22828	0.1246
1.4133	-0.61873
-0.16793	-0.51406
-0.38184	-0.66302
-1.3636	-0.53497
0.50691	-0.71386
0.20448	-0.74342
-1.5164	-1.1928
0.16549	-1.4047
-0.82202	-0.57939
-2.4457	1.3304
-0.94582	0.47034
1.1522	-0.4823
-1.4246	0.57961
-0.78517	2.1619
0.2262	1.0079
-0.12675	0.75138
0.82101	0.38909
-1.1629	0.95061
0.61373	-0.20106
-0.44289	-0.93833
-0.025808	-0.27672
-0.59576	0.46786
-0.85816	0.23448
-0.30267	0.2923
-0.091146	-0.46495
-0.1255	-0.83446
1.3302	-0.9883
-0.28918	-0.21342
1.254	0.26603
1.0971	0.59449
0.51441	0.6813
0.41295	0.83783
-0.32121	1.2675
0.67903	0.49917
1.1283	0.3067
-0.21517	-0.39045
0.45118	-1.3019
-0.17014	-0.64922
0.66765	-0.90928
-0.3503	-0.77968
0.017142	-0.1999
0.76227	-0.86144
-0.094956	0.32308
-1.9025	-0.91805
-2.649	-0.80731
-1.6503	-1.1284
-3.2035	-1.5554
-1.738	-1.5657
0.11778	0.45212
2.2449	1.6605
-0.22988	2.6613
2.0051	-1.4246
-0.5446	-2.1158
-2.1412	-0.87527
-1.0066	0.044474
2.1655	0.48269
0.068943	1.0396
1.8906	-0.1611
0.9711	-0.93051
-0.52059	0.095746
0.26499	-0.12181
1.1006	1.776
0.67613	2.6475
0.26222	2.9122
1.5275	1.1665
-0.74167	0.57128
0.17978	-0.70256
1.607	-0.40389
0.46125	1.3775
-0.64192	0.14833
0.56547	0.10953
0.22009	-0.97696
-0.62719	-0.70549
0.18261	-0.72992
1.7345	0.046432
-0.81969	0.60942
-2.243	0.80366
0.33015	-1.005
-0.44613	-0.3051
0.38018	0.51462
-0.77557	1.5428
0.69601	1.982
-0.83392	3.0919
1.3063	0.54707
0.11037	0.81623
-0.19738	-0.58927
0.14564	-0.64145
0.9462	-0.19396
-0.6741	-0.4838
-0.0093054	-0.47378
1.686	-2.1851
-0.091588	0.095385
0.16215	-0.066934
-0.20673	0.95312
1.377	-0.62549
2.6737	-1.4586
0.54294	-0.88397
0.95146	-0.048429
-0.82282	0.93126
-0.12855	1.2533
-0.034122	2.178
-1.0088	1.4868
0.31434	1.6767
-0.91437	0.20373
0.78473	-0.71501
0.52862	-1.1147
0.1904	-0.99198
-0.68807	-0.071419
-0.053264	-0.21754
-1.4781	-0.81026
-1.6032	-0.079257
0.10175	-0.73185
-1.2903	-0.17136
0.62026	-1.1432
-0.83578	-0.58664
0.41812	-0.5474
1.4928	-0.86104
-0.91535	0.68783
1.3563	0.48406
-0.42456	0.99933
-1.8618	2.4073
-0.98059	0.89578
0.35199	-1.3029
-1.1716	-0.16341
0.12084	-1.0143
-0.55172	-0.71498
-0.080271	-0.6121
0.20599	-0.7183
-0.38898	-2.3536
0.87864	-1.2978
0.8196	-1.1938
0.63376	-1.5111
-0.95735	-0.61923
-1.4839	-0.62776
-0.15317	-0.98973
0.43034	-0.31126
-0.69617	1.1559
0.4601	0.39413
0.96288	0.92058
0.99943	0.38134
0.93453	0.070978
0.47152	-1.489
1.4629	-1.103
-0.49301	-1.2296
0.06282	-0.97357
0.22347	-1.2933
-1.4682	-1.047
-0.010092	-0.65738
-0.22749	-0.58346
0.48701	-0.81489
-0.41658	-0.23439
1.0882	-1.0966
-1.2081	-0.60156
0.79581	-0.019832
1.1356	-0.23527
-0.92627	0.47026
1.5905	0.94069
0.49684	1.1592
1.2053	-0.26703
-1.1737	0.10119
0.45297	-0.97888
0.064108	-0.80719
0.19194	-1.7753
-2.2563	-0.80797
-0.9299	-0.41025
-0.0047529	-1.1916
-0.83534	-0.60137
-1.1591	0.092355
-0.90191	-0.94495
0.6445	-0.82355
0.98182	-0.2522
-0.52727	0.40088
0.060414	0.33814
0.19646	0.30574
0.71078	1.0781
0.89839	2.1809
0.37797	1.9678
-1.3279	1.1606
-0.27736	0.27708
1.9271	-0.46823
0.45658	-0.6533
0.61978	0.41504
0.16507	-0.41341
-0.74821	-0.29458
1.0547	-0.94279
-0.82497	-1.0053
-0.20729	-0.86986
0.33625	0.60308
-1.5772	0.84761
-0.92464	0.41334
1.1617	-0.068678
-0.15702	0.69082
-2.0554	1.7228
1.4648	1.4664
0.77764	2.2066
0.29698	2.1125
0.76191	1.6574
0.20213	0.36446
-1.0953	0.41215
-0.11565	0.2461
0.79704	-0.71968
-0.58397	-0.95366
-0.51738	-0.46236
-1.2491	-0.13025
0.4842	-0.64901
-0.21872	-0.92125
-1.3825	-0.92394
0.21154	-1.1005
-0.94576	-0.58722
-1.8315	1.4425
-0.91551	0.64137
1.024	-0.36704
-1.1163	0.6645
-0.68503	2.0669
0.37359	0.50942
-0.78393	0.73524
0.99995	0.12025
-1.4081	0.8653
0.9008	-0.26395
-0.61658	-0.77907
-0.12106	-0.39967
-0.42102	0.38209
-1.2381	0.15452
-0.21981	0.34901
-0.15904	-0.48767
-0.3642	-0.32089
1.3243	-0.80027
-0.39504	-0.13586
0.94865	0.12211
1.0188	0.60584
0.61655	1.0525
0.66376	0.62052
-0.24329	1.292
0.53288	0.40534
0.92786	0.5084
-0.060416	-0.36203
0.91093	-1.3831
-0.39742	-1.0508
0.82348	-0.77155
-0.57551	-0.58695
-0.33803	0.25123
0.17947	-0.31863
-0.069516	0.093224
-2.1164	-0.9757
-3.1555	-0.9908
-1.7463	-1.2662
-2.9069	-1.7647
-2.0402	-1.3161
0.39888	0.38047
2.18	1.9694
-0.11796	2.4123
2.404	-1.4526
-0.1954	-1.9997
-2.2988	-1.2578
-0.8323	-0.30733
1.9717	0.61182
0.52031	1.0214
1.9013	0.11642
1.1269	-0.65157
-0.44909	0.23325
0.41319	-0.19694
0.98385	1.6315
0.71872	2.4768
0.39444	2.5803
1.6743	0.9256
-1.0247	0.39682
-0.0034713	-0.58787
1.6012	-0.14899
0.39156	1.4666
-0.67504	0.3639
0.39286	-0.27251
0.8795	-0.80224
-0.99927	-0.53464
0.14167	-0.59046
1.2038	0.28825
-0.78621	0.35498
-2.0303	0.90438
-0.17642	-0.92923
-0.68291	-0.24682
0.5018	0.49522
-0.87699	1.4173
0.5606	2.0059
-0.68912	2.9137
1.7178	0.25172
0.31823	0.9741
0.20592	-0.078272
0.063318	0.019821
1.0114	0.08045
-0.94176	-0.51409
-0.33788	-0.75591
1.4345	-1.838
0.11304	-0.18025
0.020833	-0.1578
0.098133	1.0579
1.3139	-0.6876
2.4156	-1.4803
0.32664	-0.79204
1.0871	0.26516
-1.1915	1.0278
-0.097121	1.3589
-0.038319	2.2354
-1.1325	1.5781
0.48082	1.1127
-1.0779	0.51537
1.0251	-0.68329
0.47992	-1.5876
0.45307	-0.78759
-0.12958	-0.2059
-0.031015	-0.54088
-1.4291	-0.37238
-1.0696	0.21522
0.10906	-0.5685
-0.75315	-0.43732
0.9143	-1.3479
-0.7444	-0.32409
-0.0117	-0.42582
1.9255	-0.72829
-0.92211	0.30133
1.2237	0.25399
-0.35131	0.89473
-2.0441	2.3724
-0.92186	1.1111
0.26208	-1.0958
-1.544	-0.54309
0.058644	-1.2465
-0.29244	-0.76559
0.0065177	-0.85788
0.32293	-0.82311
-0.20776	-2.1501
0.66541	-1.2701
0.46493	-1.3812
0.8543	-1.0468
-0.95914	-0.18649
-1.6301	-0.16721
-0.57129	-0.73626
0.8305	-0.36246
-0.87953	0.9726
0.68887	0.72794
1.4822	0.51418
0.94196	0.75234
1.0014	-0.070632
0.70099	-1.8164
1.6289	-0.93016
-0.10939	-0.94414
-0.023919	-0.52987
0.22676	-1.3448
-1.096	-0.80866
-0.23988	-0.71891
-0.66254	-0.72816
0.48238	-0.71789
-0.18039	-0.3577
0.86957	-1.1
-1.4007	-0.62016
0.91632	-0.48223
0.622	-0.021587
-0.5891	0.52986
1.8018	0.66415
0.84285	1.5228
1.6556	-0.65156
-0.89056	0.27386
0.53481	-0.83529
-0.36905	-0.46086
0.63893	-1.8901
-2.0677	-0.90081
-0.65954	-0.85792
-0.043856	-1.3926
-0.28322	-0.61584
-0.83168	0.017084
-1.1079	-0.41739
0.58056	-0.77075
0.65334	-0.73694
-0.70754	0.33636
0.059544	0.46542
0.50489	0.28078
0.77072	1.067
1.0557	1.8433
0.19185	2.3543
-1.3637	1.1862
-0.19707	0.37274
1.7186	-0.55495
0.39191	-0.90815
0.12369	0.41481
0.22319	-0.56386
-0.45229	-0.88706
0.83079	-0.79622
-0.70842	-0.78429
-0.12423	-0.77469
0.46019	0.34774
-1.638	1.1221
-0.90205	0.4253
1.5857	0.17101
-0.30165	0.47536
-1.7607	1.6379
1.388	1.5764
0.36064	2.3431
0.67783	1.78
0.66505	1.8659
1.0405	0.67818
-0.99664	0.20412
-0.38453	0.1426
1.1162	-0.18225
-0.29675	-0.7763
-0.51065	-0.50731
-1.053	-0.23042
0.36958	-0.92679
0.013577	-0.63208
-1.7213	-0.88058
0.18885	-1.2575
-1.1029	-0.31726
-2.1005	1.2178
-0.57927	0.5685
1.2477	-0.50055
-1.2988	0.83003
-0.59813	1.8614
0.15638	0.43244
-0.46557	0.76037
1.0097	0.10186
-1.2302	1.1481
0.75791	-0.40983
-0.30331	-1.0905
-0.12741	-0.28489
-0.3353	0.050803
-0.84234	0.11443
-0.12405	0.21408
-0.045119	-0.62494
-0.3677	-0.51957
1.2041	-0.67118
0.038598	-0.84141
1.2128	-0.17117
0.82187	0.54198
0.60313	0.63967
0.95815	0.76725
-0.74521	1.1865
0.37314	0.37012
1.4959	0.55419
0.0022054	-0.062906
0.50188	-1.152
-0.39066	-0.74759
0.45627	-0.56708
-0.74143	-0.56803
0.047151	-0.53785
0.19452	-0.30292
-0.17514	0.17712
-2.1712	-0.6173
-3.0591	-1.0924
-1.8583	-1.0658
-3.1546	-1.6752
-1.8908	-1.4174
0.58621	0.22753
2.2963	1.5888
-0.056393	2.5835
2.0122	-1.6163
-0.11343	-2.1993
-2.1344	-0.97308
-1.0977	-0.30847
2.7777	0.39167
0.086554	1.1758
1.8525	0.12841
0.60925	-0.8313
-0.43292	0.14363
0.20527	0.21361
0.69995	2.0029
0.6107	2.7827
0.73589	2.672
1.6022	0.84759
-1.1404	0.618
0.29776	-0.80443
1.5384	0.10711
0.45517	1.4565
-1.0297	0.11404
0.32707	0.070602
0.18903	-0.74351
-0.78078	-0.76753
0.55845	-0.57156
1.618	0.025287
-0.48905	0.83935
-2.2819	0.61588
0.18479	-0.5752
-0.51705	-0.20838
0.57129	0.26077
-0.85282	1.7545
0.37143	1.6892
-0.61666	2.6664
1.6717	0.34679
-0.026293	0.66077
-0.64871	-0.17834
0.057925	-0.6275
0.73553	-0.22261
-0.97808	-0.52131
0.15814	-0.68079
1.5579	-1.8497
-0.25761	0.00787
0.45007	0.13061
-0.072211	1.0284
1.404	-0.68565
2.2062	-0.98516
0.63704	-1.0881
0.88228	0.30957
-1.2525	1.0867
0.026247	1.3737
-0.0027339	2.0311
-1.2091	1.5325
0.57686	1.4697
-0.55217	0.13017
0.89722	-1.0084
0.31652	-0.82517
0.52193	-0.64624
-0.21246	-0.10515
-0.14121	-0.56594
-1.3399	-0.52567
-1.3012	0.232
0.13855	-0.56073
-0.88467	-0.19679
0.92478	-0.9266
-0.68238	-0.36602
0.25742	-0.34949
1.5812	-0.99454
-1.0198	0.54188
1.5549	0.55529
0.23951	0.70396
-1.9983	2.2344
-1.0249	0.96202
0.25926	-0.84419
-1.4199	-0.14934
0.33283	-1.4392
-0.50681	-0.66452
0.088174	-1.0585
0.18169	-0.81473
0.004521	-1.9739
0.49254	-1.2398
0.46588	-1.4443
0.22011	-1.3494
-0.9519	-0.39493
-1.2413	-0.51761
-0.31032	-0.83004
0.5238	-0.27655
-0.59498	1.1144
0.53256	0.73414
1.4354	0.38529
0.74728	0.55905
0.89854	0.23563
0.68588	-1.9628
1.4031	-0.54944
0.10862	-0.98024
0.039324	-0.81626
0.40645	-1.4883
-1.065	-1.153
-0.25426	-0.81384
-0.77328	-0.95015
0.45821	-0.59642
-0.22563	-0.35873
0.79143	-1.1823
-1.2177	-0.19947
0.62022	-0.66723
0.80604	-0.083975
-0.76128	0.1649
1.7558	0.53406
0.7571	1.3452
1.3848	-0.58859
-0.8564	0.31701
0.32044	-0.90757
-0.47825	-0.66137
0.1653	-1.5695
-2.3407	-0.80386
-0.97394	-0.62343
-0.41226	-0.86802
-0.59426	-0.7752
-1.0056	0.19429
-0.92685	-0.64571
0.64449	-0.87074
0.67648	-0.28144
-0.38786	0.21049
0.34372	0.43654
0.50558	0.37736
1.1425	1.3986
0.79017	1.9108
-0.091747	2.4531
-1.2775	1.2838
-0.67986	-0.052909
1.5499	-0.43155
0.049216	-0.91917
0.49712	0.73268
0.36219	-0.62019
-0.31756	-0.36405
1.0961	-1.1113
-0.70052	-0.94474
-0.12495	-0.6946
0.085694	0.01843
-1.8378	0.7876
-1.0309	0.99112
1.1205	-0.030896
-0.11286	0.2587
-1.8798	1.544
1.8024	1.4951
0.044365	2.3179
0.55295	2.1512
0.54879	1.95
0.30919	0.32476
-1.2303	0.6606
-0.57398	0.077725
1.0985	-0.95833
-0.38802	-0.67126
-0.48493	-0.46431
-1.155	-0.11608
0.66262	-0.61969
-0.053464	-0.6518
-1.7025	-1.1632
0.042567	-0.90113
-0.71914	-0.37355
-2.3379	1.6093
-0.69993	0.62045
1.0212	-0.16393
-1.0851	0.64849
-0.43114	2.0224
0.2058	0.67226
-0.42949	0.84942
1.1903	0.25983
-1.3952	0.96954
0.94021	-0.10577
-0.46836	-0.83664
-0.077644	-0.36088
-0.48809	0.18921
-1.3196	0.15153
-0.57495	0.35733
-0.1985	-0.4459
-0.17098	-0.32024
1.2771	-1.008
-0.31191	-0.42018
1.3258	0.20824
1.0873	0.43741
0.55052	0.91372
0.80025	0.94625
-0.37014	1.0862
0.39443	0.89115
1.3129	0.41108
-0.053794	-0.1135
0.80337	-1.3912
-0.42845	-0.90166
0.54923	-0.65151
-0.48646	-0.94943
0.1935	-0.082144
0.49472	-0.48247
-0.076346	0.179
-2.0273	-0.76578
-2.7758	-0.87289
-1.7301	-0.98208
-2.8323	-1.7227
-1.7934	-1.5617
0.22085	0.22831
2.2187	1.7365
-0.1958	2.5151
2.6603	-1.0897
0.083076	-1.7974
-2.1968	-1.4772
-1.1311	-0.36477
2.4445	0.57984
0.47765	0.86904
1.8424	0.30303
0.71051	-0.86689
-0.54808	0.31255
0.28494	-0.019968
1.0818	1.7783
0.74465	2.5539
0.41293	2.6749
1.6013	1.2702
-0.65495	0.86672
0.39088	-0.20779
1.5802	-0.11304
0.35454	1.5077
-0.55019	0.0021516
0.3328	-0.14506
0.34814	-1.1398
-0.47622	-0.78273
-0.16972	-0.75342
1.3102	0.40905
-0.66275	0.16946
-2.1958	0.55179
0.051951	-0.91303
-0.44825	-0.29791
0.62778	0.099686
-1.2046	1.6118
0.6513	1.8162
-0.90322	2.8016
1.6341	0.73258
0.31609	0.74212
-0.18725	-0.37256
0.3649	-0.57783
1.1573	-0.35371
-0.91943	-0.28365
-0.27719	-0.41744
1.5294	-2.0823
0.24864	-0.6244
0.22586	0.056924
-0.27434	1.1006
1.7267	-0.65337
2.394	-1.2351
0.84863	-0.9264
1.0417	-0.16544
-1.1834	0.86866
-0.28747	1.5268
-0.21626	1.9806
-1.1694	1.6629
0.21462	1.4266
-0.82011	0.050978
1.169	-0.93836
0.27441	-0.94722
0.3435	-0.77899
-0.32655	-0.16309
-0.057504	-0.54289
-1.2875	-0.75723
-1.2536	-0.032984
0.0083806	-0.47031
-0.92666	-0.13227
1.1875	-0.89943
-0.5083	-0.52924
0.07254	-0.4732
1.5622	-1.054
-0.89023	0.78183
1.2822	0.47548
-0.2346	0.88327
-2.1427	2.2815
-1.2438	0.81161
0.12448	-1.2317
-1.685	-0.26198
0.40211	-1.1026
-0.2507	-0.64281
-0.1999	-0.80497
0.25359	-0.72858
-0.26857	-2.0469
0.96848	-1.431
0.20068	-1.4017
0.68319	-1.0942
-0.84751	-0.031377
-1.5158	-0.62238
-0.3116	-1.1012
1.0351	-0.43893
-0.59814	1.1476
0.377	0.5644
1.4669	0.83672
0.77706	0.37378
1.2632	0.32964
0.61613	-1.6893
1.4717	-0.75484
-0.02589	-1.0467
-0.2179	-1.0077
0.26688	-2.0011
-1.2183	-1.0405
-0.28861	-0.84943
-0.11606	-0.5328
0.53181	-1.0472
-0.089201	-0.44584
0.90958	-0.6809
-1.2099	-0.27535
0.60501	-0.52497
0.8477	0.076752
-0.6969	0.18576
1.8068	0.58606
0.55591	1.2046
1.3868	-0.557
-1.2718	0.16335
0.40551	-0.94947
-0.40497	-0.80236
0.31933	-1.8308
-2.0581	-0.87743
-1.2757	-0.35578
-0.23616	-1.3132
-0.76977	-0.5156
-0.81121	-0.14633
-1.3854	-0.54182
0.87743	-0.39153
0.52004	-0.34355
-0.6793	0.20079
0.14055	0.1993
0.12918	0.11786
0.93859	1.0895
0.88671	1.9052
0.12124	2.3197
-1.3303	1.2937
-0.70254	0.4079
1.6772	-0.47863
-0.22523	-1.0055
0.15622	0.65756
0.79951	-0.70361
-0.7273	-0.23196
1.2642	-0.52096
-0.26799	-0.91034
-0.18955	-0.70572
0.46552	0.2218
-1.6579	0.61131
-1.1357	0.66389
1.6106	-0.091279
-0.18896	0.46783
-1.52	1.5563
1.5571	1.1113
0.40557	2.2587
0.6242	1.7487
0.6771	2.0155
0.19666	0.45632
-1.1365	0.37037
-0.26874	0.62116
1.2309	-0.54197
-0.64816	-0.58691
-0.37094	-0.4253
-0.98808	-0.23674
-0.22302	-0.57011
-0.3578	-0.19959
-2.0427	-1.1594
0.46946	-1.3035
-1.0614	-0.34523
-2.1091	1.0757
-0.68241	0.61316
0.84344	-0.35596
-1.0924	0.92437
-0.64366	2.1021
-0.1026	0.83418
-0.34213	0.70041
1.0627	-0.011598
-1.0725	1.151
1.1541	-0.44744
-0.33692	-0.881
-0.11741	-0.36075
-0.49603	0.24935
-1.0582	-0.15258
-0.53223	0.3311
0.14786	-0.40873
-0.257	-0.55497
1.3227	-0.49478
-0.18281	-0.79057
1.2191	-0.0029487
0.68433	0.62765
0.63434	0.79869
1.0589	0.77362
-0.42986	1.3459
0.31639	0.7195
0.99965	0.4183
-0.23873	-0.1745
0.89476	-1.5717
-0.45156	-0.63711
0.71764	-0.76638
-0.63208	-0.63992
-0.1262	-0.28648
0.46937	-0.32653
-0.30129	-0.027549
-2.1309	-0.88515
-3.0623	-1.0156
-1.5067	-0.82741
-3.004	-1.7094
-1.956	-1.5315
0.14489	0.36039
2.3219	1.9059
-0.44228	2.2145
2.1136	-1.1302
-0.3349	-2.2188
-2.1974	-1.3016
-1.2406	-0.1437
2.3252	0.41202
0.41926	1.2959
1.831	0.3075
1.1113	-0.87227
-0.2701	0.35447
0.50228	-0.18196
0.84988	1.3834
0.80073	2.8819
0.64464	2.7013
1.4545	1.087
-0.65474	0.33074
0.1531	-0.62541
1.5749	0.14515
0.1596	1.4327
-0.8087	0.40207
0.054234	-0.075859
0.76457	-0.86413
-0.57636	-0.80857
0.42683	-0.42422
1.528	-0.0076652
-0.73181	0.43394
-2.3489	0.7365
0.26856	-0.8883
-0.32445	-0.25426
0.4305	0.38476
-1.1371	1.7742
0.48318	1.9847
-0.82505	2.8086
1.3595	0.30686
0.16726	0.75768
-0.29811	0.015354
0.020579	-0.043621
1.133	-0.63384
-0.98373	-0.32873
-0.18019	-0.90517
1.628	-1.814
-0.41995	0.1207
0.18662	-0.26274
-0.43279	1.3601
1.4782	-0.91671
2.4304	-0.78887
0.50177	-1.0491
1.2274	0.45151
-0.53045	0.83644
0.15316	1.4964
0.37897	2.0447
-1.0608	1.5019
0.38399	1.1511
-1.224	-0.065671
0.95187	-1.2262
0.67115	-0.81256
0.37627	-0.56652
-0.072935	-0.38878
0.034622	-0.17242
-1.4304	-0.20778
-0.81222	0.091898
0.22128	-0.98174
-0.90503	-0.4019
0.92206	-1.1336
-0.92489	-0.35696
-0.082927	-0.51495
1.7212	-1.3389
-0.64815	0.61994
1.4121	0.67429
0.018901	1.0001
-1.8233	2.1643
-1.1273	1.321
0.59539	-0.94676
-1.3031	-0.058477
0.2672	-1.1497
-0.11696	-0.94361
0.098762	-1.0229
0.30214	-0.8054
-0.375	-1.8664
0.72026	-1.2138
0.49637	-1.5668
0.59821	-1.6507
-0.64669	0.11309
-1.4154	-0.41707
-0.41679	-0.65773
0.73502	-0.078225
-0.86703	1.2099
0.47472	0.85518
1.5341	0.6585
0.92042	0.39795
1.2894	0.22537
0.57477	-1.6323
1.3094	-0.7138
0.12863	-0.94773
0.25667	-0.71884
-0.046731	-1.5507
-0.94525	-0.95333
-0.19458	-0.87905
-0.79043	-0.47111
0.73822	-0.99205
-0.24363	0.021378
1.1285	-1.0382
-1.0147	-0.50657
0.72349	-0.33378
0.75639	0.027045
-0.55714	0.54635
1.6043	0.50197
0.76979	1.3892
1.4204	-0.66794
-1.0237	0.2868
0.021391	-0.99256
-0.23519	-0.54067
0.25055	-1.8297
-2.0106	-0.86038
-0.96351	-0.96956
-0.1527	-1.0119
-0.77524	-0.57936
-0.72134	-0.060826
-1.3072	-0.44394
0.47709	-0.54352
0.85974	-0.39202
-0.58266	0.10586
0.17734	0.48284
0.46157	0.25287
1.0533	1.0619
0.67975	2.2304
-0.19678	2.4491
-1.0055	1.2824
-0.67495	0.44304
1.4862	-0.60045
-0.061188	-0.65376
0.49769	0.79997
0.81605	-0.68263
-0.26867	-0.63036
1.5505	-0.68268
-0.77427	-0.78502
-0.19175	-1.146
0.37594	-0.10678
-1.694	0.75544
-0.81073	0.84494
1.3533	0.10187
-0.36884	0.42008
-1.6979	1.538
1.6871	1.6536
0.27722	2.2445
1.2385	1.8875
0.31831	1.9488
0.16515	0.59735
-1.2108	0.49305
-0.54739	0.40762
1.5125	-0.82027
-0.53623	-0.60102
-0.58991	-0.30769
-1.2746	-0.49554
0.60259	-0.63547
-0.25995	-0.82272
-1.5661	-1.1097
0.24133	-1.3716
-1.0579	-0.36347
-2.2647	1.401
-0.65077	0.88975
1.1007	-0.41841
-1.5334	0.55087
-0.48585	2.1131
0.10808	0.76446
-0.26582	0.69864
1.0491	-0.14346
-1.2016	1.4286
0.92733	-0.34077
-0.43121	-1.2557
0.16529	-0.29231
-0.52577	0.48219
-0.91145	0.23922
-0.28813	0.28668
-0.084718	-0.49836
-0.38971	-0.35879
1.2657	-0.77097
-0.25278	-0.42435
1.0767	0.22918
1.0924	0.54943
0.74348	1.0331
0.44967	0.93424
-0.43302	1.2337
0.36584	0.73125
0.98117	0.33695
-0.12215	-0.37067
0.70057	-1.461
-0.63027	-0.69286
0.34321	-0.77069
-0.47769	-0.86654
-0.19227	-0.20784
0.59864	-0.52889
0.029837	-0.010686
-2.2314	-0.82147
-2.9786	-0.7155
-1.5094	-1.0955
-3.5508	-1.3749
-2.1775	-1.0961
0.31795	0.22528
2.4431	2.0837
-0.11467	2.4897
2.39	-1.0306
-0.27348	-1.6747
-2.0379	-1.0501
-1.325	-0.32058
2.3062	0.41647
0.2227	1.4684
1.6946	-0.14524
0.74758	-0.39061
-0.26748	0.23702
0.034445	0.10329
0.87118	1.8207
0.34369	2.6054
0.17435	2.8017
1.6515	1.0525
-0.69983	0.54444
0.29038	-0.58356
1.5329	0.4174
0.54275	1.1151
-0.6872	0.21282
0.12232	0.11797
0.3901	-0.69978
-0.74437	-0.79063
0.2266	-0.51607
1.7747	0.080928
-0.65091	0.45615
-2.1126	0.5765
0.14023	-0.77564
-0.32407	-0.41884
0.4445	0.23573
-1.0757	1.7334
0.53812	1.5423
-1.0956	2.8084
1.6183	0.54477
0.12904	0.74968
-0.47875	-0.11586
0.17544	-0.32715
1.2781	-0.4627
-0.9196	-0.36057
-0.11702	-0.50221
1.4425	-2.0155
-0.26384	-0.11749
0.11895	-0.12086
-0.26166	1.1052
1.3517	-0.55747
2.1616	-1.1248
0.49595	-1.103
1.0773	-0.12269
-0.91877	1.2307
-0.096527	1.241
0.20514	1.9615
-1.4557	1.4841
0.16675	1.4306
-1.2063	0.14232
0.79507	-0.84662
0.33386	-1.0287
0.18899	-1.0178
-0.17145	-0.14746
-0.14777	-0.52204
-1.1601	-0.49718
-1.1272	0.083548
0.010729	-0.83163
-0.91179	-0.20726
0.80438	-0.96063
-0.73123	-0.2266
0.28478	-0.76941
1.7786	-0.8343
-1.1793	0.41119
1.4383	0.44088
-0.18889	1.1863
-2.3408	2.2712
-0.93526	1.009
0.058494	-1.2475
-1.3963	-0.13001
0.15307	-0.89675
-0.26925	-0.40909
-0.301	-0.37919
0.50839	-0.48507
-0.22277	-1.9572
1.1075	-1.2576
0.32143	-1.4423
0.69773	-0.97886
-0.88323	0.066758
-1.3355	-0.65408
-0.3862	-0.82237
0.53749	0.091806
-0.59117	1.2286
0.35437	0.62065
1.3016	0.7845
0.81447	0.52537
0.97808	0.0047343
0.54022	-1.43
1.1456	-0.78601
-0.16371	-0.7777
0.14802	-0.85768
0.34506	-1.3419
-1.2837	-0.92015
-0.11845	-0.71892
-0.53482	-0.7635
0.503	-0.98757
-0.30893	0.024455
1.2076	-1.0443
-1.1833	0.0073561
0.6663	-0.41323
0.80137	-0.22933
-0.64019	-0.019698
1.7168	0.66415
0.67613	1.3296
1.387	-0.0081412
-0.96838	-0.22799
0.63206	-0.66498
-0.23424	-0.95286
0.34335	-1.7279
-2.4409	-0.54114
-0.88777	-0.70821
0.18819	-1.3098
-0.48703	-0.39405
-0.62199	-0.2986
-1.1016	-0.73788
0.56767	-0.34034
0.53283	-0.37092
-0.62193	0.41698
-0.13047	0.3453
0.3478	0.23714
0.66795	1.1267
0.64106	1.9064
-0.25592	2.0528
-1.1209	0.99574
-0.9971	0.21464
1.9378	-0.3726
-0.29187	-0.77746
0.46131	0.71917
-0.031115	-0.84283
-0.37144	-0.21146
1.3333	-0.9981
-0.77866	-0.7748
-0.00070705	-0.63372
0.2642	0.11106
-2.1074	0.81595
-1.0656	0.72329
0.85769	-0.087755
-0.3188	0.63984
-1.2715	1.5541
1.5505	1.4093
0.44001	2.461
0.62169	1.7881
0.34486	1.889
0.25105	0.66026
-1.1139	0.36429
-0.50815	0.54644
1.0215	-0.69021
-0.23624	-0.93274
-0.50019	-0.15158
-1.2189	-0.71968
0.30538	-1.0329
-0.055985	-0.4564
-1.5428	-1.0599
0.047818	-1.0042
-1.0466	-0.28987
-1.7993	0.98679
-0.8601	0.35193
1.2071	-0.60071
-1.0086	0.96511
-0.76257	2.1311
0.14633	0.94992
-0.49122	0.90468
0.83852	0.15426
-1.0356	1.3745
0.92092	-0.61678
-0.24847	-1.0202
-0.18924	-0.20611
-0.46106	0.26966
-0.93999	0.37985
0.05108	0.20625
0.059168	-0.25334
-0.27717	-0.30248
1.3426	-0.67495
-0.16384	-0.99065
1.0264	-0.0038471
1.12	0.46596
0.42324	0.80322
0.32508	0.96704
-0.43956	1.3472
0.67718	0.6478
1.1318	0.72101
-0.22585	-0.11957
0.47408	-1.4859
-0.54622	-0.47424
0.40515	-0.56958
-0.7235	-0.61315
0.095642	-0.16571
0.72121	-0.61719
-0.03282	0.0099087
-2.0944	-1.0102
-2.9816	-1.2844
-1.7524	-1.1567
-3.0177	-1.6262
-2.0073	-1.0451
-0.070417	0.28099
2.1772	1.5961
-0.30658	2.4428
2.2224	-1.3201
-0.43166	-1.9072
-2.1999	-0.96763
-0.76586	-0.028814
2.3607	0.43962
0.048491	0.80925
1.6008	-0.050079
0.62504	-0.6949
-0.31806	0.19988
0.25714	0.019613
1.1712	1.5544
0.68162	2.7457
0.61854	3.019
1.82	1.329
-0.49866	0.56325
0.29719	-0.57539
1.6232	-0.18211
0.55612	1.2281
-0.62077	0.15574
-0.007075	0.18353
0.51056	-1.0011
-0.64679	-0.87725
0.13705	-0.95323
1.4967	0.043906
-0.76051	0.28091
-2.2344	0.793
-0.064463	-0.76275
-0.27843	-0.40282
0.29632	0.55367
-0.53521	1.5621
0.46242	1.6798
-0.72195	2.7444
1.4538	0.61195
0.17093	0.61924
-0.55124	-0.10048
0.35649	-0.29729
0.94323	-0.3653
-0.65332	-0.14055
0.22585	-0.52986
1.2981	-2.1068
0.14324	-0.5073
0.26023	-0.034403
-0.33867	1.3288
1.371	-0.51
2.5267	-1.5048
0.59216	-0.6503
0.92768	0.20535
-1.0326	1.1965
-0.015944	1.3408
-0.29227	1.8757
-1.0803	1.4177
0.41417	1.122
-1.0226	-0.0838
0.9069	-0.57524
0.58399	-1.3905
0.46851	-0.80197
-0.24382	-0.25031
-0.22918	-0.2656
-1.7118	-0.88484
-1.2696	0.10164
0.40009	-0.88384
-1.2197	-0.18803
0.51189	-0.92665
-0.46811	-0.75625
-0.035011	-0.52005
1.7532	-1.1928
-0.96664	0.59986
1.2092	0.21767
-0.40536	0.8823
-2.0944	2.0919
-1.1991	0.82073
0.31295	-1.1219
-1.3327	-0.18784
0.5469	-1.0159
-0.17556	-0.46439
0.08161	-0.48762
0.40724	-0.72335
-0.32717	-2.2995
0.69927	-1.222
0.055274	-1.5116
0.59051	-1.3684
-1.0389	-0.31158
-1.4393	-1.0117
-0.32805	-0.76784
0.74206	-0.72408
-0.75016	0.92798
0.60263	0.91995
0.91097	0.71058
0.78188	0.71472
1.4159	0.029941
0.75014	-1.7293
1.5324	-0.73093
-0.34987	-1.0805
-0.026103	-0.80267
0.3531	-1.5384
-0.79278	-0.97064
-0.20483	-0.9474
-0.76375	-0.77246
0.35267	-0.89984
-0.35696	-0.16353
0.83161	-0.86779
-0.97112	-0.26585
0.88722	-0.31427
0.91417	-0.2462
-0.44059	0.3109
1.5885	0.77326
0.54623	1.5307
1.5297	-0.47385
-1.2923	0.18907
0.42392	-0.8692
-0.33382	-0.58497
0.23417	-1.5481
-2.1141	-0.96431
-1.1183	-0.82389
-0.37926	-1.0577
-0.77313	-0.46589
-0.9152	0.12857
-1.3234	-0.6086
0.6349	-0.63221
0.68861	-0.44294
-0.35368	0.50761
-0.046026	0.60406
0.32955	0.42254
1.1334	1.1162
0.8537	2.0122
-0.087286	1.9207
-1.0066	1.498
-0.59561	-0.083963
1.588	-0.38948
0.095702	-0.84897
0.30341	0.56764
0.40077	-0.79864
-0.85021	-0.53722
1.0615	-0.7315
-0.74797	-0.8011
-0.031746	-0.73192
0.43257	0.16214
-2.0134	0.97039
-0.68714	0.31107
1.5044	-0.13052
-0.47447	0.39031
-1.5551	1.6605
1.6911	1.3152
0.51407	2.4329
0.45242	1.7731
0.6231	1.5166
0.50844	0.44345
-0.74585	0.80328
-0.60462	0.2085
1.4989	-0.51175
-0.18153	-0.54824
-0.60017	-0.33715
-0.90569	-0.20505
0.49198	-0.50958
-0.38919	-0.81787
-1.7545	-1.0017
0.39969	-1.5176
-0.87328	-0.49688
-2.106	1.0502
-0.47112	0.38738
1.2033	-0.41975
-1.2185	1.0659
-0.50988	2.2304
0.16487	0.84025
-0.46833	1.3261
1.1918	-0.048507
-1.3085	1.0659
0.73201	-0.53861
-0.29737	-0.75102
0.030849	-0.40348
-0.5099	0.2843
-0.89673	0.26814
-0.23806	0.6198
-0.066494	-0.62354
-0.46826	-0.33324
1.1988	-0.71896
0.034551	-0.19266
1.1128	0.025498
0.79634	0.76656
0.33477	1.0233
0.91179	0.51617
-0.43469	1.4619
0.34436	0.6111
0.86437	0.76939
-0.35224	-0.24331
0.22924	-1.2915
-0.51745	-0.53634
0.21188	-0.88122
-0.31419	-1.0317
-0.090796	-0.42137
0.51153	-0.34576
0.011403	-0.016718
-2.1287	-1.346
-2.6745	-0.99586
-1.7023	-1.5107
-3.2931	-1.7165
-1.7587	-1.5339
0.27026	0.50273
2.4334	1.9631
-0.33159	2.5335
2.1838	-1.3654
-0.33472	-1.8624
-2.276	-1.2217
-1.3147	-0.27207
2.5196	0.60454
0.59342	1.0427
1.8417	0.098696
0.82987	-0.55264
-0.28667	0.10475
0.52577	-0.20626
0.89537	1.6743
0.87691	2.6702
0.55269	2.458
1.9987	1.1097
-0.82669	0.57614
0.20564	-0.45127
1.5941	0.013151
0.47212	1.4113
-0.6581	0.17554
0.00093129	0.091938
0.20058	-0.98911
-1.0575	-0.94513
0.34824	-0.56749
1.4337	0.12184
-0.64058	0.17523
-2.2833	0.70206
0.18708	-0.96988
-0.35926	-0.26961
-0.062169	0.18571
-0.76672	1.9544
0.30287	1.5495
-0.95071	2.8168
1.7847	0.64528
0.08595	0.78925
-0.45142	-0.30165
0.016627	-0.39764
1.0923	-0.1336
-0.96139	-0.53343
-0.21642	-0.77807
1.49	-2.0784
-0.03625	-0.38377
-0.03774	0.23929
-0.25243	1.0791
1.5939	-0.64454
2.3859	-1.1905
0.63989	-0.52342
1.2815	-0.062612
-0.90869	1.3385
0.25824	1.2988
-0.17507	2.2067
-1.4492	1.8776
0.16701	1.3669
-0.79361	0.25415
1.1187	-0.82045
0.55738	-0.96736
0.22828	-0.46972
-0.18716	-0.28341
0.17322	-0.2312
-1.1758	-0.76057
-1.1292	0.15968
0.43851	-0.6797
-0.84933	-0.1441
0.88821	-0.86581
-0.60633	-0.64669
-0.2038	-0.54159
1.9714	-0.81463
-0.88724	0.74515
1.3593	0.1209
-0.32877	1.09
-1.9913	2.037
-0.88467	1.282
0.37913	-0.93889
-1.0973	-0.5121
0.32089	-1.0791
-0.51878	-0.88906
-0.036936	-1.0244
0.46291	-0.44568
-0.58564	-2.2955
0.81536	-1.1916
0.35707	-1.3458
0.62486	-1.5099
-1.0137	-0.14699
-1.0315	-0.5094
-0.23962	-0.75414
0.95152	-0.39969
-0.76209	1.1252
0.81736	0.80275
1.3117	0.9413
0.90746	0.22949
1.2248	0.3739
0.68949	-1.5754
1.0928	-0.79814
-0.13332	-1.4081
-0.1218	-0.83323
0.048694	-1.4736
-1.0556	-0.88079
-0.098435	-0.69757
-0.32531	-0.77518
0.41115	-0.74083
-0.36991	-0.068353
0.76192	-1.1588
-1.3439	-0.29976
0.82843	-0.40827
0.8079	-0.25128
-0.70401	0.5275
1.5699	0.61432
0.51619	1.4699
1.1839	-0.40716
-1.1831	0.49265
0.3757	-0.71315
-0.29913	-0.68244
0.248	-1.7928
-2.1098	-0.77961
-1.308	-0.53499
-0.38029	-1.09
-0.58474	-0.60215
-0.90699	-0.16376
-1.1959	-0.56481
0.95206	-0.46632
0.81902	-0.33865
-0.60795	0.43179
0.070938	0.51353
0.41614	0.21485
0.82094	1.0021
0.87726	2.2435
-0.086028	2.383
-1.1086	1.0994
-0.83821	0.56357
1.7196	-0.55203
-0.23688	-0.77732
0.5219	0.4831
0.45084	-0.46615
-0.036149	-0.32965
1.1086	-0.81884
-0.73292	-0.88544
-0.67748	-0.73537
0.077539	0.15985
-1.5748	0.63719
-1.0871	0.4701
1.3534	0.23726
-0.47469	0.33183
-1.7704	1.4507
1.9726	1.0882
0.84035	1.9075
0.76937	1.7937
0.62245	1.8784
0.52989	0.38355
-0.84835	0.20098
-0.73967	0.069229
1.2783	-0.56549
-0.49386	-0.74877
-0.72561	-0.43599
-1.0572	0.081489
0.51931	-0.69026
-0.38168	-0.68953
-1.7385	-1.1434
0.046	-1.3806
-0.82367	-0.35161
-2.1196	1.2541
-0.59556	0.47528
1.173	-0.1527
-1.2253	0.99651
-0.53004	2.0121
0.24922	1.0514
-0.59662	1.0337
0.7428	0.15513
-1.3016	1.0411
0.67908	-0.40294
-0.50402	-0.81557
-0.14436	-0.56809
-0.55098	0.32139
-1.1586	-0.01932
-0.48231	0.67024
0.34059	-0.43045
-0.81195	-0.88509
1.0939	-0.94345
-0.41127	-0.4533
0.97882	0.2631
0.77033	0.44328
0.63653	0.79426
0.45638	0.82657
-0.61634	1.5066
0.4359	0.505
1.0595	0.72563
-0.27161	-0.4037
0.76953	-0.90504
-0.37628	-0.75585
0.66872	-0.53707
-0.34582	-0.68629
-0.41001	-0.29556
0.48525	-0.62275
-0.25127	0.52958
-1.8917	-0.97474
-3.2237	-0.6479
-1.699	-1.0731
-3.0246	-1.2631
-1.8569	-1.4058
0.42135	0.56513
2.2708	1.7661
0.070451	2.4351
2.123	-1.2589
-0.45878	-2.082
-2.2218	-1.0324
-1.2371	-0.26789
2.6083	0.71771
0.15886	1.358
1.7561	0.26867
0.83878	-0.028508
-0.28739	0.17167
0.71997	-0.093738
0.60904	1.9514
1.1442	2.8575
0.59215	2.5595
1.5956	1.1002
-0.91574	0.58359
0.34713	-0.58565
1.732	0.070135
0.56452	1.6482
-0.86676	0.20916
0.13822	0.19094
0.56371	-1.1815
-0.819	-0.78839
0.20843	-0.86217
1.2214	0.16195
-0.86516	0.38507
-2.1895	0.56437
-0.40251	-0.728
-0.69534	-0.082212
0.52836	0.30553
-0.86711	1.5493
0.90116	1.9525
-1.1904	3.1136
1.4577	0.68549
0.36488	0.59623
-0.30012	-0.17808
0.59075	-0.46754
0.95756	-0.57307
-1.0408	-0.058453
0.10457	-0.59166
1.6022	-1.6057
-0.06888	0.0094193
0.23896	0.20573
-0.37579	1.2493
1.3703	-0.52201
2.3885	-1.2462
0.68997	-0.77229
0.9675	0.36603
-0.93635	0.81887
0.102	1.5019
0.22108	1.9078
-1.1967	1.5894
0.37085	1.3633
-0.89319	0.1285
0.98385	-0.73517
0.65927	-1.1934
0.042387	-0.66254
-0.29733	-0.013424
-0.20771	-0.44076
-1.3892	-0.7468
-1.2657	0.025724
-0.062238	-0.64473
-0.83373	-0.30328
0.80981	-1.3354
-0.4752	-0.56888
-0.21007	-0.49855
1.5668	-0.9451
-1.0553	0.55133
1.3493	0.81843
0.2036	1.0702
-2.0374	2.4852
-1.0445	1.0308
0.44727	-1.3783
-1.5193	-0.20394
0.32793	-1.2535
-0.51527	-0.74946
-0.054562	-0.84607
0.21971	-0.89519
-0.66562	-2.035
0.76178	-1.5311
0.77377	-1.3404
0.38633	-1.4474
-0.5811	-0.065429
-0.99368	-0.73132
-0.063478	-0.84102
0.8645	-0.37773
-0.53752	1.2087
0.48476	0.93148
0.93826	0.83502
1.1018	0.48259
0.85648	0.0037818
0.74988	-1.6923
1.491	-0.68397
-0.24413	-1.2975
-0.0316	-1.3369
-0.15669	-1.3087
-0.98745	-1.0619
-0.021104	-0.90281
-0.68756	-0.60537
0.7045	-0.68664
-0.057059	-0.34808
0.88334	-0.98809
-1.0664	-0.35933
0.91758	-0.24817
0.73045	-0.13267
-0.76073	0.28093
1.5927	0.8487
0.96745	1.5314
1.4351	-0.19915
-0.69553	0.13829
0.33265	-0.73772
-0.32117	-0.59951
0.56946	-1.5827
-2.1302	-0.55738
-0.82145	-0.44354
-0.20296	-1.5198
-0.58482	-0.52306
-0.77804	-0.18015
-1.0849	-0.64918
0.3728	-0.49014
0.82929	-0.25141
-0.39946	0.19875
0.23881	0.3098
0.20231	0.36786
0.75684	1.1177
0.48429	2.0439
0.0052022	2.381
-1.3733	1.0536
-0.36179	0.44629
1.8536	-0.33743
0.29979	-0.56891
0.24609	0.37484
0.61412	-0.92563
-0.30261	-0.92716
1.1401	-1.0097
-0.95796	-0.98799
-0.013373	-0.54887
0.13328	0.090192
-1.5513	0.87168
-1.2919	0.5673
1.3865	0.043436
-0.44418	0.43847
-1.6644	1.4753
1.9417	1.8087
0.26064	2.5638
0.44752	1.7445
0.5108	1.7717
0.49208	0.2759
-0.89066	0.15028
0.034331	0.39019
1.3276	-0.42339
-0.1069	-1.0184
-0.76939	-0.49617
-1.2699	-0.4858
0.43498	-0.60544
-0.19384	-0.97504
-1.5383	-1.1995
0.23451	-1.2648
-1.4018	-0.39799
-2.0276	1.2949
-0.58355	0.49795
1.0626	-0.1882
-1.3303	0.87726
-0.58707	2.5431
0.097758	0.41353
-0.62641	0.69795
0.90013	0.26387
-1.2052	1.2001
0.86841	-0.36855
-0.39852	-0.8026
0.068863	-0.30235
-0.49003	0.049373
-1.0766	0.45706
-0.3783	0.038774
0.59552	-0.23075
-0.7375	-0.41421
0.86821	-0.70105
-0.31938	-0.50397
0.94146	-0.085209
0.95236	0.4791
0.32716	1.0268
0.58358	0.89603
-0.37704	1.1333
0.6737	0.66737
1.3162	0.19191
-0.15747	-0.36616
0.98045	-0.83324
-0.37701	-0.48312
0.46085	-0.88891
-0.79146	-0.78734
-0.37205	-0.29205
0.59272	-0.83633
-0.065493	0.42976
-1.9765	-0.9077
-2.5439	-1.0418
-1.6065	-1.1609
-3.1696	-1.5572
-1.8289	-1.3158
0.039625	0.43147
2.2964	1.5914
-0.15783	2.4599
2.2642	-1.4317
0.21587	-1.9131
-2.3082	-1.2026
-1.1171	-0.029509
2.2544	0.85613
0.37178	1.4102
1.9239	-0.085204
0.6798	-0.53975
-0.48198	0.20653
0.30433	0.037814
0.9683	1.7529
0.67148	2.5508
0.45846	2.8564
1.2124	1.1982
-0.81634	0.78738
0.54891	-0.43267
1.6902	0.028713
0.6074	1.4171
-0.6907	-0.12849
0.1153	0.16071
0.65163	-1.1903
-0.6116	-0.92432
-0.16115	-0.73714
1.4547	0.10371
-0.5028	0.36032
-2.087	0.44877
0.19616	-0.67083
-0.41186	-0.48004
0.16687	0.099019
-1.0878	1.7082
0.75666	1.8254
-1.1681	2.6111
1.3494	0.16459
0.10471	0.87559
-0.66361	0.11213
0.20912	-0.13424
0.88943	-0.42183
-0.68976	-0.15872
-0.17706	-0.8489
1.4985	-2.1435
-0.006683	-0.088692
0.26531	-0.10858
-0.40633	1.4416
1.3606	-0.80233
2.5751	-1.344
0.55685	-0.92283
1.3583	-0.032391
-1.2106	1.2739
0.11955	1.2952
-0.13684	1.8867
-1.2337	1.7187
0.63721	1.1422
-0.69714	0.28428
0.98102	-0.79467
0.24622	-1.2051
0.19399	-0.51774
0.10383	-0.42968
-0.29167	-0.19475
-1.3026	-0.61838
-1.5339	-0.27785
0.33173	-0.33137
-1.0851	-0.09818
1.0599	-0.76357
-0.84257	-0.33106
0.19542	-0.6641
1.6713	-0.96957
-0.57028	0.78576
1.2412	0.7935
-0.068727	1.0489
-1.9787	2.046
-1.1458	0.86177
0.50675	-0.95494
-1.6872	-0.080835
0.1142	-1.1861
-0.33129	-0.48865
-0.28215	-0.82744
0.59004	-0.55977
-0.66914	-2.2458
0.78257	-1.132
0.57073	-1.7258
0.62822	-1.006
-0.77222	0.039245
-1.222	-0.86428
-0.42653	-0.87193
1.0731	-0.55677
-0.82289	1.2646
0.48693	0.82987
1.1951	0.7435
0.92001	0.6784
1.2945	0.3151
0.94356	-1.7759
1.3794	-0.76215
-0.13872	-1.0879
0.07683	-0.80223
0.040802	-1.715
-1.1824	-1.0859
0.15934	-0.8528
-0.64754	-0.6898
0.69934	-0.7086
-0.50257	-0.16002
1.1984	-1.2928
-1.3194	-0.18151
0.8456	-0.41218
0.60649	-0.054948
-0.71019	0.26708
1.7186	0.42158
0.88668	1.5249
1.183	-0.20177
-1.1402	0.27021
0.30831	-0.95152
-0.2181	-0.3465
0.36892	-1.6122
-2.5569	-0.97212
-0.82395	-0.62121
0.21274	-1.1296
-0.62806	-0.55799
-1.1428	0.29165
-1.1	-0.89172
0.46442	-1.096
1.1256	-0.3726
0.080492	0.54984
0.096798	-0.088142
0.28923	0.30873
0.60399	1.0749
1.2613	1.9553
0.20146	2.1439
-1.4217	1.1761
-0.76055	-0.054518
1.5873	-0.6796
-0.23284	-0.71655
0.44472	0.68209
0.31015	-0.42047
-0.53575	-0.60083
1.0741	-1.047
-0.85558	-0.77562
-0.15603	-0.77847
0.32713	0.27779
-1.7651	1.0161
-1.3049	0.60414
1.6144	0.1311
-0.54924	0.41143
-1.838	1.7306
1.5522	1.6209
0.45208	2.708
0.38317	1.9348
0.61714	1.9249
0.23458	0.36185
-1.1655	0.57186
-0.12183	0.56854
1.2267	-0.33756
-0.17292	-0.69753
-0.40168	-0.34752
-1.4975	-0.066995
0.14192	-0.65536
-0.19531	-0.74074
-1.8189	-1.0474
-0.16158	-1.3883
-0.89587	-0.42652
-2.3969	1.6367
-0.7037	0.55104
1.3287	-0.16403
-1.2051	0.89819
-0.60627	2.1646
0.50167	0.54732
-0.58617	0.91354
0.94271	-0.030757
-1.3603	1.041
0.65377	-0.25469
-0.56007	-1.0532
0.13599	-0.72612
-0.55455	0.26277
-1.1024	0.035062
-0.51425	-0.06138
0.35758	-0.75162
-0.46796	-0.44918
1.1812	-0.51475
-0.41051	-0.679
1.0733	0.016844
1.0251	0.51652
0.80785	0.97418
0.68987	0.62889
-0.45707	1.3916
0.38467	0.46781
0.89763	0.5502
-0.026386	-0.17604
0.45024	-1.0379
-0.42103	-0.6676
0.70819	-0.71055
-0.7942	-0.53428
0.21157	-0.10513
0.31118	-0.76811
-0.0021127	0.16053
-2.1372	-0.78748
-2.5376	-1.0436
-1.6403	-0.99747
-3.1382	-1.5856
-1.8089	-1.1584
0.18417	0.46987
2.2641	1.8878
-0.10983	2.5903
2.2865	-1.0428
-0.21847	-1.9664
-2.4501	-1.501
-1.3336	-0.13915
2.4125	0.62609
0.14893	1.3063
1.583	0.11062
0.62644	-0.77442
-0.5705	0.43002
0.61015	0.071035
1.16	1.6651
0.75308	2.8054
0.16556	2.831
1.7872	1.3107
-0.79325	0.62392
0.29802	-0.78567
1.4784	-0.15465
0.22234	1.37
-0.44849	-0.21506
0.30658	0.084005
0.49772	-1.0933
-0.84413	-0.91556
0.2569	-0.59794
1.3843	0.39697
-0.41779	0.3557
-2.4151	0.67255
0.37439	-0.70331
-0.43316	-0.15118
0.1735	0.21092
-0.8222	1.9078
0.57279	1.6992
-0.6649	2.854
1.5193	0.4423
0.30778	1.0209
-0.43822	-0.54012
0.16873	-0.23786
1.0575	-0.17105
-1.1226	-0.25042
-0.037795	-0.50733
1.5142	-2.162
-0.049547	-0.45198
-0.13178	0.2448
-0.64454	1.3728
1.3952	-0.76642
2.3334	-1.1432
0.67961	-0.90122
0.82438	0.15532
-0.93313	1.149
-0.144	1.6872
-0.42468	2.4545
-1.3744	1.4309
0.18561	0.91706
-1.021	0.27943
1.0556	-0.94939
0.099455	-1.074
0.22662	-0.64586
-0.13685	-0.42928
-0.11801	-0.18029
-1.6162	-0.43315
-0.79809	-0.11631
0.16537	-0.69659
-1.0273	-0.25385
0.62595	-0.63674
-0.59431	-0.38755
-0.16083	-0.30384
1.588	-0.98452
-0.94679	0.82554
1.2937	0.52487
-0.23959	1.169
-1.8551	2.3545
-0.62768	1.3478
0.19905	-1.0616
-1.5	-0.08726
0.23279	-1.1517
-0.49621	-0.60339
0.15876	-0.98221
0.51439	-0.87874
-0.3576	-1.9163
0.79166	-1.3684
0.60089	-1.5687
0.42576	-1.146
-0.85397	-0.31434
-1.5198	-0.83982
-0.11148	-0.7788
0.66802	-0.24073
-0.77	1.1576
0.68228	0.92914
1.0873	0.9496
0.97228	0.76498
1.1101	0.22957
0.22242	-1.686
1.3164	-0.9318
-0.11452	-1.2542
-0.099786	-0.79191
0.048422	-1.5866
-0.9144	-1.4821
-0.31567	-0.84899
-0.92031	-0.9587
0.39964	-0.71452
-0.31064	-0.34894
0.98706	-1.0812
-0.9351	-0.28617
0.97707	-0.11079
0.61698	-0.21822
-0.73207	0.20543
1.5146	0.72038
0.76169	1.5645
1.3384	-0.42181
-1.1623	-0.13255
0.56223	-1.2328
-0.32078	-0.50135
0.24428	-1.5489
-2.0724	-0.5783
-0.94039	-0.52465
-0.14409	-1.2009
-0.79198	-0.27051
-1.0626	0.17172
-1.1905	-0.47329
0.44763	-0.93597
0.7309	-0.42908
-0.62816	0.44975
-0.36044	0.45382
0.11763	0.27942
0.80582	1.1729
1.1157	2.0864
0.2277	2.2622
-1.3338	1.1975
-0.37002	0.36107
1.7039	-0.387
0.22313	-0.6417
0.13406	0.69755
0.42243	-0.5929
-0.42812	-0.59101
0.96658	-0.90467
-0.67603	-0.98054
-0.01182	-0.90219
0.50357	-0.027068
-1.8708	0.49122
-0.93486	0.70705
1.253	0.16957
-0.0012161	0.25788
-1.8501	1.6229
1.7642	1.3812
0.55437	2.0243
0.79316	1.8756
0.39618	1.9671
0.032761	0.053197
-1.0354	0.37985
-0.27611	0.2432
1.1762	-0.40307
-0.52003	-0.73739
-0.58199	-0.29583
-1.1467	-0.037895
0.45188	-0.65949
-0.135	-0.97479
-1.2501	-0.92212
0.26562	-1.1188
-1.331	-0.29321
-2.1769	1.1584
-0.58351	0.51717
1.1079	-0.13026
-1.2639	0.83666
-0.59658	1.9822
0.4999	0.6953
-0.49885	1.0972
0.73105	0.05191
-1.4191	1.1272
1.0418	-0.41796
-0.76783	-0.63446
-0.18069	-0.49897
-0.32939	0.44297
-0.95947	0.1663
-0.38126	0.6443
0.14988	-0.23821
-0.38267	-0.3982
1.3986	-0.73089
-0.31627	-0.78181
1.1482	0.26713
0.91661	0.59805
0.85463	0.7935
0.79191	0.62691
-0.1751	1.0425
0.30471	0.83818
1.3901	0.33982
-0.33224	-0.12447
0.96876	-1.3253
-0.59523	-1.1184
0.67744	-0.8189
-0.89405	-0.79791
-0.021759	-0.21273
0.47578	-0.55907
0.076505	0.41202
-2.0016	-0.93076
-2.6896	-1.1803
-1.7812	-1.0252
-3.1879	-1.5463
-2.2231	-1.846
0.31532	0.65999
2.1733	1.5897
-0.12815	2.5857
2.2554	-0.9934
-0.21792	-1.7518
-2.1383	-1.3472
-0.95069	-0.062612
2.4625	0.54341
0.4807	0.87441
1.7953	-0.20639
0.55434	-0.70348
-0.11238	0.27885
0.20631	-0.20349
1.0975	1.825
1.0236	2.6543
0.52208	2.7934
1.4962	0.88926
-1.0259	0.6479
0.19553	-0.52218
1.7309	-0.0833
0.77547	1.6525
-1.1418	0.35071
0.46353	-0.07402
0.80096	-0.65933
-0.68023	-0.77151
0.40923	-0.64895
1.475	0.29334
-0.69963	0.20178
-2.0662	0.70327
0.084905	-0.45222
-0.28442	-0.27709
0.38378	-0.20322
-0.83085	1.7772
0.68086	2.0259
-0.62002	2.7767
1.4109	0.58856
0.30935	0.79939
-0.52907	-0.19405
0.029709	-0.35105
0.97246	-0.41687
-0.70834	-0.28801
0.31588	-0.32415
1.4151	-2.0648
-0.072057	-0.11833
0.21494	-0.076162
-0.033796	1.5355
1.5436	-0.71381
2.3959	-0.88646
0.70865	-0.92592
1.3085	-0.17805
-1.2126	1.6866
0.19623	1.4088
-0.11737	2.3372
-0.91973	1.5892
0.62422	1.3793
-0.85279	-0.1171
0.82402	-1.0682
0.45613	-1.1913
0.45069	-0.73046
-0.27372	-0.23997
-0.17626	-0.35881
-1.1345	-0.44029
-1.0817	0.19771
0.17522	-0.4816
-0.92891	-0.11506
0.99812	-0.70657
-0.59864	-0.37244
-0.30528	-0.64501
1.6349	-0.7966
-1.4047	0.80239
1.3103	0.70272
-0.11361	0.62722
-2.1017	2.4364
-0.91272	1.2417
0.40323	-1.2568
-1.7207	-0.44493
0.14823	-1.0221
-0.38585	-0.33825
-0.12925	-0.90847
0.43229	-0.67702
-0.10755	-1.9607
0.67485	-1.3208
0.5145	-1.3155
0.38695	-1.3899
-0.81459	-0.36182
-1.3627	-0.61535
-0.070398	-0.90214
0.71239	-0.19423
-0.85143	1.2196
0.36504	0.81874
1.2289	0.505
0.91374	0.30711
1.2686	-0.07721
0.68695	-1.5532
1.4995	-0.98287
-0.079089	-1.0047
-0.14304	-0.78081
0.36334	-1.2688
-0.93446	-1.1284
-0.2627	-1.0211
-0.69826	-0.94126
0.65281	-1.1908
-0.39797	0.078457
0.97043	-0.88577
-1.0834	-0.095519
0.99466	-0.020579
0.66819	0.0044782
-1.1351	0.35189
1.4667	0.76354
0.61627	1.1849
1.4863	-0.52246
-0.99287	0.031484
0.42971	-0.67464
0.04992	-0.85409
0.098251	-1.7721
-1.6653	-0.80632
-0.83901	-0.29314
-0.30924	-1.3574
-0.60936	-0.50795
-0.8064	-0.11343
-1.2544	-0.61963
0.53871	-0.83669
0.87604	-0.24985
-0.67825	0.28644
-0.13029	0.33472
0.32037	0.34928
0.74374	1.0849
0.87535	2.1455
0.066453	2.25
-1.0031	1.245
-0.98286	0.65428
1.5493	-0.76997
0.037961	-0.7539
0.20997	0.70144
0.22669	-0.32132
-0.32848	-0.5421
1.0188	-0.98648
-0.85976	-1.1193
-0.43778	-0.38628
0.39665	0.33753
-1.9449	0.84347
-0.95768	0.80203
1.386	0.30209
-0.32388	0.26579
-1.7677	1.2892
1.4541	1.4517
0.60447	2.5324
0.69165	1.7315
0.7211	1.8027
0.34516	0.54807
-1.0229	0.30909
-0.61807	0.3421
1.3928	-0.57728
-0.18027	-0.63647
-0.64398	-0.22535
-1.0949	-0.51437
0.24416	-0.65056
-0.018537	-0.65083
-1.4979	-0.77644
0.47459	-1.0554
-0.82737	-0.45373
-2.2075	1.4638
-0.79998	0.59937
1.3638	-0.33479
-1.2669	0.73027
-0.69916	1.945
0.10259	1.0105
-0.082871	0.89302
0.83957	0.03555
-1.2405	1.3232
1.158	-0.26407
-0.22916	-1.0632
-0.021283	-0.12452
-0.41133	0.36957
-0.87661	-0.13121
-0.45514	0.36504
0.034263	-0.24617
-0.49046	-0.31542
1.0549	-0.65393
-0.10506	-0.76231
1.1374	0.0081834
1.1178	0.75939
0.42426	0.98031
1.0089	1.007
-0.42649	1.1402
0.41136	0.73336
1.3907	0.83942
-0.07857	-0.081595
0.6276	-1.4568
-0.46699	-0.7723
0.70244	-0.73531
-0.54266	-0.83311
0.091656	-0.30325
0.72895	-0.73006
-0.059453	0.23467
