-1.178	-0.99803
-0.89616	-2.0658
-0.22562	-4.3933
-0.44465	-5.488
-0.38311	-3.3032
-0.12876	1.7259
1.2883	3.7843
1.8491	3.5389
-1.8605	2.5479
-2.0987	-1.7042
-0.69392	-2.2023
-0.1821	-0.0030331
0.38463	2.2029
0.44536	2.9417
-0.48679	1.8838
-0.44282	-0.17722
0.8822	-2.2751
0.23998	-0.45198
1.6826	0.38747
2.7901	1.7251
2.7089	0.9906
1.2876	0.52595
0.90473	-0.7077
-0.74581	-0.43268
0.040593	-0.16883
1.3017	0.4327
-0.42094	1.4426
-0.085103	0.089801
-0.54213	-1.4364
-0.44626	-1.1147
-0.41271	-0.7602
0.13643	0.43579
0.2587	1.0643
0.18463	0.53793
-0.8781	0.071082
-0.11556	-0.80466
0.3472	-0.75079
1.6197	-0.090976
1.8809	0.66024
2.5831	-0.49816
0.48024	-0.45238
1.3648	-1.6061
0.314	-0.59325
-0.4803	0.075747
-0.29132	0.27552
-0.72886	0.71413
-0.4889	-0.25015
-1.8773	-0.41742
-0.068225	-0.95705
0.12261	-0.072219
1.2329	-0.016042
-0.70363	0.65137
-1.4364	0.23988
-0.96778	-0.023562
0.86328	-1.0578
0.74283	-0.37621
1.3282	-0.094301
1.9638	0.26149
1.6178	0.072696
1.6601	-1.0456
0.14419	0.086418
-0.46968	0.077452
-1.3253	0.61282
-0.82331	0.28063
-0.051359	-0.47958
-0.15891	-0.91324
-0.51866	-0.30753
0.032252	-0.58953
-0.7768	0.20428
-0.23086	0.096683
-1.0914	0.87787
-0.65631	-0.044317
-0.6298	0.11875
-1.0412	0.19937
0.23905	0.58936
0.67888	-0.25577
1.0665	0.10234
2.5447	-0.9579
1.0977	-0.87497
-1.0634	-0.15482
-0.42085	-0.41845
-1.2176	0.29258
-0.66462	0.11152
-0.86389	-0.58185
-1.1074	-0.4864
-2.4955	0.66183
-0.87897	0.10566
-1.8428	0.88711
-1.0433	1.1372
-0.48426	0.075566
-0.44406	0.012157
-1.1988	0.078074
-0.4215	0.081766
1.3132	-0.23373
0.98621	0.46096
0.34184	0.86038
0.78704	0.23922
0.15577	0.32976
-1.436	1.14
-0.99044	0.2183
-1.241	1.1529
-1.1707	0.19152
-1.5015	0.28705
-1.3644	-0.36116
-1.1698	0.16563
-0.8546	-0.055011
-1.1634	0.68539
-0.2854	0.27058
-0.92902	0.24808
-0.40135	-0.21394
-0.14043	-0.23417
-0.44941	0.2368
0.50502	0.061127
0.50775	0.30135
1.5928	0.22738
-0.64373	1.0329
-0.089807	0.64506
-0.95108	0.146
-0.67164	0.055336
-1.6593	0.60543
-1.1995	0.68911
-0.80891	0.24395
-1.0632	-0.051064
-0.93974	0.6351
-0.21227	-0.16161
-0.77634	0.27712
-0.82875	0.14656
-0.3825	0.41336
0.30308	0.34034
0.39337	0.12761
-0.096191	0.6307
0.85208	0.74485
1.8462	0.80168
2.0405	0.5499
0.96861	0.62219
0.58306	-1.0695
-0.063494	-0.044005
-1.2175	0.92209
0.12541	0.48823
-0.81161	1.3267
-0.70984	0.44308
-0.7726	0.088657
-0.87018	0.62739
-0.78368	0.91514
0.12108	0.92143
0.40694	0.73592
0.51869	0.1832
-0.0079532	0.15762
0.36267	0.29397
1.1005	0.67568
1.6207	0.30723
1.8453	0.36329
1.8552	0.81972
1.9421	0.66673
0.50065	0.071848
0.55315	-0.53073
0.24475	-0.17385
-0.3577	0.63361
-0.63615	0.26845
-0.57069	0.46692
-0.44956	-0.30521
-0.39301	-0.54172
-0.72246	-0.5463
-1.2128	-0.24617
-1.2006	0.062869
-0.2965	-0.5322
1.2374	-0.711
0.88761	-0.52404
-0.098517	0.084092
0.69232	-0.014569
1.8127	-0.85299
0.7318	-0.17353
1.1597	-0.78426
0.43417	-0.61944
1.3326	-0.76497
-0.38857	0.053093
-1.1334	0.4239
-0.4481	0.012929
0.82602	-0.5211
0.55378	-0.89086
0.31113	-0.74154
-0.15716	-0.21368
-0.31654	-0.22281
-0.71383	-0.050539
-0.32687	-0.21344
0.36333	-0.92682
0.94438	-0.42564
1.2725	-0.61676
0.64055	0.056634
1.7104	-0.56698
0.75861	-0.71438
0.9178	-1.0241
-0.35682	-0.92378
-1.5309	0.29772
-0.41862	-0.15593
-0.88059	-0.4449
-0.98555	-0.58604
-0.073057	-0.88126
-0.64777	-0.23452
0.45496	-0.81495
-0.85934	-0.32351
-0.5975	-2.2076
-0.064989	-4.4873
-0.8026	-5.1183
-0.67238	-3.5588
-0.254	2.1073
1.5275	3.5894
1.394	3.8389
-1.8432	1.9739
-1.6638	-1.5346
-0.61042	-2.238
-0.31279	0.067765
0.43262	1.8324
0.15265	3.0188
-0.59603	1.9266
-0.87612	-0.079046
0.91157	-2.1149
0.16549	-0.64944
1.8512	0.29764
2.5522	1.5665
2.2798	1.0168
1.2455	0.13719
0.81466	-0.9909
-0.60171	-0.87438
0.18873	0.039486
1.2558	0.2335
-0.50927	1.0686
-0.011053	0.34926
-0.71133	-1.5932
-0.86709	-1.2804
-0.36919	-0.75567
0.39522	0.23896
0.10663	0.89339
-0.018933	0.057139
-0.89372	-0.028051
-0.24531	-1.1731
0.50269	-0.90639
1.9602	-0.36862
1.7613	0.36049
2.7416	-0.43375
0.65403	-0.39963
1.3295	-1.5323
-0.11704	-0.44996
-0.28442	0.13985
0.052803	0.2797
-0.53603	0.78853
-0.38298	-0.33648
-1.8808	-0.068824
0.18732	-0.86497
0.097227	-0.60069
1.1875	-0.16851
-0.52026	0.46793
-1.0906	0.39175
-0.53827	0.16845
0.44491	-0.88654
1.052	-0.46729
1.4824	0.108
2.3514	0.11178
1.2875	-0.18427
1.4772	-0.65803
0.15194	-0.23706
-0.84885	-0.00062448
-1.2214	0.53622
-1.0851	0.43171
-0.1282	-0.1247
0.15137	-0.82315
-0.46811	0.0060116
0.020435	-0.40174
-0.80133	0.41032
-0.29923	0.037368
-1.2622	0.76965
-0.62684	0.44703
-0.63241	0.35096
-0.70481	0.37919
0.64116	0.20941
0.62535	0.09345
1.1864	0.051034
2.3967	-1.3511
1.2116	-0.8641
-0.79446	-0.075724
-0.27465	-0.10879
-1.2919	0.10712
-0.89788	0.0058947
-1.0136	-0.3967
-0.44041	-0.68546
-1.9935	0.2468
-1.1278	0.16202
-2.0216	1.0593
-1.4968	0.74061
-0.29825	-0.2647
-0.44818	0.16851
-0.87987	0.16656
-0.31163	0.050005
1.2273	-0.37795
0.83732	0.14333
0.62116	0.79573
0.29681	0.292
0.31048	0.38266
-2.1077	1.06
-1.0083	0.45259
-1.1084	1.0102
-1.1006	0.29732
-1.5677	0.23044
-0.78191	-0.18585
-0.7973	-0.082453
-1.0122	0.37729
-1.0159	0.53067
-0.51786	0.31642
-0.77267	0.40867
-0.21253	-0.36792
-0.24556	-0.62896
-0.43221	0.40753
0.18086	0.24897
0.81487	0.5207
1.4659	0.47019
-0.2229	1.2447
-0.42314	0.60827
-0.82277	0.38509
-0.47675	-0.16872
-1.7067	0.54836
-0.98223	0.47627
-0.67393	-0.11518
-1.1815	0.024577
-0.91897	0.80939
-0.44919	-0.23348
-0.75938	0.28255
-0.78306	0.37648
0.044995	0.54287
0.33812	0.15369
0.39146	-0.030254
0.14868	0.68332
1.0288	0.64109
2.1402	1.1096
2.1177	0.34498
0.86861	0.47835
0.31551	-0.56466
-0.25718	-0.12259
-1.2589	1.306
0.30579	0.55687
-1.3368	1.4803
-0.27091	0.59403
-0.84809	-0.39341
-1.0402	0.46108
-1.2131	0.694
-0.23455	0.80792
0.38437	0.52292
0.48078	0.28458
0.12796	0.50115
0.14421	0.71913
1.3138	0.15684
1.046	0.63888
2.1387	0.71009
1.9296	0.79117
2.2015	0.1984
0.30624	-0.033575
0.18922	-0.051969
0.38978	-0.58825
-0.21137	0.60234
-0.93943	0.26703
-0.35549	0.59562
-0.651	-0.045294
-0.5577	-0.38253
-0.59151	-0.45326
-0.9834	-0.088284
-1.4278	-0.3957
-0.25804	-0.27681
1.3932	-1.0366
0.84612	-0.15083
-0.016374	0.5417
0.58075	0.1716
2.2751	-1.051
0.98491	-0.34382
1.0792	-0.51698
0.15014	-0.57332
1.2771	-0.92919
-0.43613	0.09407
-0.99398	0.28979
-0.26107	-0.31919
0.54084	-0.78526
0.15798	-0.74406
0.52777	-0.55532
-0.56844	-0.15751
-0.32089	0.134
-0.64487	-0.18933
-0.6135	-0.45768
0.81071	-1.2232
1.1096	-0.50365
0.86655	-0.83996
1.0541	-0.029523
1.5032	-0.50761
1.0813	-0.74362
0.68673	-0.5532
-0.052201	-0.62072
-1.4997	0.32372
-0.89917	-0.36073
-0.56687	-0.22331
-0.50124	-0.94123
0.28605	-1.1758
-0.54012	-0.31611
0.55244	-0.99133
-1.1371	-0.62301
-0.58967	-2.1105
0.026535	-4.614
-0.74111	-5.3484
-0.67291	-3.3744
0.18029	2.012
1.1986	3.9979
1.3892	3.6824
-1.5375	2.1705
-1.584	-1.7562
-0.41743	-2.3438
-0.11103	-0.33532
0.19739	1.9809
0.37359	3.3055
-0.078032	2.0851
-0.41578	-0.3373
0.59201	-2.1362
-0.083336	-0.58457
2.1362	0.5665
2.3262	1.0711
2.6861	0.99251
1.3137	0.24319
0.9056	-0.77613
-0.43018	-0.50696
0.11685	-0.32582
1.0967	0.56429
-0.16124	1.8278
-0.19169	0.25509
-0.40068	-1.3793
-0.88522	-1.3009
-0.53652	-1.004
0.07372	0.13323
0.15924	1.3351
0.67458	0.28974
-0.49382	-0.054654
0.19649	-0.77492
1.0951	-1.0091
1.7276	-0.029145
1.4934	0.25824
2.8795	-0.1416
0.43271	-0.33141
1.3997	-1.4824
-0.16312	-0.52315
-0.34495	0.17508
-0.19325	0.36912
-0.89525	0.4518
-0.68445	-0.5935
-1.829	0.1885
-0.075873	-0.72241
-0.16046	-0.42809
1.0933	0.29666
-0.76927	0.36762
-0.99391	0.61117
-0.88004	-0.076784
0.44298	-1.2264
0.81276	-0.16488
1.3452	0.06296
2.2262	0.026934
1.3835	-0.090475
1.532	-0.55025
-0.065516	-0.16584
-0.81996	0.077746
-1.3885	0.30234
-0.78728	0.56227
-0.3386	-0.20822
-0.31129	-1.0263
-0.87104	-0.3919
0.31108	-0.45623
-0.65424	0.019437
-0.54322	-0.18686
-1.083	0.77124
-0.69159	0.42144
-0.32761	0.43516
-0.8805	0.60985
0.46796	0.11114
0.53588	0.34463
1.3386	0.15395
2.3499	-1.0265
1.282	-0.36986
-1.2747	0.014207
-0.26595	-0.38748
-0.83157	0.10014
-0.75417	0.065005
-0.81635	-0.18878
-0.41902	-0.42597
-2.1997	0.46757
-1.3284	0.057743
-1.7026	1.2049
-1.381	0.67155
-0.14662	0.027803
-0.40758	-0.45988
-0.64722	0.011665
-0.42887	0.11928
1.1558	-0.39993
0.74087	0.17037
0.67417	0.7545
0.3131	0.48695
0.077381	0.56667
-1.9314	0.87264
-0.92783	0.39874
-1.4207	0.99479
-0.97017	0.3161
-1.2979	0.47928
-0.95585	-0.26009
-0.95008	0.34084
-0.82113	0.227
-1.245	0.65604
-0.29511	0.18897
-1.0683	0.012797
-0.44885	-0.49418
-0.15152	-0.31197
-0.61677	0.16833
-0.09211	0.35727
0.73287	0.57588
1.6576	0.12961
-0.39381	1.3737
-0.12206	0.52529
-0.88713	-0.14344
-0.51666	0.10898
-1.6879	0.48741
-0.83685	0.72466
-0.55515	0.057619
-1.0539	0.32391
-0.86304	0.55525
0.21821	-0.27953
-0.90748	0.70245
-0.81279	0.17718
-0.52479	0.41634
0.4485	0.25916
0.311	-0.29244
0.22068	0.63
1.2666	0.8767
1.7733	0.9641
2.7015	0.40523
1.0725	0.34007
0.39885	-0.60095
-0.34611	0.0029553
-0.96878	1.1935
0.29215	0.63969
-0.74562	1.3136
-0.5941	0.23623
-0.58367	-0.064086
-0.97253	0.1469
-1.0172	0.71935
0.027742	1.2487
0.63958	0.94476
0.52826	0.60774
-0.037183	0.14222
0.044349	0.4086
1.5521	0.75673
1.3243	0.60012
2.2929	0.44792
1.9502	0.64839
1.9759	0.30877
0.60929	0.61589
0.39474	-0.29451
0.73508	-0.77373
-0.6964	0.42407
-0.8629	0.64064
-0.33171	0.67534
-0.40409	-0.11325
-0.36528	-0.24871
-0.63203	-0.32503
-1.18	-0.26657
-1.4651	-0.037142
-0.43625	-0.5374
1.3945	-0.90322
0.60693	-0.49933
-0.25034	0.38606
0.69813	0.018207
2.3867	-1.182
0.87816	0.13448
1.0311	-0.49461
-0.15842	-0.45037
1.6089	-0.62333
-0.070135	0.047487
-1.0309	0.17436
-0.3409	-0.16602
0.35674	-1.3323
0.36158	-1.2072
0.44708	-0.55413
-0.6772	-0.51365
-0.50676	-0.29838
-0.58828	-0.35683
-0.62478	-0.23643
0.031744	-1.237
0.6887	-0.41882
0.85869	-0.75723
1.117	-0.020435
1.4065	-0.19289
1.0036	-0.65684
1.007	-1.091
-0.064376	-0.75637
-1.5679	0.34373
-0.5766	-0.27345
-0.40215	-0.42521
-0.79533	-0.80482
-0.18469	-0.79384
-0.73975	-0.72603
0.38039	-1.0279
-0.9943	-0.49082
-1.0043	-1.8568
-0.28606	-4.9141
-0.59415	-5.6131
-0.55442	-3.3366
-0.08727	1.7389
1.0854	3.6668
1.6001	3.6167
-1.359	1.9314
-1.798	-1.7465
-0.7177	-2.389
-0.54138	-0.25316
0.28502	2.0917
0.48112	2.991
-0.51828	2.0463
-0.24066	0.1587
0.60843	-1.7735
0.14253	-0.73669
1.9242	-0.0040132
2.3941	1.4997
2.7117	0.55485
1.3787	0.30869
0.63935	-1.0801
-0.62786	-0.78017
0.29754	0.15645
1.3373	0.50669
-0.30742	1.1952
-0.20679	0.36989
-0.1168	-1.3127
-0.25073	-1.151
-0.38949	-0.84314
0.12227	0.3682
-0.073893	1.2642
0.53076	0.48321
-0.87516	-0.2293
-0.079499	-1.082
0.60883	-0.60839
1.946	-0.21664
2.03	0.40746
2.8819	-0.42041
0.55022	-0.47679
1.1786	-1.4296
-0.47137	-0.77907
-0.25775	-0.20494
-0.61719	0.090236
-0.32315	0.63128
-0.29037	-0.30278
-1.7225	0.080735
0.018013	-0.74671
0.18619	-0.43893
0.86185	0.031772
-0.5664	0.19245
-1.1718	0.29213
-0.71778	0.23672
0.57565	-1.2607
1.2458	-0.13642
1.6149	-0.085759
2.0806	0.041869
1.4584	0.21456
1.5808	-0.64447
-0.034732	-0.2847
-0.86805	0.061997
-1.1333	0.87981
-1.0475	0.69685
-0.076322	-0.43949
-0.3972	-0.54464
-0.59419	0.032146
0.44248	-0.75186
-0.51373	0.76341
-0.38759	-0.0036697
-1.0809	0.49709
-0.7702	0.52422
-0.67683	0.14543
-0.79996	0.33008
0.95122	0.59988
0.16769	0.26147
1.2264	0.019344
2.6576	-0.95814
1.4043	-0.69161
-1.0897	-0.023815
-0.22669	-0.47261
-1.3437	0.29966
-0.72757	-0.024191
-0.57862	-0.23193
-0.55578	-0.70529
-2.5175	0.62364
-1.3445	0.15463
-1.6296	0.95673
-1.3463	1.1493
-0.1559	0.010195
-0.94312	-0.013716
-1.0485	-0.02808
-0.076037	-0.23311
0.86376	-0.47165
0.68943	0.39536
0.84347	0.22296
0.48765	0.30013
-0.014251	0.82542
-1.8107	0.95343
-0.64819	0.2664
-1.2613	1.1922
-0.89972	0.28403
-1.8069	0.42188
-1.1213	-0.28274
-1.0335	0.033418
-0.82543	0.26078
-1.0009	0.59042
-0.60761	0.19695
-0.80052	0.053374
-0.30056	-0.57197
0.036385	-0.41245
-0.52325	0.69383
0.069662	0.48525
0.38895	0.6681
1.2407	0.33344
-0.47567	1.1545
-0.3624	0.20849
-0.63048	0.10541
-0.70722	-0.020932
-1.7794	0.79292
-0.96626	0.52556
-0.57297	0.0084889
-1.6929	0.17159
-0.95157	0.47443
-0.019032	-0.18644
-0.89815	0.54377
-0.61903	0.38916
-0.57571	0.37262
0.2065	0.30086
0.37392	-0.32009
0.56329	0.58765
1.1548	0.61253
1.5204	0.69334
2.2633	0.60475
1.0807	0.25268
0.36849	-0.11165
-0.12561	0.20142
-0.92102	1.0491
0.36974	0.80054
-0.94648	1.3798
-0.8229	0.73727
-0.75838	0.018626
-1.2356	0.2489
-0.86474	0.5107
0.3224	0.66536
0.4068	0.45133
0.38489	0.76935
-0.24304	0.41092
0.28446	0.4687
1.0646	0.58301
1.3524	0.42306
2.4091	0.44376
2.0388	0.66048
1.955	0.38862
0.34535	0.035067
0.90897	-0.47331
0.28213	-0.74169
-0.42012	0.50839
-1.0564	0.53731
-0.15064	0.47153
-0.25194	-0.23159
-0.80515	-0.026468
-0.24903	-0.65128
-1.1431	-0.34633
-1.3048	-0.1146
-0.40048	-0.36161
1.5266	-1.253
0.44777	-0.22417
-0.30578	0.24131
0.44297	0.15228
2.2309	-0.69406
0.91389	0.037967
0.77285	-0.73956
0.15482	-0.33799
1.2062	-0.6485
-0.38083	0.4357
-1.0077	-0.13133
-0.37417	-0.096901
0.39944	-0.90479
0.23762	-1.7461
0.54905	-0.59737
-0.62083	-0.16121
-0.28647	-0.44322
-0.27738	-0.23056
-0.39194	-0.58002
0.59206	-1.1386
0.88233	-0.67349
1.5095	-0.87176
0.64052	-0.34811
1.3558	-0.32138
0.91332	-0.098793
0.64857	-0.88824
0.093019	-0.50179
-1.7351	0.39335
-0.85847	-0.21938
-0.59447	-0.54491
-0.97034	-0.53261
-0.10152	-1.2157
-0.43708	-0.19101
0.74174	-0.61015
-0.71102	-0.66495
-0.51593	-2.0597
0.11804	-4.5068
-0.54144	-5.7185
-1.0178	-3.5466
0.070077	2.1336
1.1121	3.663
1.7913	3.7829
-1.7433	2.1437
-1.5646	-1.5424
-0.79248	-2.079
-0.19886	-0.26373
-0.055383	2.1361
0.56696	3.134
-0.2263	1.8608
-0.48406	-0.036082
0.48307	-2.0536
0.15887	-0.28904
1.9551	0.044539
2.3642	1.4342
2.5746	1.2446
1.0242	0.15227
0.39561	-0.90108
-0.44216	-0.78905
0.28308	0.0022427
1.2214	0.47071
-0.62769	1.178
-0.15886	0.4542
-0.46177	-1.1626
-0.64074	-0.99682
-0.88116	-0.77856
0.33486	0.16239
0.01222	1.1563
0.21664	0.063711
-0.74703	-0.26734
-0.0063429	-0.99607
0.32825	-0.94732
1.4487	-0.40887
1.7278	0.58344
2.9261	-0.07448
0.23241	-0.54621
1.3428	-1.4011
-0.23839	-0.83125
-0.12951	0.26237
-0.3747	0.29804
-0.89162	0.56007
-0.49628	-0.17412
-1.8077	0.16552
0.11822	-0.76984
-0.066044	-0.28178
1.1128	-0.15043
-0.50355	0.55599
-0.796	0.41806
-0.94508	-0.01313
0.47597	-1.2596
1.0669	-0.055583
1.5579	0.096017
2.08	0.037879
1.9108	0.028849
1.5938	-0.66934
0.060242	-0.1189
-1.0236	0.29273
-1.3396	0.82305
-0.90162	0.26648
-0.27387	-0.46993
-0.11431	-0.69235
-0.52793	-0.28783
-0.028362	-0.42959
-0.79036	0.47241
-0.10779	0.026184
-1.5535	0.50487
-0.55477	0.082472
-0.46943	0.30084
-1.3416	0.69113
0.60918	0.44857
0.8697	0.39316
0.99188	0.40423
2.6768	-0.95547
1.2909	-0.8388
-0.74146	0.22443
-0.37445	-0.44267
-1.2032	-0.025911
-1.1187	0.30107
-0.8435	-0.39828
-0.47961	-0.41805
-2.2104	0.41207
-0.99944	0.12112
-1.5918	1.2083
-1.9123	1.1517
-0.0015059	0.17731
-0.62412	0.1179
-0.79834	-0.036349
-0.018563	-0.13794
1.3315	-0.51163
1.3312	0.52291
0.53248	0.16558
0.52506	0.37208
0.13839	0.55383
-1.7675	1.05
-0.98756	0.51009
-1.3117	0.82143
-0.96223	0.48911
-1.4706	0.31213
-0.92659	-0.36513
-0.62655	0.34652
-0.86849	0.38352
-0.66555	0.60276
-0.52225	0.80478
-1.1659	0.060057
-0.12562	-0.40315
-0.1267	-0.43732
-0.3238	0.5552
0.38726	0.54703
0.42991	0.59566
1.7199	0.10993
-0.53387	1.1603
-0.02047	0.43458
-0.91525	-0.18622
-0.51096	0.18095
-1.9079	0.52642
-0.99127	0.52929
-0.85891	0.19605
-1.4704	0.083376
-1.1166	1.0563
-0.23298	-0.035367
-0.66114	0.34437
-0.66691	0.11788
-0.033942	0.37386
0.19767	0.16358
0.47189	-0.19516
0.3117	0.72333
1.431	0.71038
1.9087	0.74822
2.2693	0.28255
1.0829	0.55822
0.39677	-0.65622
-0.42368	-0.16926
-1.0985	1.3762
0.5409	0.7849
-0.73564	1.334
-1.1003	0.68662
-0.94161	0.17647
-1.2632	0.12157
-0.82689	0.70531
0.025932	0.78164
0.72827	0.64215
0.50068	0.68103
-0.045128	0.42808
0.38394	0.39183
1.3503	0.41319
1.803	0.6459
2.261	0.72063
2.0431	0.97618
1.9056	0.65764
0.39515	0.42941
0.52935	-0.085433
0.62165	-0.53216
-0.38703	0.36723
-0.86539	0.19861
-0.58853	0.49034
-0.48147	0.050139
-0.67543	-0.29508
-0.31689	-0.29826
-1.0892	-0.33351
-1.312	0.11109
-0.13571	-0.57623
1.3435	-0.57558
0.44826	-0.30461
-0.7023	0.03064
0.83611	-0.25042
2.4516	-1.0683
0.95046	-0.19718
1.2503	-0.25917
0.37588	-0.21839
1.3228	-0.89417
-0.53292	0.20836
-1.1725	0.26996
-0.14523	-0.50197
0.53789	-1.159
0.34755	-1.0051
0.39679	-0.85713
-0.52019	-0.26597
-0.31129	0.10485
-0.62998	-0.3156
-0.30345	-0.50287
0.30122	-0.90312
0.89677	-0.18678
1.3596	-0.85451
0.51378	-0.076527
1.2032	-0.3273
0.69751	-0.39936
0.6987	-0.98022
-0.24216	-0.7502
-1.3364	0.28634
-0.91949	-0.35479
-0.67495	-0.4155
-0.68347	-0.74353
-0.2205	-0.83
-0.2685	-0.6128
0.28047	-0.98619
-0.70563	-0.84271
-0.76423	-1.9674
-0.20166	-5.007
-0.27297	-5.7365
-0.57402	-3.328
0.031335	1.9653
1.4414	3.39
1.3733	3.7666
-1.7718	2.1836
-1.3538	-1.4029
-0.77974	-2.1634
0.05126	0.023522
0.073208	1.8856
0.46972	2.7589
-0.17073	2.0064
-0.42058	-0.19538
0.74433	-2.308
-0.098105	-0.96024
1.9171	0.30987
2.6044	1.4578
2.613	0.97844
1.7617	-0.092252
0.84053	-1.019
-0.39294	-0.59184
0.44316	0.019596
1.3317	0.64165
-0.22521	1.3985
-0.27119	0.26708
-0.36769	-1.4071
-0.87012	-1.1967
-0.62021	-0.99368
0.30277	0.31737
0.38991	1.5164
0.40086	0.55842
-0.37424	-0.50646
0.050571	-0.71361
0.65613	-0.72071
1.8851	0.013335
1.8857	0.6959
2.5769	-0.068445
0.32545	-0.30254
1.1947	-1.6816
-0.075551	-0.51159
-0.44436	-0.46548
-0.56382	0.57319
-0.70823	0.73519
-0.41347	-0.23052
-2.1091	-0.12791
-0.28586	-1.0834
0.25568	-0.54025
1.2539	0.081597
-0.64753	0.36261
-0.93511	0.35848
-0.69239	0.15758
0.437	-0.9586
0.90166	-0.060132
1.1567	0.34005
2.2118	0.07984
1.46	-0.13489
1.4622	-0.49997
0.16746	0.17247
-0.76308	-0.024293
-1.0737	0.68008
-0.77904	0.40358
0.1849	-0.46277
-0.18072	-0.76411
-0.58055	-0.51176
0.37509	-0.45122
-0.74433	0.27596
0.05513	0.11489
-0.87745	0.65465
-0.46195	0.19288
-0.8222	0.411
-1.0231	0.25818
0.71502	0.58028
0.36997	-0.034598
1.0644	0.089562
2.6629	-0.94201
1.0814	-0.56041
-0.8847	-0.069514
-0.19676	-0.41752
-1.2115	0.057621
-0.86569	0.065712
-0.90283	-0.2552
-0.58511	-0.61672
-2.3681	0.38633
-1.3861	0.20169
-1.9258	0.88527
-1.1671	0.34068
-0.35276	0.55691
-0.5409	-0.19719
-0.80968	0.079309
-0.017367	0.28174
1.1991	-0.54496
0.87244	0.12299
0.62548	0.51201
0.37172	0.29413
0.1127	0.69084
-1.8224	0.7519
-0.44143	0.234
-1.2438	0.83547
-1.2492	0.58347
-1.5116	0.48079
-1.2147	-0.14182
-0.72634	0.53867
-0.93751	0.033079
-1.0251	0.53476
-0.69439	0.64146
-1.2098	0.13934
-0.32918	-0.44525
-0.08946	-0.50451
-0.53999	0.22531
0.027563	0.7199
0.75931	0.51539
1.1603	0.3987
-0.69832	1.0156
0.04603	0.47384
-0.97195	0.23569
-0.77747	0.02274
-1.49	0.76464
-1.0569	0.32368
-0.87488	0.19303
-1.5274	0.065139
-0.85359	0.75167
-0.21616	-0.14261
-0.79868	0.4501
-0.45266	0.47161
-0.12811	0.64775
0.38122	-0.017728
0.21258	-0.14067
0.23161	0.77684
0.93371	0.52285
1.8935	0.95116
2.2887	0.6081
0.90997	0.56926
0.15656	-0.46661
0.020691	-0.15532
-0.99416	1.3468
0.23503	0.99752
-0.8359	1.3933
-0.66363	0.54662
-0.50941	0.47234
-0.91232	0.56843
-0.75469	0.96438
0.068868	0.85571
0.12094	0.85364
0.81478	0.57294
0.28483	0.34678
0.25559	0.46426
1.2973	0.53612
1.3666	0.47005
2.3376	0.50404
1.7575	0.95937
1.5718	0.37093
0.42956	0.015077
0.42366	-0.48023
0.4985	-0.50878
-0.52842	0.48667
-0.71002	0.19808
-0.60566	0.70357
-0.41259	-0.055958
-0.70427	-0.41796
-0.89904	-0.80666
-1.0084	-0.20669
-1.3106	0.030918
-0.32201	-0.73574
1.0965	-1.1542
0.56977	-0.29806
-0.12636	0.44355
0.46729	0.19581
2.3966	-1.1426
0.98433	-0.053022
1.1186	-0.39859
0.12609	-0.41003
1.503	-0.77447
-0.34251	-0.047148
-1.047	0.17837
-0.13196	-0.44091
0.52344	-1.0576
0.52787	-1.3327
0.58061	-0.92704
-0.28632	-0.36204
-0.58418	-0.3679
-0.70093	-0.074845
-0.76956	-0.36357
0.4109	-1.3292
1.1389	-0.55254
0.95653	-0.72884
0.84744	-0.36377
1.4715	-0.53661
0.57973	-0.30383
0.77907	-1.0524
-0.44403	-0.79356
-1.5077	0.26257
-0.89574	-0.14389
-0.46291	-0.67632
-0.64418	-0.81
-0.2185	-0.94727
-0.21058	-0.34986
0.71964	-0.95009
-1.0602	-0.58925
-0.39571	-2.2152
-0.14488	-4.6395
-0.8791	-5.8054
-0.8917	-3.6047
0.19934	1.9688
1.5275	3.7889
1.4516	3.6988
-1.4199	1.7587
-1.3028	-1.5443
-0.76158	-2.4071
-0.44998	-0.07355
0.4774	1.9733
0.43708	3.1102
-0.27306	1.9228
-0.78591	-0.079095
1.0254	-2.1488
0.022043	-0.39403
2.21	0.01404
2.5695	1.3268
2.6986	1.1847
1.573	-0.11389
0.64303	-0.76853
-0.37983	-0.41839
-0.0901	0.22272
1.3803	0.50202
-0.17788	1.5477
-0.5734	0.058563
-0.65427	-1.0794
-0.62264	-1.1835
-0.67919	-0.81769
0.17128	0.40364
-0.076022	1.234
0.22173	0.49803
-0.96205	-0.099546
-0.28518	-0.77526
0.34614	-0.86475
1.8279	-0.26191
1.6707	0.47666
2.6704	-0.32181
0.75387	-0.57469
1.005	-1.4605
-0.10551	-0.59658
-0.49352	0.21873
-0.018706	0.38307
-0.67315	0.78637
-0.66446	-0.31988
-2.1129	-0.15289
0.20378	-0.83653
0.29642	-0.26223
1.1256	-0.22012
-0.99471	0.29999
-1.1031	0.59196
-0.85931	0.064826
0.4677	-1.2555
0.85311	-0.41866
1.5061	-0.079445
2.2593	-0.10474
1.4709	0.42123
1.3392	-0.70657
-0.10199	-0.33375
-0.36515	0.24389
-1.3856	0.7223
-0.45824	0.33512
0.035424	-0.32056
-0.26488	-1.0012
-0.64425	-0.38716
0.21032	-0.39441
-0.60765	0.22694
-0.32732	0.22101
-0.92804	0.5806
-0.34479	0.30651
-0.63948	0.40905
-0.6729	0.203
0.39224	0.13572
0.74497	-0.026272
0.90075	-0.24228
2.679	-1.0705
0.93609	-0.66884
-1.1286	-0.1608
-0.25794	-0.05838
-1.272	0.045443
-0.86495	-0.22099
-0.31606	-0.26734
-0.31557	-0.59174
-2.2772	0.36477
-1.5037	0.3
-1.4784	1.0763
-1.6811	1.2054
-0.22119	0.23324
-0.88563	-0.23669
-0.84102	-0.099711
-0.35599	0.10665
1.1003	-0.60932
0.71332	-0.041296
0.67985	0.3642
0.4927	0.23648
-0.13709	0.60506
-1.8954	1.1777
-0.72357	0.22765
-1.0696	1.1062
-0.78095	0.65402
-1.4129	0.4246
-1.0172	-0.34061
-0.72447	0.51907
-1.3802	0.20612
-0.79407	0.72188
-0.2973	0.21861
-1.1401	0.3651
-0.28892	-0.55382
-0.056757	-0.15754
-0.15183	0.52236
0.61086	0.45802
0.66976	0.29976
1.7668	0.019309
-0.65531	1.0739
0.12575	0.59458
-1.296	0.065459
-0.52258	0.029171
-1.9154	0.5496
-1.0543	0.69323
-1.1158	0.04743
-1.4004	0.029374
-0.80652	0.64168
-0.18489	-0.11316
-0.69712	0.60694
-0.70934	0.51371
-0.42819	0.79321
0.4433	0.50917
0.31014	-0.016895
0.52097	0.52742
1.0464	0.67041
1.9004	0.82777
1.9066	0.59719
1.1446	0.7424
0.41471	-0.37832
-0.039166	-0.17793
-0.96488	0.73838
0.050092	0.81742
-0.94644	1.2594
-0.63509	0.36278
-0.65539	-0.029371
-1.2015	0.34473
-1.0586	0.95898
0.095327	1.0311
0.64433	1.0973
0.39078	0.53445
0.22588	0.058445
0.36307	0.56213
1.3956	0.10552
1.4262	0.60764
2.3357	0.58
1.668	1.0421
1.7011	0.58952
0.58859	0.12078
0.50101	-0.28355
0.34637	-0.54219
-0.42441	0.40715
-0.58722	0.37401
-0.54705	0.76687
-0.55312	-0.074404
-0.47881	-0.28148
-0.88573	-0.75269
-1.0846	-0.25583
-0.95635	-0.36405
-0.090494	-0.71116
1.2549	-0.85867
0.8734	-0.36567
-0.51485	0.53752
0.819	0.15655
2.332	-0.99733
0.73727	-0.05164
1.2839	-0.37501
-0.032617	-0.44301
1.3786	-0.94663
-0.38544	0.15335
-0.92624	0.38174
-0.59256	-0.39658
0.6984	-1.2952
0.43583	-1.2083
0.29313	-0.51747
-0.43377	-0.21712
-0.49366	-0.052889
-0.60622	0.13593
-0.38205	-0.30001
0.50159	-0.91023
0.83167	-0.21223
1.069	-0.89854
0.84574	-0.50078
1.4614	-0.91558
0.70976	-0.28381
0.97677	-0.78892
-0.10617	-0.5351
-0.93454	0.3095
-0.83787	-0.61598
-0.13432	-0.46894
-0.65192	-0.53427
-0.14564	-1.0465
-0.74839	-0.45091
0.51683	-0.74394
-0.91638	-0.89192
-1.0985	-2.0024
-0.21916	-4.6771
-0.19128	-5.3388
-0.75453	-3.5157
0.20198	1.8963
1.3675	3.8424
1.4591	3.6762
-1.6778	1.7362
-1.4406	-1.7856
-0.91086	-2.5981
-0.41803	-0.47279
0.34049	1.7102
0.59055	2.9557
-0.38498	2.203
-0.68726	-0.015415
1.0895	-1.9378
-0.35884	-0.51334
1.9396	0.15726
2.4024	1.6051
2.6647	0.90774
1.3015	0.15768
0.64067	-1.0031
-0.4114	-0.52293
0.069474	-0.090179
1.2814	0.53319
-0.10344	1.5439
0.044475	0.013108
-0.78209	-1.5262
-0.68166	-0.89588
-0.36436	-0.61274
0.25579	0.45091
0.19581	1.1295
0.29439	-0.10667
-0.59294	-0.16691
0.034623	-0.77455
0.63622	-0.83791
1.5906	-0.29431
1.6436	0.57136
2.9306	-0.39854
0.50868	-0.3546
1.1138	-1.4194
-0.43295	-0.46523
-0.18389	-0.024417
-0.10741	0.48142
-0.52931	0.61212
-0.38096	-0.21189
-1.9591	0.31972
-0.29749	-0.64474
0.11358	-0.22103
1.4537	0.22617
-1.0131	0.56578
-0.95474	0.53517
-0.94227	0.13504
0.22801	-1.1407
0.96366	-0.44959
1.3506	-0.14063
2.0072	-0.012474
1.106	0.011957
1.4425	-0.51472
0.14191	-0.18957
-0.53934	0.27563
-0.8242	0.77913
-0.90968	0.33028
-0.34369	-0.2764
-0.29407	-1.1032
-0.48688	0.052555
0.20694	-0.5401
-0.65214	0.57191
-0.21854	0.15513
-1.0215	0.60747
-0.25414	0.088711
-0.84903	0.27062
-0.99762	0.28524
0.45762	0.12739
0.52638	-0.2428
1.1026	-0.05091
2.7865	-0.9265
1.5255	-0.98979
-1.1206	-0.12583
-0.36509	-0.38127
-1.1591	0.4106
-0.48092	-0.33305
-0.58156	0.028297
-0.61725	-0.65615
-2.1789	0.82921
-1.3798	0.02782
-1.7621	0.78189
-1.5343	0.67738
0.13013	0.23157
-0.63106	0.15641
-1.0639	0.22869
0.018391	0.30419
0.797	-0.58255
0.76111	0.08355
0.39951	0.42176
0.53172	0.53944
-0.15135	0.28449
-1.6819	1.1441
-0.83149	0.27528
-1.2389	1.0111
-0.48689	0.41426
-1.5806	0.20224
-1.1868	0.20885
-0.88435	-0.15073
-0.78931	0.15349
-1.198	0.625
-0.2588	0.22463
-0.83995	0.36563
-0.48815	-0.50931
-0.13119	-0.1938
-0.36232	0.022591
-0.11252	0.47758
0.46727	0.7636
1.2641	-0.050757
-0.57517	0.99966
-0.10622	0.39207
-0.97156	0.035914
-0.53568	0.040254
-1.9255	0.8698
-0.99092	0.49104
-0.55336	0.027794
-1.3517	0.29044
-0.69087	0.74517
0.1229	-0.48577
-0.84009	0.1556
-0.60334	0.15544
-0.13734	0.5531
0.61316	0.21662
-0.090257	0.072746
0.5302	0.81733
0.87721	0.87843
2.1757	1.1418
1.9894	0.39545
1.0675	0.45473
-0.0037047	-0.54431
-0.44536	-0.24722
-1.4239	0.98196
0.61906	0.93593
-0.83038	1.2117
-0.67261	0.86617
-0.62119	-0.094284
-1.2521	0.49861
-1.0007	1.1405
-0.055952	0.75844
0.38675	0.7877
0.62808	0.51045
0.25518	0.54097
0.58817	0.2709
1.3939	0.51803
1.2632	0.73452
2.0572	0.40749
1.4759	0.75731
1.7781	0.53778
0.62073	0.034375
0.33964	-0.50868
0.3294	-0.7531
-0.54875	0.55535
-0.90721	0.56757
-0.55714	0.56915
-0.088127	0.04509
-0.55453	-0.39428
-0.34619	-0.46372
-1.2372	-0.13767
-1.2082	-0.13003
-0.23463	-0.50453
1.6098	-0.79149
0.76816	-0.34623
-0.38219	0.36963
0.42639	-0.14224
2.2697	-0.71063
0.76865	-0.13116
1.2994	-0.75086
0.33288	-0.35
1.4841	-0.3636
-0.32961	0.2789
-1.2162	0.34839
-0.24882	-0.41003
0.41649	-1.0715
0.34881	-1.0147
-0.11137	-0.78997
-0.57835	-0.4676
-0.47242	-0.36259
-0.66999	0.0095095
-0.49504	-0.37805
0.28465	-1.148
0.6531	-0.37344
0.86408	-0.98648
1.0242	-0.50071
1.7931	-0.55174
0.85334	-0.1145
0.80546	-0.615
-0.046376	-0.68226
-1.2998	0.36695
-0.8009	-0.13193
-0.54244	-0.41043
-0.65591	-0.60348
-0.14086	-0.83362
-0.64911	-0.38905
0.25358	-0.71897
-0.7255	-0.51453
-0.42741	-2.2421
-0.083619	-4.625
-0.27295	-5.6214
-0.72095	-3.5794
-0.15627	1.6634
0.99843	3.7677
1.7701	3.8358
-1.5732	2.0718
-1.7084	-1.5041
-1.0432	-2.5374
-0.52791	0.060586
-0.050735	2.4173
0.45056	2.8934
-0.37848	2.261
-0.56334	-0.018308
0.77618	-2.1935
0.10816	-0.65256
2.1038	0.22118
2.6587	1.6833
2.5326	1.0919
0.93256	0.027552
0.82086	-1.2001
-0.56421	-0.90016
0.016276	0.066874
1.6138	0.46513
-0.49512	1.4952
-0.063098	0.25346
-0.53551	-1.4605
-0.53815	-1.007
-0.24346	-0.73635
0.13908	0.061175
0.26479	1.5023
0.53721	0.16121
-0.65084	-0.17696
0.047292	-1.0752
0.38252	-1.003
1.5798	-0.25491
2.1228	0.48858
2.6892	0.15534
0.44153	-0.31748
1.0516	-1.3122
-0.49789	-0.89754
-0.35013	-0.20115
-0.17156	0.49249
-1.0163	0.95276
-0.52375	-0.33432
-1.9325	-0.068933
0.13697	-0.71332
0.39826	-0.17836
1.1758	0.080962
-0.64978	0.40396
-1.0094	0.50309
-0.9807	-0.01547
0.3777	-1.0999
1.3221	-0.089786
1.4022	-0.053228
2.1757	0.018343
1.3595	0.39056
1.3812	-0.45031
0.18646	0.055539
-0.3637	0.16723
-1.273	0.79017
-1.0083	0.2147
-0.048477	-0.70878
-0.10819	-0.9192
-0.66413	-0.41975
0.26758	-0.45552
-0.82265	0.10622
-0.048306	0.26743
-1.1715	0.89163
-0.54683	0.55338
-0.6835	0.57042
-0.99807	0.33972
0.33907	0.29382
0.62205	0.37132
1.2386	0.02048
2.4098	-0.93201
1.4717	-0.80481
-1.3548	0.1961
-0.51015	-0.10458
-0.90795	0.43067
-0.69098	-0.039124
-0.83945	-0.12521
-0.47645	-0.54765
-2.51	0.46769
-1.1442	0.24557
-1.7722	1.3723
-1.8532	0.87852
-0.61961	-0.099149
-0.66468	0.21609
-0.74209	0.023907
-0.19816	0.045757
1.49	-0.33833
1.1297	0.10805
0.41982	0.57617
0.39785	0.13461
0.14445	0.71061
-2.1931	0.93289
-0.70238	0.1614
-1.0548	1.1003
-0.95549	0.42222
-1.1906	0.13865
-1.2693	-0.12731
-1.221	-0.37874
-1.0559	0.096689
-0.96994	0.47741
-0.4283	0.50702
-0.76033	0.3369
-0.21449	-0.47774
-0.33843	-0.48671
-0.3115	0.10162
0.34127	0.44299
0.5271	0.23922
1.3334	0.4196
-0.40343	0.98215
-0.36064	0.39721
-1.1996	-0.027804
-0.48428	-0.07228
-1.858	0.46659
-1.1426	0.83205
-0.72166	-0.022451
-1.4551	-0.17396
-0.57373	0.61921
-0.13483	-0.11621
-0.8162	0.4347
-0.4821	0.37394
-0.51538	0.27052
0.41717	0.32889
0.26658	-0.074763
0.064148	0.74185
1.1169	0.57077
2.0729	1.0656
2.3314	0.55801
1.1819	0.66139
0.62515	-0.51659
-0.25526	-0.20253
-1.0104	1.0306
0.41875	0.64707
-0.98537	1.2083
-1.0809	0.48535
-0.82396	-0.097328
-1.0822	0.66828
-1.0394	0.90922
-0.11903	0.82811
0.5839	1.0887
0.80223	0.65732
0.089667	0.30516
0.057866	0.58372
1.5486	0.46748
1.3967	0.56721
2.1982	0.76775
1.7856	0.73013
1.6213	0.50959
0.65145	-0.06247
0.31728	-0.29999
0.77268	-0.61084
-0.71998	-0.075991
-0.6735	0.29079
-0.51094	0.39321
-0.24495	-0.11838
-0.80284	-0.11426
-0.51037	-0.61374
-1.168	-0.18378
-1.2312	0.074309
-0.26875	-0.034176
1.2951	-0.5323
0.50868	-0.2698
-0.30014	0.42161
0.43527	-0.25423
2.3245	-1.0939
0.90365	-0.45568
1.2015	-0.22613
-0.045781	-0.22423
1.8595	-0.82671
-0.27289	0.31292
-1.2104	0.052851
-0.022955	0.054643
0.46611	-0.77742
0.35919	-1.1396
0.58509	-0.23982
-0.66503	-0.40555
-0.38431	-0.20062
-0.66078	-0.17242
-0.2376	-0.51699
0.26944	-1.1919
0.71834	-0.47843
1.3787	-0.39645
0.63422	-0.36153
1.1418	-0.47442
0.9598	-0.53961
0.35525	-0.8896
-0.33989	-0.75328
-1.4849	0.43336
-0.86823	-0.29745
-0.82001	-0.58707
-0.60033	-0.70677
-0.066543	-1.0158
-0.55341	-0.345
0.59739	-1.0146
-1.2557	-0.69264
0.038412	-2.2178
0.048011	-4.9584
-0.75941	-5.4741
-0.6837	-3.2463
0.0026338	1.8738
1.2795	3.9173
1.4492	3.9332
-2.2393	2.0952
-2.15	-1.6812
-0.59266	-2.0322
-0.29962	-0.13796
0.086128	2.0548
0.57774	3.0554
-0.10761	2.3366
-0.39833	-0.03722
0.51082	-2.1777
0.047806	-0.6372
2.2761	0.10875
2.646	1.5561
2.6917	0.74866
1.5061	-0.2051
0.9377	-1.1252
-0.32092	-0.89583
0.094165	0.055696
1.4348	0.70952
-0.57526	1.0978
-0.098986	0.20895
-0.4723	-1.7224
-0.87703	-0.88012
-0.40274	-0.64739
0.18345	0.36089
0.30601	1.1846
0.51866	0.40397
-0.39537	-0.10568
-0.31466	-0.73573
0.49967	-0.83457
1.603	-0.30676
1.8249	0.50757
2.754	-0.16021
0.87193	-0.52334
1.4282	-1.623
-0.19261	-0.72429
-0.51638	-0.26702
-0.38781	0.19788
-0.40261	0.86422
-0.47396	-0.37684
-1.9668	-0.15043
-0.049157	-0.32426
0.26803	-0.33193
1.2633	-0.21591
-0.55513	0.39418
-0.86229	0.46519
-0.72238	0.021561
0.43718	-0.93461
0.93016	-0.34839
1.4111	-0.12059
2.1627	-0.11977
1.7038	0.34361
1.2838	-0.50727
0.17479	-0.18185
-1.1631	0.087945
-1.3586	1.0195
-0.90314	0.48313
0.10244	-0.64646
-0.4465	-0.75719
-0.61461	-0.48177
0.15076	-0.34123
-0.70585	0.32625
-0.14735	-0.011525
-1.1395	0.86706
-0.2973	-0.04787
-0.62282	0.47758
-1.3565	0.24693
0.71865	0.188
0.66259	0.11567
1.0433	0.090164
2.4203	-1.1474
1.3371	-0.54482
-1.1295	0.24029
-0.2507	-0.42641
-0.76867	0.26403
-0.90315	0.17064
-0.59286	-0.34768
-0.52514	-0.73335
-2.4884	0.88789
-1.0652	0.042714
-1.7692	1.004
-1.6483	0.79377
-0.18854	0.29089
-0.6348	0.11149
-0.82892	0.12977
-0.47064	0.067079
1.3585	-0.79872
1.0161	0.17372
0.28969	0.49291
0.42315	0.45151
0.18033	0.52973
-1.8724	0.84861
-0.7165	0.45107
-1.2875	1.1912
-0.87696	0.00099895
-1.4107	0.19955
-1.1946	-0.31852
-0.92915	0.065874
-0.97644	0.15373
-1.0807	0.39413
-0.33015	0.32847
-0.95382	0.47829
-0.61092	-0.388
0.072601	-0.40901
-0.23546	0.65718
0.17213	0.42743
0.40303	0.30662
1.3967	0.27385
-0.70686	1.2279
0.046293	0.56112
-0.92055	-0.020434
-0.6042	-0.065135
-1.9635	0.79222
-1.1279	0.76305
-0.46715	-0.05336
-1.5723	-0.0069061
-0.95036	0.92069
-0.13688	0.024417
-0.54663	0.37883
-0.48631	0.34703
0.020747	0.65352
0.10605	0.14018
0.37369	-0.43024
0.20279	0.70574
1.4021	1.0598
1.7264	0.90357
1.9804	0.66398
0.83546	0.16834
0.93261	-0.64921
-0.27121	-0.080312
-0.82803	1.0557
0.52219	0.57054
-0.61251	1.3276
-0.60738	0.36419
-0.55527	0.10254
-1.1353	0.37911
-1.1707	1.1458
0.010125	0.52728
0.75641	0.58082
0.76393	0.7812
0.13928	0.42645
0.10378	0.75383
1.6626	0.5956
1.3675	0.71622
2.1321	0.69787
1.7579	0.89357
1.8264	-0.17298
0.41449	-0.084973
0.42863	-0.56109
0.30815	-0.63038
-0.45032	0.46698
-0.62722	0.25113
-0.41209	0.16363
-0.29061	-0.00055902
-0.5003	-0.24867
-0.78506	-0.58075
-1.0868	-0.34703
-1.2704	0.043685
-0.20006	-0.96347
1.1687	-0.78002
0.61566	-0.26835
-0.0197	0.27349
0.5053	0.15338
2.464	-0.95469
1.1495	-0.21006
0.95297	-0.51403
0.18257	-0.58452
1.3513	-1.1654
-0.53998	0.13205
-0.53141	0.40948
-0.53298	-0.065343
0.51437	-0.93728
0.68304	-0.87578
0.74449	-0.57987
-0.30257	-0.39004
-0.54693	0.038176
-0.63103	-0.22763
-0.51759	-0.59283
0.28371	-1.1726
0.5987	-0.59814
1.0562	-0.48326
0.85247	-0.20593
1.4767	-0.52645
0.87985	-0.36091
0.84963	-1.095
0.11391	-0.83508
-1.3934	0.40798
-0.33961	-0.25547
-0.58258	-0.47878
-0.68149	-0.57416
-0.19864	-0.93849
-0.15896	-0.58022
0.37407	-0.64326
-1.0433	-0.76654
-0.4797	-2.0651
0.008502	-4.7388
-0.58385	-5.802
-0.54632	-3.4655
-0.20263	1.8684
1.0908	3.8787
1.3949	3.9369
-1.71	2.1404
-1.7178	-1.5599
-0.78562	-2.2643
0.01093	-0.26731
0.11745	2.0857
0.45219	3.259
-0.5419	2.0301
-0.30964	-0.0030907
0.93993	-1.9264
0.001417	-0.54841
1.6198	0.22105
2.4731	1.7017
2.3587	1.0686
1.4076	0.20018
0.83881	-1.1381
-0.77278	-0.47555
0.21087	-0.46148
1.3455	0.20741
-0.32478	1.3704
0.1389	0.094435
-0.60026	-1.2063
-0.59953	-1.1616
-0.60086	-0.76782
0.38626	0.25336
-0.16426	1.2768
-0.095892	0.44735
-0.93455	-0.19015
-0.15462	-0.90581
0.61388	-0.8912
2.0141	-0.42483
1.3686	0.68001
2.983	-0.20746
0.53171	-0.58112
1.0523	-1.6583
-0.50054	-0.88233
-0.20197	0.17951
-0.10405	0.43749
-0.2362	0.63796
-0.43882	-0.46917
-1.8436	0.011556
0.054025	-0.62393
-0.19315	-0.28174
1.2525	0.18024
-0.6233	0.43025
-1.0309	0.21189
-0.85696	-0.27991
0.32761	-1.283
1.1265	-0.40207
1.3752	-0.073502
2.3148	0.14834
1.4544	0.049081
1.2498	-0.68508
-0.064178	-0.27837
-0.65325	-0.068943
-1.0103	0.75486
-0.69186	0.69883
-0.3817	-0.13669
-0.20027	-0.42188
-0.66625	-0.24388
0.39312	-0.60617
-0.65019	0.29365
-0.33584	-0.21379
-1.0801	0.61412
-0.6833	0.36048
-0.36024	0.51917
-0.94121	0.33751
0.49954	0.22287
0.083565	0.077299
1.2968	0.12167
2.2628	-1.0958
1.17	-0.70599
-0.96795	0.19851
-0.031142	0.040313
-1.4128	0.10883
-0.63358	-0.080711
-0.44367	-0.4554
-0.34198	-0.98897
-2.3074	0.60608
-1.2599	0.10415
-1.7042	0.99603
-1.6865	1.0035
-0.27267	0.22337
-1.1619	-0.14403
-0.93895	-0.14097
-0.011999	0.16498
1.131	-0.20413
0.94029	0.24797
0.81941	0.62704
0.67625	0.50516
-0.12731	0.39404
-1.8115	1.3226
-0.60921	0.24379
-1.0295	1.1842
-0.83805	0.39988
-1.4311	0.28193
-1.012	-0.030488
-0.78257	0.23067
-0.94823	0.2163
-1.0935	0.60272
-0.33817	0.63529
-1.3095	0.13245
-0.85446	-0.63393
-0.6843	-0.6091
-0.253	0.56
0.17288	0.63724
0.94399	0.38489
1.7886	0.21896
-0.28016	1.3804
-0.2044	0.44779
-0.72613	-0.34768
-0.4968	0.092195
-1.7273	0.58598
-1.1016	0.47944
-0.46867	0.018396
-1.2082	0.26233
-0.73807	0.75029
-0.031157	-0.16214
-0.73336	0.73941
-0.16771	0.20834
-0.41618	0.40514
0.14397	0.17888
0.45726	-0.24062
0.37213	0.48519
0.99553	0.27669
1.9402	0.60933
2.3614	0.51902
0.83449	0.31056
0.75915	-0.77212
-0.32	-0.013567
-1.0984	1.4312
0.33505	0.96852
-0.89237	1.3405
-0.52938	0.88495
-0.52861	0.098409
-1.226	0.6037
-0.90125	1.0332
0.16348	0.89727
0.46688	0.39306
0.55093	0.4292
0.20818	0.39767
0.26188	0.5231
1.3071	0.48975
1.256	0.82041
2.0664	0.82399
1.8189	0.80403
1.8903	0.15911
0.72776	0.33092
0.14772	-0.42529
0.34048	-0.61166
-0.44566	0.33793
-0.96143	0.23658
-0.42959	0.3347
-0.3341	-0.14018
-0.35295	-0.76523
-0.56726	-0.57521
-1.1764	-0.035258
-1.1485	-0.048284
-0.52809	-0.34635
1.2174	-0.645
0.74952	-0.32535
-0.33619	0.32633
0.97921	0.35391
2.147	-0.9305
0.9322	-0.36864
1.0165	-0.51336
0.031553	-0.4206
1.5723	-0.85968
-0.096186	0.46356
-0.8661	0.23112
0.085124	-0.37253
0.62116	-1.2683
0.18624	-1.1243
0.38813	-0.54926
-0.36845	-0.45212
-0.18703	-0.33016
-0.64677	0.057524
-0.62501	-0.36336
0.49496	-0.74972
0.84406	-0.32537
1.2071	-0.5337
0.95951	-0.08619
1.535	-0.64276
0.7557	-0.13637
0.86425	-0.98114
-0.30754	-0.5232
-1.2745	0.18488
-0.46274	-0.31054
-0.47824	-0.25204
-0.80272	-0.82347
0.10316	-1.4951
-0.46472	-0.61069
0.48027	-0.78403
-0.72482	-0.71063
-0.58808	-2.117
0.0083125	-4.6651
-0.5305	-5.6269
-0.50408	-3.1942
0.15087	1.7152
1.4112	3.8565
1.6092	3.9078
-1.5989	2.1294
-1.8079	-1.5918
-1.0834	-2.2573
-0.27489	0.011835
0.39336	2.0111
0.39149	3.1956
-0.24998	1.9076
-0.54655	-0.43173
0.66653	-2.5748
0.23149	-0.37256
1.8072	0.34229
2.3439	1.142
2.7205	0.97585
1.1185	0.17222
0.90493	-1.1136
-0.69469	-0.80032
0.22335	-0.24351
1.2073	0.63222
-0.48951	1.1969
-0.093287	0.046141
-0.45793	-1.299
-0.53746	-0.77727
-0.27317	-0.5646
0.39405	0.11875
0.23094	1.5357
0.57709	0.31802
-0.73429	-0.031995
0.11168	-0.76943
0.40758	-1.0207
1.6424	0.050079
1.6313	0.4228
2.7663	-0.065187
0.55815	-0.23577
1.1447	-1.5084
-0.029106	-0.74592
-0.076238	-0.41584
-0.37004	0.49181
-0.55566	0.59554
-0.74256	-0.50861
-1.8419	0.01478
0.098918	-0.53935
0.35023	-0.66528
1.1225	-0.25447
-0.7045	0.57123
-0.77257	0.56417
-0.9438	-0.0098711
0.52193	-0.80044
1.319	-0.3733
1.2695	-0.1678
2.1017	0.063757
1.7501	0.28341
1.2295	-0.33288
0.081065	-0.086647
-0.73348	0.13462
-1.3185	0.89616
-0.7428	0.47738
-0.38079	-0.20013
-0.36979	-0.91788
-0.82355	-0.31881
0.014631	-0.086297
-0.75803	0.41525
-0.095807	0.52454
-0.73712	0.80971
-0.64708	0.086667
-0.56929	0.21099
-0.99282	0.28697
0.50754	0.084456
0.64655	0.4648
0.83731	0.20545
2.6004	-1.0029
1.51	-0.75448
-1.1064	0.27129
-0.53114	-0.14861
-1.0965	0.075678
-0.4717	0.20639
-0.48251	-0.35444
-0.41117	-0.82813
-2.5134	0.73733
-1.0683	-0.11294
-1.9781	0.85644
-1.5994	0.57705
-0.27327	0.23899
-0.49868	-0.12852
-0.89667	-0.018611
-0.32578	0.055052
1.0756	-0.41822
0.86618	0.10864
0.38302	0.4017
0.50547	0.2238
0.31896	0.66012
-1.9804	1.1068
-0.91438	0.057099
-1.4024	0.81858
-0.9091	0.36087
-1.8304	0.15376
-1.0839	-0.27419
-0.9332	0.3127
-0.97221	0.27997
-1.0181	0.56999
-0.35932	0.33617
-1.281	-0.089434
-0.1765	-0.17989
0.063169	-0.31264
-0.35392	0.38792
-0.27733	0.36965
1.1708	0.33263
1.3702	0.22979
-0.77971	1.12
0.01874	0.2778
-0.64963	-0.27854
-0.57766	0.36374
-2.0461	0.76427
-0.94634	0.83737
-0.40748	0.04824
-1.1653	0.099252
-0.89272	1.2356
-0.21303	-0.064978
-0.80657	0.72175
-0.70529	0.42167
-0.60295	0.67021
0.07243	0.036102
0.34587	-0.27139
0.20313	0.89509
1.3313	0.84186
1.8238	0.73005
2.4444	0.42214
1.1616	0.3307
0.54976	-0.83504
-0.1448	-0.61164
-0.88102	0.97511
0.23769	0.76015
-0.84518	1.1997
-0.37517	0.33058
-0.66352	-0.35963
-1.0012	0.36925
-1.1193	0.82668
-0.41296	0.70541
0.54545	0.71915
0.16927	0.25731
0.03465	0.24706
-0.022693	0.59709
1.4575	0.49039
1.552	0.66463
2.1232	0.59117
2.0637	0.69077
1.9755	0.19637
0.58748	0.15974
0.57263	-0.48742
0.0076454	-0.55877
-0.71647	0.44212
-0.78079	0.25426
-0.39865	0.40534
-0.40658	0.13501
-0.78839	-0.4997
-0.27644	-0.20168
-1.1528	-0.061338
-1.1489	0.16149
-0.1976	-0.47359
1.4371	-0.82629
0.69359	-0.22346
-0.064201	0.41554
0.85035	0.25001
2.5309	-0.94076
1.2491	-0.29635
1.1473	-0.5529
0.063774	-0.21745
1.0851	-0.68298
-0.33089	-0.070172
-1.0469	0.068624
-0.28401	-0.28939
0.39422	-0.97415
0.47371	-0.97488
0.4296	-0.77495
-0.46767	-0.32004
-0.15134	-0.18888
-0.34606	0.054276
-0.825	-0.51526
0.40015	-1.2816
0.91014	-0.6172
1.0969	-1.1269
1.0806	-0.3102
1.2201	-0.54186
1.044	-0.44485
0.79586	-0.89185
-0.24747	-0.32032
-1.5128	0.43909
-0.85223	-0.3221
-0.42862	-0.33265
-0.7102	-0.74897
-0.026906	-1.2197
-0.55267	-0.7369
0.45903	-1.1059
-0.8671	-0.99615
-0.71148	-2.2696
0.035058	-4.7746
-0.4229	-5.7354
-0.72348	-3.6684
0.13588	1.9636
1.4255	3.6818
1.7442	3.4926
-1.538	2.0665
-2.1362	-1.767
-0.51831	-2.2577
0.073161	-0.26666
0.35201	1.9982
0.3426	2.9657
-0.20619	2.1652
-0.92773	-0.085948
0.61887	-2.314
0.094422	-0.65215
1.9874	0.42561
2.6894	1.3219
2.4563	0.70582
1.4233	0.20182
0.81583	-0.94547
-0.31573	-0.49513
0.12124	0.033952
1.3297	0.39189
-0.14053	1.3519
-0.1494	0.32598
-0.69381	-1.53
-0.77888	-1.0088
-0.19266	-0.78541
0.46432	0.59096
0.23554	1.5079
0.55328	0.0325
-0.48545	-0.15808
-0.082442	-0.99693
0.66557	-0.8771
1.6322	-0.058235
1.7196	0.19336
2.7438	-0.30128
0.73254	-0.37619
0.96287	-1.3342
0.047762	-0.73363
0.022882	-0.20383
-0.33535	0.45304
-0.73372	0.68831
-0.54236	-0.56676
-2.0677	-0.081784
-0.14801	-1.106
-0.28846	-0.46238
1.1249	-0.24963
-0.66491	0.55427
-1.3809	0.077282
-0.68663	0.28183
0.5435	-1.3448
1.0913	-0.45384
1.2333	0.18091
1.9602	0.33951
1.4168	0.22505
1.3312	-0.063363
0.070622	0.039147
-0.82245	-0.019904
-1.0461	0.54828
-1.0494	0.64708
-0.16548	-0.32029
0.041374	-0.9519
-0.83371	-0.077298
-0.018291	-0.18607
-0.62002	0.35886
-0.076546	0.1298
-1.1767	0.70207
-0.63284	0.31223
-0.62469	0.32874
-0.65996	0.3195
0.54807	0.20193
0.74637	-0.0048035
1.1587	0.061319
2.3514	-1.1252
1.1796	-0.59624
-1.1296	0.018144
-0.30502	0.020264
-1.1351	0.1996
-0.8179	0.022144
-0.68678	-0.11544
-0.3143	-0.37718
-1.9863	0.48027
-1.5737	0.51919
-1.7752	0.86286
-1.776	0.83277
-0.33368	0.20366
-0.7386	-0.052454
-0.9161	-0.017321
-0.11962	-0.05755
1.2022	-0.095694
0.99579	0.12022
0.49378	0.56488
0.46607	0.37309
0.19255	0.46536
-1.8345	1.0253
-0.71839	0.44705
-1.5634	0.97543
-0.58277	0.30072
-1.7545	0.34023
-0.87429	-0.36551
-0.95521	0.61054
-1.0309	0.19317
-0.80226	0.61671
-0.61923	0.38751
-0.96974	0.21533
-0.31273	-0.41767
-0.16626	-0.24369
-0.28852	0.4233
0.35049	0.18199
0.41192	0.44526
1.5624	0.2776
-0.24672	1.0459
0.13891	0.37751
-0.97185	0.035325
-0.67611	0.19805
-1.5286	0.6841
-0.89168	0.21445
-0.93489	0.16348
-1.2038	0.090356
-0.9917	0.70071
-0.31516	0.019466
-0.8469	0.40953
-0.72973	-0.0039113
-0.17422	0.56656
0.43589	0.21306
0.32722	-0.0049093
-0.11656	0.82912
1.16	0.51252
1.7313	1.0257
1.9077	0.24295
0.90903	0.25757
0.6288	-0.66389
-0.25116	-0.071768
-1.0597	1.0088
0.66846	0.80937
-0.67809	1.1679
-0.80851	0.66161
-0.90355	0.36024
-1.0851	0.59939
-0.91285	1.011
0.045379	1.1249
0.3884	0.59207
0.45773	0.26448
0.17961	0.84083
0.42293	0.39338
1.2569	0.4047
1.592	0.4627
2.2704	0.62388
1.8389	0.27402
1.8121	0.45698
0.64796	0.39926
0.62783	0.026904
0.52809	-0.65166
-0.48681	0.66913
-0.974	0.34535
-0.56351	0.56201
-0.31473	-0.017737
-0.53948	-0.27388
-0.20771	-0.31488
-0.95639	-0.21589
-1.1167	-0.092782
-0.54904	-0.71193
1.4902	-0.93046
0.95874	-0.67691
-0.27538	0.38847
0.59397	0.21324
2.4421	-0.76728
0.90632	-0.13715
1.1828	-0.41809
0.20443	-0.01624
1.4257	-0.87775
-0.17397	0.50587
-0.90291	-0.011905
-0.25788	-0.33947
0.40262	-0.94714
0.52272	-1.149
0.47528	-0.51368
-0.70328	-0.58202
-0.61922	-0.25434
-0.54201	0.068104
-0.59671	-0.32522
0.61103	-0.92234
0.88295	-0.35274
1.326	-0.84211
0.83482	-0.21763
1.4477	-0.83968
0.61801	-0.33574
0.90369	-1.0889
-0.0125	-0.46824
-1.4	0.30205
-0.84091	-0.32381
-0.63968	-0.36623
-0.65144	-0.72534
0.14661	-0.9325
-0.52785	-0.30959
0.43845	-0.71789
-0.73208	-0.7589
-0.82138	-2.2922
-0.15598	-4.8314
-0.54639	-5.5406
-0.8181	-3.2089
0.040933	1.6977
1.3252	3.6566
1.8448	3.8101
-1.5736	2.0814
-1.6222	-1.467
-0.72311	-2.1125
-0.40806	-0.19785
-0.08775	2.1194
0.51458	3.3474
-0.4953	2.0514
-0.74767	-0.1264
0.66613	-1.934
0.047977	-0.6464
1.7783	0.26135
2.3942	1.3646
2.4749	0.87646
1.3604	0.22608
0.79992	-1.1706
-0.25987	-0.65246
0.024647	-0.070313
1.3139	0.41791
-0.25681	1.1127
-0.052679	0.72446
-0.8508	-1.3352
-0.48405	-1.0175
-0.40043	-0.38816
0.20902	0.57774
-0.06807	1.3539
0.44702	0.38554
-0.99833	-0.073304
-0.15926	-1.0287
0.91037	-0.73627
1.4587	-0.097635
1.6469	0.5854
3.1421	-0.02928
0.70306	-0.50787
0.93878	-1.6857
-0.16769	-0.63616
-0.51331	0.074431
-0.20678	0.47213
-0.63413	0.80957
-0.10116	-0.5239
-2.0163	-0.070429
-0.17292	-1.1899
-0.16515	-0.46336
1.1854	-0.31334
-0.70215	0.60217
-0.7995	0.30205
-0.61046	0.074254
0.45454	-1.1176
0.90802	-0.006017
1.3476	-0.21797
1.893	-0.037767
1.4251	0.23858
1.2167	-0.84058
-0.10664	-0.082572
-0.62087	0.11238
-1.3156	0.60537
-0.80941	0.34724
-0.27587	-0.49571
0.027206	-0.61987
-0.83227	-0.29746
0.1525	-0.17972
-0.81404	0.44243
-0.18275	0.12444
-0.96919	0.87862
-0.48418	0.42628
-0.52503	0.48001
-1.0051	0.16232
0.44479	0.47993
0.40341	0.017212
0.93301	-0.052478
2.3123	-0.99682
1.4115	-0.79641
-0.87324	0.025138
-0.14097	-0.097586
-1.4619	0.18932
-0.68768	0.080379
-1.0077	-0.19512
-0.48298	-0.38093
-2.2891	0.37777
-1.1908	0.093555
-1.8274	0.77652
-1.4519	1.1954
-0.19666	0.24539
-1.0721	0.24502
-0.71422	0.37159
-0.34335	-0.11374
1.3863	-0.2784
1.0022	0.082395
0.86445	0.1317
0.44803	0.68054
0.089396	0.83252
-2.0485	1.3638
-0.8373	0.58311
-1.2018	0.77021
-1.1405	0.3957
-1.2809	0.44415
-0.78109	-0.15565
-1.022	-0.095732
-0.91338	0.46227
-0.88314	0.46211
-0.28727	0.45638
-0.81879	0.3076
-0.086446	-0.22984
-0.072573	-0.41131
-0.36584	0.15925
0.24248	0.88635
0.53484	0.35732
1.3485	0.44826
-0.28369	1.3964
-0.13357	0.77397
-0.60633	0.16584
-0.45751	0.17289
-1.7585	0.9311
-1.1482	0.68802
-0.80285	-0.005764
-1.6134	0.14705
-0.81141	0.89219
0.16619	-0.01601
-0.8391	0.90294
-0.73158	0.50445
-0.55519	0.71339
0.11222	0.11021
0.23384	-0.14493
0.25747	0.56847
1.2396	0.6179
1.6715	0.89289
1.8265	0.83799
1.0439	0.22825
0.41654	-0.88439
-0.31547	-0.040613
-1.0641	0.9936
0.31287	0.77844
-1.2367	0.9706
-0.78451	0.39806
-1.074	0.095786
-0.81124	0.50128
-1.0699	1.0112
0.080353	0.86096
0.28515	0.57513
0.2932	0.35283
0.14865	0.66529
0.28909	0.3951
1.4203	0.43586
1.6991	0.75278
2.067	0.61472
1.5955	1.098
1.5253	0.22126
0.59516	0.24347
0.45874	-0.24596
0.2727	-0.65148
-0.56593	0.64306
-0.91374	0.11719
-0.67147	0.29725
-0.609	-0.0049303
-0.65593	-0.4239
-0.53869	-0.39333
-1.1759	-0.33406
-1.0476	0.058004
-0.28078	-0.81703
1.3634	-1.0335
0.66852	-0.60006
-0.44016	0.56593
0.79132	0.11054
2.5041	-0.81109
0.48295	-0.18331
1.2535	-0.69346
0.056464	-0.15196
1.2819	-0.6985
-0.3882	0.018064
-0.94073	0.38586
-0.36726	-0.57442
0.46981	-1.1852
0.44638	-1.2321
0.64837	-0.45048
-0.65638	-0.30519
-0.59464	-0.35175
-0.80263	0.073453
-0.549	-0.50754
0.19763	-1.0595
0.77535	-0.39994
1.4803	-0.8332
1.056	-0.15955
1.4943	-0.62338
0.72269	-0.64123
0.48731	-0.98978
-0.1608	-0.20746
-1.3895	0.23026
-0.46932	-0.19715
-0.51932	-0.76989
-0.79095	-0.8332
-0.048956	-1.1244
-0.6252	-0.51162
0.34928	-0.75767
-1.0227	-0.71485
-0.55595	-2.127
-0.34792	-4.9924
-0.33106	-5.7693
-0.96039	-3.6613
0.011287	2.0597
1.1625	3.9654
1.3759	3.7436
-1.682	2.1474
-1.7478	-1.4258
-0.87957	-2.1326
-0.37802	-0.066264
0.065831	2.1676
0.71007	3.0694
-0.35509	2.0278
-0.766	-0.29705
0.79516	-2
0.16935	-0.15201
1.7742	0.20789
2.6616	1.2467
2.6914	0.71268
0.95509	0.12494
0.7131	-1.2852
-0.26129	-0.56582
0.2138	-0.088105
1.6614	0.39586
-0.22429	1.6832
-0.09969	0.32298
-0.78519	-1.3541
-0.96944	-1.0482
-0.46914	-0.79508
0.54829	0.20074
-0.034739	1.1039
0.37882	0.63506
-0.81516	0.062002
-0.10612	-0.88815
0.55893	-1.093
1.544	-0.276
1.7891	0.39959
2.9893	-0.43276
0.60957	-0.36361
1.3167	-1.3894
-0.13054	-0.56614
-0.072225	0.040362
-0.40486	0.53954
-0.83443	0.83459
-0.35375	-0.39488
-1.99	-0.11075
0.078572	-0.91548
0.14095	-0.30857
1.0605	-0.083141
-0.67408	0.39993
-1.3691	0.48139
-0.43477	-0.057663
0.45438	-1.3579
0.96698	-0.37787
1.7063	0.12536
2.3141	0.14164
1.6058	0.18047
1.2403	-0.43707
0.27284	-0.12353
-0.68429	0.11086
-0.98573	0.60129
-0.62971	0.5858
0.080611	-0.77508
-0.31943	-0.54678
-0.57505	-0.14152
0.0034843	-0.32658
-0.83422	0.27031
-0.067137	0.24266
-1.2714	0.70459
-0.38467	0.47132
-0.31692	0.31489
-0.77925	0.31366
0.52113	0.55916
0.74404	-0.076851
1.4694	-0.029278
2.3997	-1.3746
1.1683	-0.57311
-1.4682	-0.15302
-0.35763	-0.17526
-1.1311	-0.026703
-0.66837	-0.11269
-0.52707	-0.47789
-0.60371	-0.72362
-2.5261	0.32752
-1.2697	0.41091
-1.5687	0.82081
-1.3658	0.94152
-0.1018	-0.16308
-0.47084	-0.22806
-1.4622	0.30222
0.076137	0.30864
1.1954	-0.14366
0.94202	0.34427
0.6459	0.41358
0.41093	0.16892
0.39164	0.58301
-2.0156	1.2647
-0.8422	0.47568
-1.2982	0.8948
-0.6553	0.23894
-1.768	0.42355
-1.1605	-0.55754
-0.8124	0.19972
-0.67304	0.69148
-0.66449	0.36021
-0.39028	0.62555
-1.0773	-0.0065915
-0.23529	-0.50507
0.093338	-0.49486
-0.36543	0.56707
0.34139	0.59581
0.70764	0.63523
1.5128	0.072299
-0.77689	1.2507
-0.14719	0.68819
-0.93414	-0.018796
-0.71101	-0.13867
-1.8073	0.65416
-0.6818	0.53612
-0.84369	-0.1002
-1.2084	0.23841
-0.74458	0.9086
0.07024	-0.23666
-1.0093	0.44533
-0.78742	0.36806
-0.21571	0.51806
0.31839	0.22331
0.68741	-0.091963
0.14828	0.70156
0.77691	1.0502
1.8783	1.1999
2.1676	0.15444
0.75141	0.42983
0.21668	-0.67512
-0.46801	0.040239
-0.99843	0.7288
0.35975	0.60606
-0.91063	1.2446
-0.87398	0.71541
-0.98793	0.3531
-0.84161	0.61465
-1.1114	0.75858
0.49003	0.66111
0.69717	0.82452
0.55437	0.54602
-0.018216	0.28407
0.3152	0.92732
1.4886	-0.10082
1.1916	0.75042
2.176	0.71667
1.5451	0.64232
1.5152	0.35038
0.3048	0.16486
0.51422	-0.44413
0.20793	-0.5502
-0.80188	0.51484
-1.2538	0.21276
-0.44146	0.83757
0.028506	0.0052466
-0.70643	-0.28022
-0.55961	-0.65657
-1.3575	-0.19552
-1.5509	0.015379
-0.35141	-0.39995
1.2431	-1.1371
0.46092	-0.6156
-0.3143	0.64436
0.68679	0.24415
2.32	-0.93714
0.93375	-0.22913
1.1528	-0.5035
-0.10585	-0.43853
1.3468	-1.1535
-0.038677	0.10637
-1.0318	0.13904
-0.48489	-0.30274
0.48947	-1.2432
0.15002	-1.3028
0.84485	-0.62401
-0.3198	-0.42561
-0.47116	-0.30485
-0.77308	0.19511
-0.72821	-0.23935
0.34331	-1.0054
0.59693	-0.77017
1.402	-0.93794
0.78958	-0.37852
1.3815	-0.54884
0.60899	-0.26769
1.0263	-0.9742
0.01994	-0.53895
-1.4811	0.28738
-0.46589	-0.45559
-0.72894	-0.3988
-0.69472	-0.88437
0.25338	-1.1627
-0.44881	-0.26856
0.50661	-0.94932
-1.1	-0.70249
-0.97423	-2.0854
-0.39718	-4.2981
-0.77576	-5.4638
-0.49164	-3.8129
-0.16285	2.0201
1.3737	3.6745
1.4652	3.9391
-1.4984	1.9833
-1.7165	-1.5247
-0.77796	-2.1153
-0.25109	-0.40682
0.15095	1.8158
0.68946	3.1678
-0.50705	1.7547
-0.64723	-0.13056
0.76601	-2.2106
0.20395	-0.50986
2.1867	0.47327
2.5097	1.4997
2.5308	0.78658
1.2658	0.30786
0.71977	-0.85719
-0.66107	-0.36799
0.13465	-0.15954
1.4976	0.38343
-0.16523	1.3173
-0.088755	0.46205
-0.64549	-1.2005
-0.52291	-1.2032
-0.17993	-0.57248
0.23533	0.21253
0.026196	1.3248
0.42397	0.27538
-0.032384	0.15563
-0.12657	-0.88443
0.66693	-0.4706
1.6589	-0.081443
1.6566	0.57041
2.9391	-0.42376
0.35819	-0.30556
0.95304	-1.278
-0.023612	-0.65002
-0.30534	-0.18043
-0.24373	0.61153
-0.3796	0.77984
-0.32839	-0.29854
-2.0955	0.077638
0.08906	-0.97097
0.30607	-0.31403
1.3391	-0.059475
-0.65489	0.5291
-0.94132	0.19254
-0.45816	-0.18207
0.49041	-0.73643
0.86738	-0.4286
1.5035	-0.026569
2.3087	-0.40128
1.3388	-0.11142
1.5269	-0.89307
0.66923	-0.12459
-0.53964	-0.029667
-1.1568	0.60261
-0.71404	0.60918
-0.26667	-0.48968
-0.33	-0.45131
-0.52969	-0.076268
0.34027	-0.55322
-0.79467	0.42674
-0.44903	-0.29285
-1.1095	0.53479
-0.06252	0.24197
-0.65158	0.30916
-0.93865	0.40323
0.28534	0.30901
0.51252	-0.075181
1.141	0.34515
2.4205	-0.73163
1.3498	-0.5696
-1.0937	-0.02157
-0.76176	-0.34033
-0.92188	0.17551
-0.8323	-0.094384
-0.83386	-0.037655
-0.31985	-0.74901
-2.3579	0.50007
-1.1857	0.13445
-1.8602	1.1882
-1.4376	1.0098
-0.54216	0.14608
-1.0972	-0.077807
-0.93381	0.0023068
-0.42105	0.090626
0.91011	-0.16241
0.79729	0.15194
0.42462	0.34785
0.43087	0.19024
0.40461	0.8502
-2.016	1.3782
-0.59408	0.52475
-1.3773	0.96079
-0.74102	0.62678
-1.3482	0.2606
-0.97975	-0.56115
-1.0336	0.11306
-1.209	0.33264
-0.91942	0.48423
-0.72451	-0.062264
-1.2162	0.03307
-0.13749	-0.63764
-0.15213	-0.27248
-0.59072	0.45583
0.033459	0.7031
0.71534	0.34237
1.4445	0.31238
-0.78246	0.89425
-0.14144	0.61847
-1.1244	-0.111
-0.8801	0.060935
-1.7142	0.77248
-0.82796	0.63157
-0.73681	-0.1909
-1.0182	0.098314
-0.56364	0.4253
-0.16701	0.15716
-0.52474	0.83485
-0.79835	0.034937
-0.09306	0.37729
0.2697	-0.022554
0.59645	-0.19526
-0.0756	0.7673
1.0256	0.60883
1.9942	0.86574
2.1889	0.17191
1.1164	0.36348
0.020136	-0.41335
-0.20674	0.087651
-1.0183	0.99576
0.32041	0.86545
-0.96006	1.5336
-0.73446	0.66364
-0.72758	0.25666
-1.2541	0.64155
-1.0627	0.88552
0.1034	0.64825
0.70477	0.6269
0.54963	0.43467
0.1392	0.50285
0.3965	0.4763
1.1907	-0.098631
1.4168	0.52087
2.1362	0.85981
1.746	0.85367
1.6997	0.24355
0.62491	0.14978
0.55459	-0.30942
0.62624	-0.63058
-0.4177	0.55638
-0.52572	0.40809
-0.70361	0.23721
-0.081549	-0.42781
-0.62886	-0.5968
-0.57926	-0.4888
-0.97965	0.27507
-1.4823	-0.10396
-0.58518	-0.80636
1.1815	-1.0931
0.75502	-0.55648
-0.26715	0.41507
0.52471	0.10061
2.4617	-1.0399
0.79871	0.044513
0.90473	-0.32728
-0.040314	-0.13591
1.5122	-0.75117
-0.61925	-0.18197
-0.76858	0.32897
-0.64127	-0.48719
0.30876	-0.93546
0.27656	-1.3431
0.76217	-0.68151
-0.61742	-0.39752
-0.46823	-0.038015
-0.52534	-0.13847
-0.35912	-0.23617
0.046503	-0.56668
1.0091	-0.37071
1.3573	-0.75632
0.92853	-0.23071
1.09	-0.50945
0.83685	-0.33979
0.851	-0.91108
0.065461	-0.71503
-1.4695	0.47137
-0.81692	-0.11044
-0.38298	-0.33576
-0.93565	-0.58997
-0.26374	-0.91588
-0.80982	-0.63455
0.38924	-1.0524
-0.70002	-0.64563
-0.81949	-1.7171
-0.36246	-5.0733
-0.27625	-5.4223
-0.89531	-3.1349
-0.011912	1.8015
1.2132	3.7624
1.7847	4.0651
-1.6303	2.2136
-1.4832	-1.4033
-1.07	-2.2855
-0.31818	-0.3794
0.11288	2.2808
0.69053	3.1563
-0.44188	1.6205
-0.84625	-0.56066
0.78321	-2.2228
-0.078499	-0.58179
1.7565	0.1303
2.4965	1.5484
2.8084	0.80611
1.4354	0.075644
0.75823	-1.1517
-0.21036	-0.24451
0.30275	-0.06201
1.2996	0.20602
-0.11155	1.5595
-0.11448	0.28552
-0.52292	-1.5808
-0.56949	-1.4683
-0.2401	-0.92555
0.29548	0.13346
0.076779	1.3362
0.53868	0.13025
-0.98425	-0.077583
0.33164	-1.1583
0.68165	-0.85814
1.9371	-0.26608
1.7048	0.36138
2.4873	-0.023149
0.6287	-0.52574
1.3315	-1.423
-0.12696	-0.75137
-0.16684	0.041717
-0.42839	0.55485
-0.64582	0.50468
-0.30667	-0.59849
-2.0107	-0.010254
-0.019746	-0.85289
0.19292	-0.41332
1.0925	-0.089069
-0.85271	0.71622
-0.95808	0.5587
-0.72403	0.041377
0.50525	-1.0362
1.0521	-0.59913
1.4441	-0.14458
1.9692	-0.22717
1.6299	0.11724
1.7779	-0.50258
0.12198	0.1982
-0.92637	0.087435
-1.2462	0.87236
-1.1029	0.68731
-0.23798	-0.21039
-0.19664	-0.76757
-0.77859	-0.19384
0.12922	-0.47083
-0.76322	0.17537
-0.17741	-0.25447
-1.3524	0.30425
-0.5046	0.44631
-0.22434	0.44551
-1.0233	0.16877
0.22077	0.36922
0.45098	0.2494
1.0658	-0.13129
2.5665	-1.1092
0.95219	-0.78051
-0.90846	-0.15512
-0.00054999	0.046871
-1.0869	0.098816
-0.8483	0.074594
-0.68275	-0.038043
-0.34212	-0.56655
-1.9972	0.48029
-1.0813	0.50861
-1.4895	0.82648
-1.3144	1.0247
-0.28343	0.19317
-0.79532	0.18712
-0.94894	0.2709
-0.34152	-0.048368
1.6325	-0.49323
1.0822	0.01497
0.36177	0.46058
0.59869	0.35871
0.38085	0.50563
-1.6623	1.4399
-0.95494	0.25309
-1.5971	0.64939
-0.6488	0.62104
-1.6295	0.66402
-0.97716	-0.088463
-0.7367	0.24185
-0.8612	0.24573
-1.121	0.33206
-0.45678	0.66143
-0.97808	-0.0078207
-0.57981	-0.43748
0.009046	-0.65909
-0.19916	0.1614
-0.18594	0.66547
0.37345	0.38543
1.3619	0.32403
-0.37008	1.0959
-0.01326	0.34121
-0.70949	-0.050232
-0.78981	-0.057029
-1.8814	0.43725
-1.1741	0.28636
-0.63448	-0.015393
-1.1298	0.0089016
-0.87359	0.86411
-0.13753	-0.19854
-0.77485	0.69318
-0.68376	0.40465
-0.26948	0.77104
0.53472	0.17637
0.34482	-0.0045674
0.26168	0.35813
1.1978	0.72931
1.9245	1.3436
2.2031	0.49996
0.78159	0.49478
0.62351	-0.70818
-0.50992	-0.050288
-0.74889	0.93545
0.46133	0.71051
-0.68748	1.1696
-0.57065	0.92799
-0.63004	0.14651
-1.193	0.44743
-0.83652	1.1188
0.46348	1.0802
0.5616	0.84505
0.80235	0.22515
0.24663	0.13614
0.54932	0.86121
1.6759	0.29904
1.2329	0.45525
2.1142	0.98294
1.6121	0.82786
1.7682	0.22069
0.47038	-0.070036
0.68979	-0.39655
0.41589	-0.61192
-0.29236	0.074612
-0.72569	0.38393
-0.74768	0.6657
-0.33852	-0.17961
-0.5865	-0.20933
-0.33287	-0.27441
-1.2258	-0.36518
-0.99118	0.078264
-0.29564	-0.58645
1.1231	-0.93409
0.3599	-0.3708
-0.57459	0.57284
0.67068	-0.30094
2.9239	-1.4122
0.82966	0.034572
1.0098	-0.58168
0.15096	-0.4994
0.99186	-1.0896
-0.39089	0.16515
-0.91585	0.068483
-0.11571	-0.30187
0.24955	-0.76218
0.69866	-0.90617
0.71112	-0.64585
-0.41696	-0.21894
-0.53668	-0.10283
-0.46691	0.12996
-0.77943	-0.38029
0.85478	-0.91712
0.62599	-0.71724
1.1279	-0.92103
0.71111	-0.40977
1.2069	-0.56269
1.0355	-0.49731
0.70396	-1.2042
0.11271	-0.44356
-1.4835	0.30281
-0.77535	-0.23619
-0.44501	-0.76872
-0.7946	-0.74138
-0.35787	-0.49958
-0.49229	-0.44948
0.46912	-0.7208
-0.75176	-0.79948
-0.49685	-2.3121
-0.062639	-4.9007
-0.38872	-5.8043
-0.78579	-3.3442
0.032052	1.8192
0.93859	3.6713
1.556	3.4971
-1.7344	2.1769
-1.7116	-1.391
-1.0159	-2.3989
-0.2776	-0.09634
0.27622	2.0826
0.42269	3.0872
-0.23221	1.7932
-0.55037	0.087287
0.82295	-2.2878
0.15477	-0.37904
1.9067	0.31022
2.5407	1.3214
2.3529	1.0694
1.1358	0.1045
0.88959	-1.0644
-0.30557	-0.7163
0.046289	-0.28069
1.0645	0.58124
-0.11011	1.0485
-0.080556	0.26568
-0.84391	-1.4495
-0.4301	-1.0256
-0.30749	-0.71261
0.094473	0.32466
0.13274	1.4412
0.47637	0.07845
-0.6709	-0.035416
-0.18131	-0.59877
0.49007	-0.54548
1.9616	-0.20535
1.7449	0.38302
2.8946	-0.44119
0.49226	-0.31972
1.4331	-1.5997
-0.35626	-0.60183
-0.11614	0.16663
-0.38352	0.4453
-0.30599	0.94611
-0.52801	-0.14707
-1.89	0.0087675
0.072792	-0.91682
0.26407	-0.28495
1.3511	-0.09213
-0.64488	0.74314
-1.1083	0.34242
-0.75154	0.037858
0.49731	-1.1915
0.98109	-0.63309
1.2963	0.21145
2.3969	0.38765
1.5263	0.11376
1.0432	-0.84445
0.055985	-0.38456
-0.67237	0.097865
-1.3801	0.42119
-1.0497	0.49952
0.068058	-0.61649
-0.12476	-0.53378
-0.70506	-0.36768
0.15415	-0.48872
-0.90389	0.24219
0.034044	0.24293
-1.1031	0.59385
-0.63654	0.12069
-0.44303	0.23904
-1.1297	0.10886
0.86724	0.0889
0.68392	0.22933
1.3342	-0.073153
2.5402	-0.75999
1.6786	-0.68558
-1.0548	0.22457
0.066687	-0.1734
-1.2282	0.36765
-0.58483	0.19781
-0.51659	-0.11586
-0.56724	-0.40988
-2.2964	0.47106
-1.3776	0.099131
-2.0171	1.1923
-1.2698	1.017
-0.56738	0.031981
-0.64776	-0.039303
-1.1706	-0.017963
-0.60388	-0.10432
1.1926	-0.39104
0.97801	-0.026406
0.49161	0.76146
0.56492	0.45382
0.30158	0.5605
-1.7902	1.0023
-0.5528	0.40428
-1.2779	0.97522
-1.1077	0.34335
-1.4718	0.31294
-1.0958	-0.15576
-0.93627	0.048888
-1.2005	-0.18513
-1.05	0.65208
-0.3141	0.20283
-0.99396	0.20557
-0.21083	-0.77834
-0.033816	-0.27012
-0.12801	0.32657
-0.0041183	0.32343
0.73878	0.6731
1.2784	0.51896
-0.61779	1.0802
-0.11936	0.52839
-0.88001	0.356
-0.55141	0.38741
-1.6377	0.83071
-1.2108	0.68344
-0.71852	0.097235
-1.1885	-0.078948
-1.0306	0.74456
-1.7597e-07	-0.24367
-1.068	0.6057
-0.70327	-0.1471
-0.11701	0.48789
0.33042	0.4785
0.46674	-0.29941
0.19079	0.86432
1.1572	0.70817
1.796	1.2058
2.1338	0.70458
0.86055	0.46072
0.71049	-0.56856
-0.39093	0.10319
-1.1547	1.1341
0.38061	0.50268
-0.6963	1.4027
-0.76799	0.7869
-0.53742	-0.076747
-0.92033	0.61603
-0.9591	1.0896
-0.13898	1.0019
0.55083	0.74845
0.5145	0.70283
0.38245	0.24093
0.22705	0.69179
1.3542	0.43442
1.6132	0.5985
1.8077	0.73192
1.3404	0.77244
1.9327	0.36524
0.3767	0.12869
0.76096	-0.55804
0.25852	-0.81084
-0.49097	0.39448
-1.0141	0.41372
-0.51827	0.16246
-0.33343	-0.15356
-0.66682	-0.36644
-0.60298	-0.69665
-0.93988	-0.17315
-1.4041	0.30648
-0.44462	-0.60232
1.2338	-0.90988
0.14116	-0.38147
-0.02449	0.20545
0.79778	0.037509
2.2993	-1.0449
0.97914	-0.023489
1.1284	-0.65977
0.23243	-0.39824
1.1996	-0.77106
-0.50431	0.087001
-0.93108	0.42347
-0.47776	-0.36444
0.68936	-1.271
0.26582	-1.127
0.36124	-0.76066
-0.38981	-0.38839
-0.41777	0.0024443
-0.3809	-0.041957
-0.76203	-0.60702
0.7153	-1.2144
0.91894	-0.64559
1.4397	-0.98214
1.0613	-0.11288
1.5717	-0.54975
1.0018	-0.46026
0.64164	-0.77549
-0.15549	-0.77959
-1.6059	0.30823
-0.87636	-0.24124
-0.77821	-0.28898
-0.69867	-0.75545
0.045609	-0.95479
-0.42325	-0.68034
0.54817	-0.92787
-0.82166	-0.77023
-0.51856	-2.0726
-0.20136	-4.6219
-0.61795	-5.785
-0.76069	-3.3475
0.12862	1.7054
1.2445	3.7922
1.4035	3.7846
-1.6012	2.2312
-1.4721	-1.5404
-0.99047	-2.4636
-0.55841	-0.14991
0.37905	2.0332
0.70606	2.8992
0.032308	1.7622
-0.81168	-0.33927
0.6561	-2.1366
0.088643	-0.73497
2.0231	0.20258
2.538	1.4665
2.5686	1.2542
1.1742	0.51856
0.88922	-1.0946
-0.97063	-0.92018
0.38082	-0.40085
1.5163	0.32086
-0.49082	1.4971
-0.38208	0.25375
-0.28312	-1.2914
-0.37875	-1.0788
-0.47571	-0.7036
0.30744	0.17907
0.18127	1.2164
0.68171	0.20285
-0.71879	-0.14092
-0.14259	-1.0435
0.58915	-0.85979
1.5752	-0.42024
1.8657	0.68317
2.7436	-0.15974
0.87043	-0.34072
0.99782	-1.5419
0.10846	-0.69483
-0.0011548	0.38624
-0.30459	0.38141
-0.19605	0.68756
-0.60259	-0.18889
-1.6231	-0.33794
-0.058032	-0.73858
0.2166	-0.95412
1.3973	-0.30793
-0.5168	0.64246
-0.98712	0.1044
-0.67639	0.12653
0.37141	-1.4755
1.0498	-0.31432
1.1257	0.1027
2.1013	0.075336
1.5606	0.0041728
1.0951	-0.74052
0.058777	0.25649
-1.1658	0.15637
-1.5294	0.67473
-0.65572	0.59573
-0.11802	-0.44863
-0.25689	-0.58811
-0.82555	-0.13638
0.30733	-0.61031
-1.0432	0.34979
-0.072672	0.087425
-0.86071	0.88674
-0.63509	0.75067
-0.69437	0.49683
-0.95982	0.33173
0.51121	-0.32218
0.49804	0.14098
1.4762	-0.11431
2.5404	-1.4723
0.97726	-1.1009
-1.2003	-0.0048895
-0.40615	-0.24368
-1.113	0.24848
-0.7519	-0.17521
-0.90743	0.13086
-0.59684	-0.75698
-2.7681	0.39943
-1.3455	0.55788
-1.4806	1.0104
-1.7132	0.95269
-0.18102	-0.22966
-0.96814	0.010542
-0.91421	-0.087197
-0.022905	0.081599
1.4568	-0.99995
1.0781	0.61721
0.5505	0.5023
0.70367	0.26171
0.085157	0.8318
-1.8117	0.88667
-0.80929	0.5388
-1.3831	0.62947
-0.61511	0.45398
-1.2872	0.098411
-0.8721	-0.15362
-0.75076	0.22762
-0.88093	0.040888
-1.0109	0.39075
-0.50268	0.46308
-0.9993	0.38487
-0.32432	-0.40689
-0.17325	-0.37599
-0.097972	0.35376
0.44666	0.21985
0.72833	0.65478
1.189	0.37315
-0.53176	1.1985
0.3209	0.47087
-0.65419	0.17493
-0.84176	0.20584
-1.8727	0.09834
-0.79326	0.46052
-0.78326	-0.0058404
-1.09	0.049067
-0.73047	0.88304
-0.27446	0.11572
-0.72029	0.7431
-0.55593	0.43817
-0.29955	0.35295
0.23967	0.29493
0.55904	0.14557
0.20282	0.41915
0.89069	1.0125
1.6186	1.0694
2.0892	0.43413
0.84526	0.51943
0.1377	-0.53964
-0.40199	0.11307
-0.92791	0.945
0.26542	0.61065
-1.0897	0.98136
-0.54564	0.48424
-0.74395	-0.32519
-1.1788	0.59345
-0.90019	0.76986
0.1088	0.87088
0.52576	0.81619
0.66063	0.65401
0.067789	0.35778
0.26955	0.78688
1.5235	-0.1445
1.6271	0.32242
2.1367	0.4093
1.9956	0.92277
1.8399	0.13066
0.99417	0.016828
0.010086	-0.50802
0.33777	-0.5563
-0.6708	0.28781
-0.63405	0.089489
-0.63678	-0.036528
-0.28492	0.074928
-0.73241	-0.35404
-0.53808	-0.34587
-1.3142	-0.27933
-1.1604	-0.012594
-0.28519	-0.45485
1.4582	-0.61685
0.81086	-0.41373
-0.087226	0.56999
0.47497	-0.16514
2.2536	-1.0488
1.0198	-0.081452
0.92837	-0.68502
0.075414	-0.60208
1.1499	-0.86236
-0.27996	-0.26729
-0.71201	0.23061
-0.38078	-0.41457
0.39342	-0.83048
0.44004	-1.1493
0.46526	-0.45231
-0.68753	-0.39252
-0.2842	-0.1209
-0.69161	-0.39477
-0.48219	-0.44922
0.44015	-1.0762
0.70311	-0.30703
1.328	-0.984
0.87264	-0.23724
1.6069	-0.24467
0.59975	-0.34788
0.89726	-0.71207
-0.26657	-0.62479
-1.5386	0.36492
-0.62803	0.016321
-0.653	-0.59983
-0.65045	-0.81075
0.071212	-0.98292
-0.49188	-0.16171
0.6767	-0.63951
-0.87879	-0.43006
-1.0755	-2.0664
-0.37386	-4.9416
-0.47326	-5.8329
-0.83985	-3.5689
0.16472	1.8702
1.2646	3.8465
1.767	3.7688
-1.9455	1.9453
-1.6676	-1.861
-0.80038	-2.3392
-0.2892	-0.1511
0.12487	1.9066
0.5224	3.0668
-0.25648	2.0018
-0.8084	-0.29092
1.1382	-2.4566
0.33532	-0.57246
1.9405	0.40967
2.5991	1.3629
2.4525	0.98537
1.3072	0.32281
0.68019	-0.87405
-0.7925	-0.71605
0.17104	-0.032923
1.3957	0.070919
-0.53975	1.5337
-0.082819	0.42529
-0.7934	-1.3347
-0.61275	-0.73867
-0.63124	-1.1091
0.33691	0.50863
0.10823	0.73937
0.52638	0.30757
-0.82146	0.059232
-0.056171	-1.2208
0.41169	-0.88279
1.7332	-0.31661
1.7432	0.43572
2.985	-0.292
0.505	-0.41063
1.064	-0.97374
-0.12373	-0.68376
-0.1494	0.047275
-0.34547	0.35433
-0.66497	0.68575
-0.63635	-0.65901
-1.638	0.061254
0.06533	-1.1842
-0.0069726	-0.27851
1.0461	0.10441
-0.42285	0.24542
-1.0927	0.22935
-0.94365	-0.17952
0.67108	-1.1215
1.219	-0.43899
1.1003	0.19011
2.0781	0.18141
1.5458	0.13409
1.3261	-0.73735
0.19452	-0.21397
-0.92794	0.32426
-1.3855	0.37957
-0.62564	0.82369
-0.15419	-0.66509
-0.21066	-0.90524
-0.74066	-0.17204
-0.2026	-0.72958
-0.63985	0.39844
-0.126	0.074254
-1.3507	0.95916
-0.53867	0.062453
-0.28019	-0.06271
-1.0047	0.14054
0.56064	-0.020651
0.75735	0.40211
1.3372	-0.22253
2.4561	-1.3033
0.80818	-0.49088
-0.79482	-0.28049
-0.43099	0.12282
-1.1423	0.35915
-0.59954	-0.038851
-0.65971	-0.20407
-0.21318	-0.40536
-2.7151	0.59051
-1.105	0.17556
-1.6254	1.0386
-1.4058	0.984
-0.4749	-0.034059
-0.80566	0.089285
-1.1635	0.44771
-0.46021	0.27158
1.4982	-0.56723
0.90497	0.23195
0.72394	0.42592
0.37857	0.5327
0.0018676	0.6674
-1.6735	1.1069
-0.7464	-0.080787
-1.2633	0.9447
-0.72639	0.32569
-1.9514	0.40213
-1.0995	-0.28992
-0.75068	0.13503
-0.57072	0.020262
-1.2372	0.53741
-0.52132	0.2315
-0.97988	0.28825
-0.35995	-0.37299
0.0023365	-0.24005
-0.63004	0.26223
0.28081	0.097523
0.52927	0.60961
1.2814	0.41298
-0.57389	1.211
0.26235	0.32853
-0.3601	0.11174
-0.65231	0.12805
-1.7624	0.3613
-1.0664	0.44433
-1.057	-0.21892
-1.6127	0.26629
-0.56222	0.42821
-0.10691	0.013825
-0.97052	0.37026
-0.58451	0.18646
-0.033567	0.64565
0.78041	0.41166
0.60036	-0.23274
0.16012	0.69427
0.93338	0.70165
2.0072	0.96816
2.2747	0.2118
0.8865	0.38006
0.19508	-0.46195
-0.39264	-0.0061495
-1.1142	1.0132
0.54358	0.69259
-0.66191	1.4986
-0.9513	0.7591
-0.9098	-0.072274
-1.3731	0.39469
-1.2987	1.0085
-0.16418	0.78038
0.09456	0.64085
0.40329	0.69957
0.22879	0.38191
0.4328	0.56709
1.1468	0.27466
1.2665	0.45514
1.9704	0.4895
1.8984	0.81085
1.6947	0.3736
0.23357	-0.026666
0.68445	-0.35827
0.32213	-0.69542
-0.28671	0.35867
-0.69221	0.095119
-0.38612	0.0048318
-0.15044	-0.11599
-0.68914	-0.63477
-0.32438	-0.59606
-1.2838	-0.1646
-1.2878	-0.19803
-0.35253	-0.46464
1.3594	-0.61146
0.51962	-0.76354
-0.15551	0.59262
0.94348	-0.0048039
2.4564	-0.7994
0.65956	-0.13187
1.1673	-0.81286
0.13195	-0.6512
1.2357	-0.83716
-0.48663	0.003061
-1.1007	0.11468
-0.12792	-0.57172
0.45401	-1.0648
0.51801	-0.82575
0.53704	-0.50703
-0.32708	-0.134
-0.18204	-0.39739
-0.73335	-0.42614
-0.70188	-0.21068
0.75918	-1.2118
0.76475	-0.33315
1.4206	-0.60796
0.71059	-0.36746
1.4875	-0.7028
0.61888	-0.61283
0.77309	-1.064
-0.18121	-0.6705
-1.3601	0.141
-0.58655	-0.47471
-0.56429	-0.83617
-0.68409	-0.52822
0.21357	-0.91839
-0.51162	-0.035713
0.68963	-0.94736
-0.88013	-0.78871
-0.55262	-2.0102
-0.5031	-4.7665
-0.21233	-5.2327
-0.65946	-3.4348
0.16266	1.9423
1.5059	3.8858
1.3411	3.8973
-1.6926	1.9506
-1.6654	-1.6952
-0.7259	-2.1378
-0.32021	-0.082754
0.16702	1.8745
0.51422	2.8587
-0.44036	2.0924
-0.59475	-0.062991
0.74037	-2.2624
0.14704	-0.60606
1.845	0.38689
2.2545	1.319
2.9264	0.68506
1.3801	0.38853
0.84692	-0.89648
-0.4861	-0.55405
0.23381	0.096595
1.4864	0.47873
-0.18868	1.5087
-0.38112	0.33754
-0.45508	-1.5661
-0.35425	-0.72468
-0.48059	-0.92356
0.73522	0.2399
0.10752	0.979
0.27577	0.4075
-0.81276	-0.48113
-0.16524	-0.96125
0.64809	-1.0063
1.6334	-0.31322
1.7952	0.43272
2.9453	-0.14882
0.64729	-0.074695
1.2138	-1.7844
-0.26039	-0.96278
-0.23427	-0.22017
-0.03572	0.52531
-0.68214	0.47396
-0.46215	-0.59652
-1.7436	-0.37494
0.25827	-0.88638
0.0011827	-0.67249
1.1025	-0.25673
-0.34657	0.18245
-1.2579	0.36843
-1.0526	0.12426
0.2646	-1.0132
0.92996	-0.078926
1.1159	0.16435
1.9369	0.30451
1.9633	0.2286
1.7362	-0.95941
0.31448	-0.26657
-0.9917	0.3671
-1.6533	0.85003
-0.95697	-0.3492
-0.39034	-0.63379
0.031054	-0.77471
-0.49146	-0.56313
0.24457	-0.18657
-0.53486	0.14008
-0.21416	-0.1378
-0.92269	0.83698
-0.49354	0.3584
-0.45273	0.35037
-1.1977	0.26381
0.36466	0.48377
0.93354	0.032083
1.4784	-0.29375
2.8964	-1.2135
1.0973	-0.78463
-0.93956	-0.10014
-0.25169	0.024148
-0.79944	0.087365
-0.83771	-0.2288
-0.57786	0.063856
-0.57905	-0.63389
-2.4902	0.87454
-1.3017	-0.069683
-1.7427	0.93732
-1.5922	0.66552
-0.17284	0.32081
-0.43799	0.26758
-0.96134	0.0085653
-0.25473	-0.10874
1.2311	-0.51747
0.73386	0.41132
0.47643	0.53823
0.46144	0.52033
0.23005	0.7358
-1.7432	1.2391
-1.1159	0.08597
-1.4985	0.71965
-0.76058	0.15604
-2.0646	0.39151
-1.2405	-0.39731
-1.0187	0.076778
-0.86355	0.2549
-1.2228	0.51408
-0.056279	0.326
-1.3111	0.30603
-0.42018	-0.61821
-0.16357	-0.12944
-0.2028	0.26293
0.33874	0.26953
0.60386	0.3029
1.2106	0.51873
-0.70994	1.123
0.069511	0.93184
-0.81992	-0.029209
-0.92062	-0.10181
-1.6677	0.62331
-1.1453	0.64772
-0.79527	0.12905
-1.0597	-0.34269
-0.67763	0.49241
0.068623	-0.20702
-1.1631	0.46917
-0.67792	0.090822
-0.25968	0.31606
0.29596	-0.062401
0.68572	0.25013
0.29244	0.57277
1.3626	0.61885
1.6835	1.1226
2.0259	0.69037
0.93061	0.37424
0.46892	-0.36695
-0.14682	-0.13009
-1.3499	1.3037
0.62403	0.75061
-1.1365	1.4805
-0.56589	0.22951
-0.85085	-0.011215
-1.2875	0.30166
-0.88602	0.94467
0.39242	0.74661
0.53546	0.80703
0.45736	0.30018
0.020618	0.50107
0.37245	0.36203
1.4085	0.43616
1.4625	0.44881
2.0704	0.62449
1.7195	0.57605
1.9818	0.41873
0.25676	0.43024
0.6755	-0.3867
0.23871	-0.47381
-0.64006	0.43811
-0.74795	0.4826
-0.58241	0.50894
-0.49108	-0.0031902
-0.72808	-0.6588
-0.398	-0.3291
-1.3502	-0.12049
-1.2292	0.062105
-0.53253	-1.0306
1.3637	-0.70966
0.51333	-0.4122
-0.11497	0.32098
0.68478	-0.089251
2.4848	-0.81919
1.1061	0.35117
0.86575	-0.6972
-0.011674	-0.094359
1.3613	-0.81639
-0.2612	0.096149
-0.98265	0.38481
-0.41631	-0.19789
0.34809	-1.0566
0.31015	-0.92732
0.77473	-0.56923
-0.49264	-0.32144
-0.50184	-0.067851
-0.73385	-0.060115
-0.49031	-0.64512
0.58613	-1.4573
0.83632	-0.67836
1.1295	-0.93553
0.85779	-0.064178
1.1529	-0.71615
0.64447	-0.46654
0.72449	-1.1045
0.058046	-0.82954
-1.3759	-0.025084
-0.72198	-0.055626
-0.6056	-0.51976
-0.7478	-0.68866
-0.01769	-1.2346
-0.35308	-0.21309
0.71186	-0.92195
-0.98517	-0.51451
-0.58256	-2.1304
-0.088287	-4.5925
-0.46285	-5.5831
-0.6397	-3.6806
0.030987	1.7728
1.2205	3.5365
1.5051	3.8107
-1.8419	2.1267
-1.6545	-1.3113
-1.0386	-2.841
0.00047407	-0.050919
0.3528	2.0817
0.36641	3.4434
-0.55802	2.2003
-0.57934	0.017493
0.78881	-2.0296
-0.045912	-0.77975
2.0869	0.050826
2.4386	1.4317
2.7167	1.2184
1.3757	0.21048
0.73207	-1.1906
-0.28291	-0.62301
-0.12654	-0.26214
1.4405	0.46001
-0.41801	1.0287
-0.0036247	0.24338
-0.37424	-1.597
-0.63247	-1.0924
-0.32839	-0.63221
0.1125	0.29087
0.055906	1.4744
0.13276	0.25755
-0.80919	-0.048591
0.038278	-0.81195
0.69399	-0.75487
1.8361	-0.17372
1.5715	0.20633
2.5634	-0.23638
0.4567	-0.26825
1.1574	-1.5525
-0.17186	-0.75976
-0.46055	0.18835
-0.45351	0.21145
-0.36149	0.46412
-0.23256	-0.66723
-1.9759	0.11084
0.29172	-0.72719
-0.21989	-0.50893
1.1962	0.033745
-0.81085	0.64511
-0.86856	0.40156
-0.93715	-0.13696
0.3396	-1.5051
1.2479	-0.15491
1.5499	0.15437
1.9506	-0.11202
1.6798	0.12141
1.1727	-0.55357
-0.1164	-0.034687
-0.30119	0.10466
-1.0927	0.90435
-0.84407	0.46645
0.12156	-0.68574
-0.3934	-0.53004
-0.51884	-0.1377
0.18057	-0.36833
-0.74476	0.3464
-0.21833	-0.041677
-1.3465	0.73615
-0.65859	0.062371
-0.72145	0.51223
-0.97907	0.44417
0.31184	0.26109
0.55012	0.10403
1.3149	-0.20614
2.363	-1.0962
1.0498	-0.7726
-1.0883	0.12887
-0.3504	-0.27254
-1.0531	0.19358
-0.67544	-0.19971
-0.97546	-0.081208
-0.58034	-0.76047
-2.4084	0.23101
-1.2845	0.086975
-1.2793	1.0134
-1.5946	0.76121
-0.23761	0.13907
-0.50878	-0.32564
-0.8131	0.16317
-0.10858	0.22547
1.1741	-0.3875
0.68026	-0.26383
0.82741	0.51782
0.76133	0.41079
-0.13246	0.72019
-1.742	1.2141
-0.64149	0.25661
-1.447	0.99527
-0.95181	0.67914
-1.4214	0.44565
-1.1799	-0.26055
-0.86735	-0.069061
-0.81556	0.05464
-1.2388	0.40716
-0.19288	0.57486
-1.1742	0.42987
-0.24724	-0.29124
-0.13109	-0.54977
-0.093517	0.37575
0.027324	0.55151
0.64075	0.2591
1.0936	0.25449
-0.89415	0.98172
0.015306	0.61946
-0.83183	-0.30358
-0.82664	-0.39488
-1.8173	0.77676
-0.81258	0.17404
-0.81485	-0.079943
-1.2577	-0.026269
-0.47022	0.49236
-0.1922	-0.13087
-0.45499	0.98759
-0.47194	0.45841
-0.44454	0.25156
0.14966	0.22107
0.37115	0.24302
-0.071333	0.56119
1.0522	0.80333
2.0118	1.1202
2.4564	0.63944
1.0039	0.57006
0.24355	-0.58758
-0.063328	-0.23064
-1.0915	1.1448
0.54556	0.94276
-0.96237	1.3414
-0.76018	0.62156
-1.0962	-0.072495
-1.27	0.68499
-0.77193	0.91192
0.60586	0.7186
0.67924	0.74125
0.86779	0.7306
0.27026	0.44234
0.37728	0.22384
1.5472	0.71418
1.6865	0.61461
2.399	0.83908
1.5036	0.66389
2.0374	0.16205
0.76263	0.25998
0.34629	-0.51986
0.26114	-0.6814
-0.61185	0.47052
-0.54945	0.75467
-0.68468	0.20063
-0.41898	0.065728
-0.52386	0.041344
-0.4993	-0.49433
-1.0071	-0.24959
-1.6319	-0.013866
-0.33764	-0.203
1.3383	-0.5083
0.71743	-0.14123
-0.49435	0.51571
0.64223	0.47352
2.5879	-0.81212
1.0309	-0.17116
1.1187	-0.43363
0.10947	-0.27244
1.045	-1.05
-0.33954	0.22463
-1.3173	0.22521
-0.24675	-0.3467
0.54066	-1.1118
0.2942	-1.1991
0.1661	-0.57412
-0.55017	-0.32042
-0.38956	-0.3419
-0.71369	0.29965
-0.56883	-0.25772
0.36533	-0.71783
0.77692	-0.40635
1.4212	-0.66338
1.0275	-0.44639
1.7369	-0.74849
0.38485	-0.5506
0.94601	-0.86323
-0.17445	-0.53133
-1.351	0.31746
-0.82434	-0.20512
-0.80153	-0.65923
-0.72356	-0.42666
-0.061443	-1.0251
-0.23604	-0.49558
0.47109	-1.3741
-1.3957	-0.67316
-0.99588	-1.8803
0.061909	-4.8748
-0.5815	-5.6016
-0.73461	-3.7579
0.16682	1.8861
1.1122	3.5687
1.6664	3.9428
-1.6858	2.4101
-1.4024	-1.8279
-0.89917	-2.0328
-0.58951	-0.25839
0.0094805	2.2393
0.42085	2.8908
-0.50543	1.8681
-0.25333	-0.0044078
0.75023	-2.0215
0.22748	-0.41121
2.0349	0.35559
2.2699	1.4211
2.5732	0.97891
1.0714	0.40858
0.75099	-1.0207
-0.32179	-0.72974
0.21036	0.066166
1.5426	0.339
-0.18036	1.2709
-0.12814	-0.063976
-0.55983	-1.1534
-0.4855	-0.9292
-0.55707	-0.66453
0.54013	0.59714
-0.073666	1.2218
0.34631	0.23452
-0.69825	-0.14002
-0.076264	-0.59922
0.70365	-0.64988
1.8489	-0.21922
1.8856	0.43072
2.9218	-0.36707
0.63915	0.13522
1.3019	-1.6129
0.09745	-0.73126
-0.6589	0.2675
-0.36864	0.2495
-0.55339	0.84867
-0.53082	-0.4375
-1.6394	-0.091605
-0.1255	-1.193
0.25238	-0.2381
1.2337	-0.36283
-0.83187	0.11863
-0.89139	0.45097
-0.82323	-0.010445
0.50216	-0.69638
1.0007	-0.24586
1.1976	0.072543
2.209	-0.014827
1.9937	0.1577
1.2461	-0.82838
0.10855	-0.048165
-0.54263	0.14307
-1.2983	0.48934
-0.59868	0.2878
-0.25701	-0.44485
-0.59348	-0.79733
-0.8266	-0.087623
0.21979	-0.46459
-1.1494	0.22345
-0.24736	-0.27255
-1.0994	0.74164
-0.62358	0.41692
-0.77972	0.46733
-0.70778	0.54063
0.43636	0.2813
0.60477	0.15278
1.4407	0.24275
2.3397	-1.2794
1.1351	-0.8062
-1.0262	-0.018704
-0.12772	-0.012768
-0.82854	0.4387
-0.85232	0.049931
-0.97181	-0.38378
-0.30124	-0.64784
-2.3355	0.42642
-1.2	0.37506
-1.9512	1.0801
-1.8117	0.89118
-0.43837	0.056383
-0.99961	0.12573
-1.0653	0.33221
-0.35611	0.13614
1.3472	-0.32277
0.82253	0.29113
0.5709	0.41152
0.33955	0.39794
0.27872	0.65113
-1.6953	1.0945
-0.51163	0.2958
-1.1614	0.99867
-0.5895	0.40224
-1.5206	0.5012
-0.72225	-0.28931
-0.88246	0.061388
-0.96899	0.25806
-0.93673	0.35609
-0.36534	0.25809
-1.0963	0.38207
-0.44143	-0.17579
0.070407	-0.42496
-0.32958	0.25981
-0.30768	0.17069
0.3727	0.32865
1.5649	0.39366
-0.63329	1.5522
-0.33812	0.55154
-0.92561	0.070762
-0.70632	0.11732
-1.8859	1.0596
-0.87359	0.60539
-0.94941	0.055549
-1.3504	-0.11665
-0.84702	0.33696
-0.048528	0.0093591
-1.0852	0.60134
-0.7465	0.34798
-0.59279	0.41471
0.37128	0.19336
0.62159	-0.32784
0.45576	0.53247
1.069	0.66126
2.0129	0.95023
2.6346	0.38027
1.1451	0.67859
0.74646	-0.49173
-0.44861	-0.16106
-1.2713	1.1665
0.19956	0.64639
-0.67804	1.1695
-0.8657	0.53076
-0.45419	-0.033667
-1.1265	0.28952
-0.9016	0.57972
0.22223	0.95963
0.58447	0.56386
0.70456	0.68401
0.041823	0.53554
0.42226	0.64075
1.3752	0.20663
1.1938	0.69163
2.2842	0.45976
1.9321	0.81972
2.0013	0.49752
0.79132	0.29849
0.86073	-0.52435
0.3091	-0.77607
-0.68599	0.39468
-0.8909	0.8227
-0.46931	0.31924
-0.29184	-0.10969
-0.82705	-0.37011
-0.32325	-0.39707
-1.1744	0.10396
-1.2471	-0.027875
-0.17521	-0.76837
1.1324	-0.74983
0.41853	-0.47466
-0.26734	0.16053
0.84675	-0.14865
2.1556	-0.74235
0.77568	-0.069061
1.0801	-0.55074
0.086655	-0.11525
0.9342	-0.72244
-0.4661	0.080842
-0.8743	0.077355
-0.18668	0.12381
0.42382	-1.2216
0.50198	-1.0244
0.28286	-0.46114
-0.23609	-0.37414
-0.51816	-0.10218
-0.62638	0.13509
-0.17431	-0.563
0.51536	-0.84402
0.87516	-0.48126
1.3031	-0.46967
0.73692	-0.23511
1.5415	-0.54158
0.64915	-0.6104
0.68236	-0.81064
-0.2859	-0.42422
-1.2401	0.45388
-0.85502	-0.3644
-0.49972	-0.12551
-0.54653	-0.44302
-0.10252	-0.60427
-0.36921	-0.52912
0.19988	-1.0506
-0.80515	-0.32928
-0.81501	-2.2577
-0.25065	-4.805
-0.52787	-5.7449
-0.96478	-3.8715
0.32397	1.9793
1.2346	3.7598
1.5796	3.5759
-1.3023	2.1239
-1.6768	-1.5009
-0.57987	-2.0657
-0.44653	-0.32131
0.056449	2.0343
0.3828	2.8909
-0.43324	1.6631
-0.76555	-0.31799
0.87853	-2.1964
0.27998	-0.38484
1.9093	0.71598
2.4768	1.1238
2.5011	1.1074
1.1375	0.036997
0.93581	-0.92985
-0.5843	-0.99268
0.05162	-0.029577
1.2162	0.62077
-0.38355	1.2839
0.17704	0.11824
-0.67565	-1.1358
-0.68543	-0.96337
-0.44381	-0.58511
0.31971	0.23997
-0.07262	1.1256
0.37794	0.034826
-0.64418	0.20483
0.06438	-0.73352
0.44344	-0.97846
1.8014	-0.15197
1.8363	0.35897
2.6273	-0.32694
0.31985	-0.44422
1.1396	-1.4912
0.25543	-0.67754
-0.32647	0.11223
-0.33749	0.3965
-0.74269	0.70294
-0.52279	-0.43012
-1.5499	-0.018799
-0.11157	-0.70768
0.14697	-0.25831
0.96296	-0.036886
-0.64955	0.61314
-0.80936	0.56163
-0.75781	0.022258
0.15876	-1.3842
1.3283	-0.24119
1.1473	0.18936
2.2977	-0.049658
1.4749	0.096112
1.2779	-0.85504
0.062266	-0.17427
-0.42496	0.16932
-0.90591	0.66524
-0.83305	0.31912
-0.17205	-0.57984
0.093243	-0.6359
-1.0812	-0.11396
-0.085522	-0.52657
-0.71583	0.16416
-0.41898	0.23471
-1.5026	0.4909
-0.79709	0.24537
-0.55524	0.19958
-0.94102	0.37864
0.53182	0.1801
0.50455	0.20584
0.9692	0.12557
2.3431	-1.1586
1.2373	-0.73244
-1.1094	0.10832
-0.61948	-0.077222
-1.3909	0.18446
-0.94373	-0.26402
-1.1347	-0.15617
-0.55331	-0.33196
-2.2774	0.66914
-1.3021	-0.044284
-1.4525	1.0242
-1.3558	1.102
-0.29917	0.21409
-0.73633	-0.097826
-0.85874	0.16206
-0.24893	-0.2246
1.4172	-0.41742
0.62751	-0.031157
0.43512	0.49228
0.40874	0.67028
0.32495	0.30119
-1.9119	0.80195
-0.69114	0.17225
-1.1446	0.85505
-0.30107	0.50747
-1.9977	0.052161
-1.0482	-0.42224
-0.82188	0.22353
-0.71078	0.32293
-1.0466	0.34394
-0.31203	-0.045944
-0.89441	0.25155
-0.41039	-0.32912
-0.088341	-0.54198
-0.49864	0.25077
0.34009	0.17896
0.89311	0.65687
1.6348	0.16986
-0.41782	1.4437
-0.0337	0.63997
-0.6439	0.30446
-0.44599	0.15853
-1.5802	0.69031
-0.89531	0.69912
-0.56326	-0.0037961
-1.5011	-0.1534
-0.82415	0.40379
-0.14625	-0.20265
-0.56587	0.90427
-0.64266	0.12686
-0.39647	0.69205
0.47254	0.15585
0.54431	-0.16591
0.1374	0.73069
0.98611	0.5948
1.5812	0.68228
2.4216	0.63776
0.87283	0.065595
0.50966	-0.936
-0.58973	-0.1118
-1.1172	1.2247
0.36172	0.74677
-1.073	1.434
-0.72577	0.76743
-0.88713	-0.37377
-1.1727	0.36526
-1.0763	0.65989
0.041828	0.89299
0.62894	0.72079
0.56498	0.40131
0.039573	0.58267
0.19754	0.36506
1.4468	0.05965
1.5757	0.10509
2.4902	0.4238
1.7009	0.69747
1.807	0.48459
0.1991	0.1064
0.23364	-0.25381
0.30078	-0.50738
-0.72639	0.51236
-0.65425	0.45549
-0.52022	0.27084
-0.44037	0.15798
-0.89957	-0.20296
-0.36125	-0.29492
-1.1833	-0.087948
-1.3	-0.29003
-0.084513	-0.50816
1.3958	-0.86559
0.5768	-0.48352
-0.19704	0.44742
0.8138	-0.066598
2.0514	-0.57241
0.92589	-0.32364
1.168	-0.22199
0.17869	-0.31826
1.3426	-0.63725
-0.2203	0.049915
-0.79362	0.27979
-0.10357	-0.16745
0.5834	-1.0562
0.57818	-1.3002
0.17646	-0.85043
-0.52888	-0.44298
-0.32557	-0.20921
-0.67458	-0.086703
-0.38667	-0.31583
0.30206	-1.1593
1.0673	-0.3649
1.2908	-1.1205
0.77905	-0.27625
1.5858	-0.47217
0.92542	-0.54324
0.6723	-0.87068
0.06054	-0.52407
-1.1174	0.52644
-0.88721	-0.33628
-0.57264	-0.49938
-0.6868	-1.0222
-0.060022	-1.0291
-0.5778	-0.688
0.57783	-0.9597
-0.82442	-0.62108
-0.38905	-1.8912
-0.075475	-4.6614
-0.82652	-5.7699
-0.9488	-3.6777
-0.083263	1.8845
1.2292	3.5659
1.9593	3.7063
-1.8005	2.15
-1.3509	-1.527
-0.71229	-2.1872
-0.16757	-0.35159
0.098182	1.9541
0.85906	3.1799
-0.37674	2.21
-0.38522	-0.2121
0.81109	-2.1479
0.18106	-0.48664
1.9763	0.12757
2.6293	1.5278
2.5496	0.90028
0.99662	0.32496
1.0107	-1.1117
-0.6184	-0.96018
-0.30381	-0.45435
1.2897	0.44876
-0.33145	1.0979
-0.23691	0.13215
-0.67983	-1.2875
-0.63858	-1.2826
-0.54419	-0.95119
0.45023	0.2263
0.073687	1.1897
0.4368	0.19589
-0.81852	0.18528
0.00097781	-0.95401
0.41782	-0.86432
1.7057	-0.11683
1.7899	0.26882
2.8995	-0.37932
0.67568	-0.59661
1.0828	-1.5385
-0.15861	-0.90827
-0.28917	0.18011
-0.029198	0.41005
-0.65169	0.35883
-0.56314	-0.0080196
-1.9461	0.15927
-0.19528	-0.96863
-0.1206	-0.24163
1.3757	-0.208
-0.80132	0.68803
-1.0858	0.24058
-0.95651	0.46549
0.35204	-1.2536
1.0938	-0.37371
1.1817	0.08723
1.7647	-0.36796
1.782	-0.18008
1.5533	-1.1553
0.10276	-0.0096851
-0.79146	-0.082225
-1.0002	0.53403
-1.0203	0.46586
-0.2143	-0.4072
-0.23081	-0.88536
-0.55005	-0.36239
0.12861	-0.50325
-0.66164	0.58625
-0.16522	0.089853
-1.2185	0.80154
-0.15648	0.20524
-0.16222	0.36389
-0.85495	0.18912
0.32671	0.49001
0.74401	-0.078278
0.95143	0.16992
2.5212	-0.90889
0.96875	-0.57607
-1.2682	-0.17536
-0.4854	-0.1397
-1.0132	-0.14134
-0.63939	0.0094766
-0.66358	-0.21227
-0.26272	-0.53947
-2.4501	0.62489
-1.1292	0.15204
-1.8423	0.96881
-1.7723	0.90086
-0.39528	-0.046044
-0.89624	-0.11169
-0.99809	0.1774
-0.34548	-0.030707
1.2338	-0.71661
0.88834	0.47476
0.36123	0.63812
0.21964	0.51279
0.18418	0.55259
-1.8434	1.151
-0.50391	0.22485
-1.3528	0.91059
-0.58546	0.41633
-1.3403	0.63409
-1.1317	-0.38119
-0.92934	0.10918
-0.81755	0.20866
-0.68019	0.4364
-0.34925	0.72991
-1.0179	0.52858
-0.58524	-0.25818
-0.46155	-0.45685
0.084842	0.062319
0.24618	0.63272
0.5638	0.43436
1.1199	0.55402
-0.35114	1.3545
0.078695	0.63091
-0.70644	0.097045
-0.63719	-0.13895
-1.6625	0.69864
-1.0227	0.74366
-0.77629	-0.11998
-1.2228	0.12287
-0.71882	0.66162
-0.13477	0.054619
-0.84162	0.33822
-0.57315	0.6044
-0.32122	0.07754
0.078528	0.043004
0.31941	-0.15359
0.30135	0.66623
1.1657	0.86764
1.7452	0.84949
2.2744	0.68099
1.3557	0.475
0.31924	-0.52049
-0.569	0.10848
-1.3213	1.5079
0.47944	0.48302
-0.82745	1.2836
-0.73762	0.9038
-0.65726	0.17642
-1.1251	0.6284
-0.65629	0.77266
0.17219	0.78342
0.35371	0.80927
0.39935	0.58169
0.34525	0.32617
0.14725	0.39163
1.5159	0.45477
1.1251	0.64686
2.1698	0.73142
1.5042	0.82029
1.8981	0.36245
0.41157	0.39449
0.55791	-0.35739
0.30838	-0.52226
-0.12424	0.40618
-0.65249	0.56647
-0.39819	0.35107
-0.26868	0.17462
-0.78521	-0.16815
-0.69488	-0.62409
-1.2125	0.11221
-1.2168	0.05098
0.087051	-0.28962
1.3174	-0.85252
0.77116	-0.37743
-0.17284	0.4627
0.80757	-0.22236
2.3586	-1.0662
1.0908	-0.36068
1.1227	-0.27818
0.043203	0.12371
1.3295	-0.93092
-0.13746	-0.037867
-0.88877	0.28549
0.1579	-0.44457
0.39188	-0.86892
0.35853	-1.4205
0.54437	-0.58944
-0.37502	-0.34524
-0.42088	-0.043362
-0.34978	0.01083
-0.60452	-0.46349
0.43301	-1.1577
0.9695	-0.38394
1.2996	-0.84039
0.85964	-0.41082
1.4272	-0.83881
0.68745	-0.51708
0.94978	-0.9233
0.31229	-0.62393
-1.3498	0.10889
-0.97111	-0.12511
-0.63261	-0.46416
-0.68524	-1.004
0.18516	-0.84677
-0.39468	-0.37034
0.86637	-1.4056
-1.028	-0.83281
-0.35449	-2.2374
-0.11539	-4.6771
-0.90513	-5.3253
-0.67266	-3.9189
0.27809	1.9362
1.4156	3.8847
1.4858	3.471
-1.6322	2.2011
-1.7621	-1.6731
-0.71668	-2.3439
-0.31127	-0.048938
0.12957	2.2333
0.54348	3.0862
-0.64115	1.7189
-0.84705	-0.42116
1.0026	-2.1684
0.039513	-0.29025
1.7676	0.24319
2.561	1.2955
2.4512	1.3073
1.6642	0.13023
0.70318	-1.1452
-0.25241	-0.7854
-0.14211	0.13781
1.2351	0.49794
-0.36885	1.5356
-0.02872	-0.090126
-0.62353	-1.2015
-0.72638	-1.2128
-0.49534	-0.67863
0.40364	0.22469
-0.1153	1.2353
0.66388	0.18694
-0.86269	-0.13968
0.045738	-1.0249
0.78253	-0.79524
1.9221	-0.44315
1.9584	0.5342
2.6833	-0.23021
0.57868	-0.40021
1.3307	-1.5356
0.073211	-0.8464
-0.33942	-0.17657
-0.43014	0.5856
-0.66575	1.0338
-0.36882	-0.21394
-1.8511	0.039928
-0.031926	-0.9077
0.052659	-0.81295
1.3416	-0.30865
-0.43738	0.82419
-1.2075	0.63107
-0.83518	0.047782
0.75832	-1.7989
0.95219	-0.57148
1.4332	-0.17999
2.3225	0.0059986
1.6037	-0.046253
1.4669	-0.72827
0.033294	-0.29648
-0.61713	0.45079
-1.0037	0.67863
-0.86176	0.79901
-0.25442	-0.26507
-0.17895	-0.8868
-0.61035	-0.29248
-0.033947	-0.56309
-0.48622	0.81985
-0.33371	0.30805
-1.2181	0.86432
-0.62704	0.41135
-0.45263	0.22115
-0.88418	0.17069
0.37478	0.33234
0.57686	0.23148
1.0637	-0.10974
2.5297	-0.62487
1.4344	-0.87162
-0.96315	-0.11001
-0.20481	0.13394
-1.0849	0.19526
-0.88124	-0.022676
-0.67319	-0.12545
-0.51209	-0.59642
-2.1961	0.73305
-0.94697	0.51986
-1.7882	0.92355
-1.385	0.86835
-0.26286	0.093009
-0.90611	0.070479
-1.1014	0.48034
-0.36167	-0.095656
1.39	-0.68345
0.83166	0.032482
0.59268	0.36623
0.69157	0.48401
0.1429	0.52929
-1.6715	0.77147
-0.78135	0.52238
-1.4963	0.65368
-0.78133	0.33224
-1.4969	0.38071
-1.1931	-0.55287
-0.92075	0.18176
-1.1794	0.17359
-1.1034	0.85553
-0.28533	0.25331
-1.1181	0.085533
-0.23689	-0.63544
-0.34254	-0.17904
-0.2934	0.39303
0.33294	0.49854
0.61546	0.41776
1.2323	0.045662
-0.64875	0.99045
-0.042724	0.57174
-0.72968	0.2408
-0.44416	-0.12282
-1.9555	0.83091
-0.83943	0.49568
-0.96238	0.021884
-1.6175	-0.20155
-0.86743	0.79772
-0.1135	0.048042
-0.64357	0.62403
-0.47803	0.3812
-0.17677	0.43972
0.65477	0.13573
0.19429	-0.17153
0.23118	0.86314
1.4619	1.1505
1.9211	0.76589
2.2831	0.49715
0.95662	0.54575
0.65498	-0.98333
-0.043173	-0.13229
-0.99398	1.0054
0.59092	0.80991
-0.94643	1.3404
-0.78872	0.42994
-0.9896	-0.0057694
-0.78819	0.51081
-1.1439	1.1169
0.18831	0.39059
0.75466	0.64641
0.72262	0.3616
0.22281	0.29168
0.19264	0.80446
1.4534	0.75229
1.3288	0.33152
2.2026	0.50459
1.834	0.86092
1.9528	0.87502
0.44814	0.18403
0.36008	-0.60529
0.3476	-0.52287
-0.43384	0.64529
-0.91325	0.3087
-0.33446	0.41581
-0.63301	0.052319
-0.70233	-0.73429
-0.54449	-0.31177
-1.193	-0.23099
-1.2796	-0.01171
-0.28964	-0.46615
1.709	-0.59153
0.2711	-0.3235
-0.33332	0.24643
0.63991	0.38564
2.2384	-0.929
0.60754	-0.073523
0.9235	-0.81529
0.096025	-0.39014
1.3902	-0.64762
-0.34192	0.061052
-1.2991	0.55997
-0.58495	-0.03296
0.63273	-1.1191
0.53428	-1.2317
0.37372	-0.65391
0.024585	-0.31113
-0.27142	-0.11335
-0.6789	-0.3148
-0.41816	-0.3347
0.42797	-1.3242
0.80329	-0.51971
1.324	-0.72923
0.62007	-0.3022
1.7244	-0.35325
0.78737	0.012089
0.8423	-0.95822
0.19463	-0.58529
-1.7582	0.1452
-0.39211	-0.28378
-0.78903	-0.59069
-0.29678	-0.32043
-0.029012	-1.0704
-0.57017	-0.73474
0.55207	-1.0295
-0.81949	-0.63642
-0.57679	-2.3288
-0.12837	-4.6745
-0.57363	-5.5939
-0.50443	-3.4826
-0.063163	1.6961
1.2226	3.8659
1.7867	3.477
-1.7212	2.1794
-1.4316	-1.6265
-0.88446	-2.0951
-0.41046	-0.354
0.21113	1.6499
0.6171	2.8168
-0.42919	2.1731
-0.84427	-0.11808
0.69965	-2.0999
0.13903	-0.7532
1.8933	0.19165
2.5017	1.3191
2.8404	0.8699
1.113	0.23932
0.44616	-0.7935
-0.24139	-0.65257
-0.3949	-0.16785
1.3483	0.38383
-0.068275	1.4617
0.019128	0.4048
-0.38601	-1.0576
-0.28911	-0.93984
-0.30209	-0.84716
0.39223	0.054524
0.13507	1.5945
0.75094	0.20294
-1.0421	-0.23433
0.15814	-0.74798
0.54251	-1.1038
1.918	-0.24072
1.5053	0.44834
2.5911	-0.23578
0.45008	-0.24641
1.3663	-1.7609
-0.13841	-0.95693
-0.50879	0.28251
0.15686	0.30062
-0.27438	0.51143
-0.57983	-0.30335
-1.6858	-0.39236
0.0034573	-1.102
0.0052184	0.015647
1.5858	0.10535
-0.41268	0.42385
-1.2529	0.46012
-0.69255	0.061644
0.91222	-0.85765
0.90188	0.092463
1.3756	-0.26462
2.1957	0.56764
1.1431	0.13294
1.439	-0.90056
-0.065112	-0.0027962
-0.54849	0.063971
-1.1461	0.84141
-0.95039	0.65401
-0.055466	-0.47758
-0.37605	-0.79473
-0.41657	-0.39533
0.54709	-0.10832
-0.85626	0.54584
-0.35137	0.069694
-1.0313	0.93289
-0.24751	0.05804
-0.87376	0.20081
-0.68294	0.23907
0.7565	-0.050292
0.95592	0.22462
1.2722	0.38934
2.4246	-1.4894
1.1872	-0.65274
-1.2029	0.11219
-0.21428	-0.31935
-1.1808	0.27742
-0.52098	-0.26435
-0.55514	-0.18429
-0.55006	-0.74196
-2.4937	0.27594
-1.2892	0.1587
-1.5182	1.1313
-1.3784	0.65564
-0.45629	0.06128
-0.96375	-0.09649
-0.8875	0.16255
-0.48473	-0.15995
1.3941	-0.46372
0.96538	-0.24794
0.89847	0.48566
0.3709	0.37796
0.1417	0.39076
-1.7758	1.1556
-0.80898	0.38842
-1.4245	0.93135
-0.9014	0.17958
-1.4737	0.33088
-1.2414	-0.42927
-1.0208	0.22506
-0.85104	0.10243
-1.1191	0.69525
-0.30593	0.55408
-0.91994	0.18874
0.061502	-0.36591
-0.2903	-0.43849
-0.052001	0.47923
0.2642	0.47019
0.76219	0.37237
1.6218	-0.010821
-0.51739	1.1677
-0.51835	0.41066
-1.1217	0.2624
-0.6596	-0.0070778
-1.8248	0.60755
-1.0377	0.33827
-0.65742	-0.16406
-1.3364	0.070788
-0.82928	0.48651
-0.39568	-0.16471
-0.83764	0.46801
-0.53501	0.31608
-0.45981	0.51936
0.40273	0.15487
0.066086	0.043466
0.48477	0.7476
0.91558	0.84853
1.8997	1.1442
2.3236	0.8447
0.87701	0.61098
0.14675	-0.53899
-0.39916	-0.12372
-1.2749	1.2342
0.19132	0.37345
-1.1164	1.3423
-1.0091	0.91104
-0.58313	0.1962
-1.1989	0.4761
-1.0621	0.76711
0.14831	0.71845
0.36974	1.0327
0.5782	0.21304
-0.19006	0.27248
0.097685	0.37542
1.4007	0.010266
1.3327	0.42824
1.8524	0.52367
1.5841	0.82104
2.1155	0.37032
0.75221	0.13112
0.60438	-0.52657
0.070678	-0.98445
-0.64704	0.19217
-1.3731	0.37706
-0.69012	0.39587
-0.46982	-0.21655
-0.4833	-0.43959
-0.70553	-0.1685
-1.0925	-0.080747
-1.0024	-0.10686
-0.18824	-0.51586
1.4076	-0.67035
0.72795	-0.49917
-0.20191	0.058029
0.70882	0.03975
2.3254	-0.97019
1.0393	-0.1836
1.1505	-0.54161
0.19991	-0.38027
1.435	-1.1077
-0.33269	-0.27539
-0.98966	0.50444
-0.26258	-0.31297
0.70775	-1.4473
0.62787	-0.91277
0.54338	-0.63577
-0.46352	-0.32458
-0.57003	0.041078
-0.62048	-0.29428
-0.44834	-0.064195
0.6071	-1.0263
1.1403	-0.46954
1.3358	-0.87886
0.73458	-0.41217
1.4333	-0.49985
0.47157	-0.36338
0.8839	-1.223
-0.0082716	-0.36749
-1.1276	0.20291
-0.8395	-0.040939
-0.60595	-0.39133
-0.88497	-0.51076
-0.059001	-0.79071
-0.45093	-0.49105
0.4348	-1.0766
-0.7423	-0.62114
-0.76896	-1.9126
0.19333	-4.8311
-0.2186	-5.8661
-0.5414	-3.3109
-0.031918	1.8287
1.1133	3.5638
1.6259	3.6562
-1.6403	2.1048
-1.6029	-1.9699
-0.85346	-2.4024
-0.2675	-0.56281
-0.16327	1.9342
0.54308	3.0241
-0.86116	1.9622
-0.7585	-0.30131
0.61397	-2.1845
0.3612	-0.77394
1.9033	0.3296
2.49	1.6359
2.4494	0.99006
1.3919	0.23785
0.94488	-0.90929
-0.31168	-0.10919
-0.08907	-0.2101
1.3393	0.46034
-0.64681	1.1647
0.079915	0.11183
-0.59227	-1.5599
-0.67049	-0.90196
-0.43224	-0.94888
0.5285	0.12385
-0.012841	1.4007
0.88984	0.18151
-0.79373	-0.22497
0.013553	-1.059
0.52363	-0.96579
1.6504	-0.02261
1.8059	0.60066
2.7244	-0.25341
0.53321	-0.49622
1.4376	-1.6372
0.12399	-0.62181
-0.4373	-0.18601
-0.20323	0.44966
-0.67611	0.63471
-0.755	-0.48488
-1.8091	0.070972
-0.093762	-0.87583
0.11607	-0.24654
1.2387	-0.047203
-0.61421	0.38101
-0.95631	0.47117
-1.0131	-0.098617
0.31434	-1.1836
1.1578	-0.24655
1.1198	-0.11104
2.2178	-0.0050228
1.8096	0.25607
1.4431	-0.50624
0.061528	-0.17386
-0.81934	-0.057399
-1.0152	0.74875
-0.90451	0.43894
-0.21405	-0.66248
-0.33598	-0.83683
-0.67082	-0.028967
0.087812	-0.49232
-0.60968	0.65475
-0.54384	0.23132
-1.2658	0.90189
-0.43269	0.14247
-0.57612	0.39591
-0.87892	0.020888
0.34994	0.37006
0.57868	0.34244
1.211	0.43138
2.2166	-1.0339
1.1623	-0.84754
-1.1568	-0.092825
-0.0081784	-0.26191
-1.3764	-0.023933
-0.66345	-0.3574
-0.32942	0.012039
-0.6389	-0.53716
-1.9399	0.27711
-1.3768	0.10163
-1.8841	0.96851
-1.4326	0.64344
-0.14857	0.078974
-0.81768	-0.35073
-0.95755	-0.1541
-0.30572	-0.19293
1.2073	-0.65874
0.68516	0.33364
0.71322	0.4128
0.51533	0.3014
0.12617	0.53325
-1.8731	1.4651
-0.40812	0.51609
-1.125	0.98119
-0.6985	0.37096
-1.4861	0.50097
-1.202	-0.27659
-0.88768	0.017992
-0.83427	0.00043073
-1.2173	0.39887
-1.0151	0.47354
-0.87353	0.27241
-0.34083	-0.44736
-0.063234	-0.14444
-0.0060889	0.47361
0.66316	0.22091
0.51505	0.18945
1.3881	0.052506
-0.68593	1.2452
-0.06901	0.22159
-0.54663	-0.058461
-0.72665	0.060562
-1.8291	0.85858
-0.88622	0.55845
-1.0097	-0.22604
-1.3979	-0.22127
-0.99788	0.66986
-0.37521	0.082159
-0.93575	0.45856
-0.43023	0.29875
-0.50158	0.34667
0.20033	0.3264
0.24188	0.032085
0.56015	0.70671
1.2813	1.0427
2.206	1.1974
2.0797	0.80837
0.8358	0.24462
0.31557	-0.4085
-0.46459	-0.13475
-1.2022	0.90786
0.29428	0.8449
-0.96838	1.3033
-0.79751	0.31794
-0.85127	-0.24222
-1.6099	0.65833
-0.98032	0.77508
-0.027891	1.0841
0.44809	0.75151
0.45587	0.17926
0.19807	0.24287
0.37444	0.45621
1.3149	0.57527
1.3694	0.58937
2.0985	0.29766
1.7562	0.91679
1.6604	0.24985
0.81358	-0.0018428
0.86359	-0.16832
0.30166	-1.0052
-0.85146	0.76976
-0.80547	0.35157
-0.5039	0.15318
-0.44696	-0.18807
-0.57892	-0.32717
-0.64628	-0.58855
-1.1876	-0.32574
-1.0314	0.0029695
-0.32194	-0.48364
1.6395	-0.89067
0.76948	-0.27241
0.10043	0.16644
0.78059	0.1861
2.0368	-0.75299
0.94826	-0.14703
1.37	-0.42308
0.42753	-0.2189
1.3434	-0.59307
-0.036298	-0.0080126
-1.2769	0.14613
-0.40336	-0.53649
0.59942	-1.2955
0.5957	-1.1817
0.35092	-0.60544
-0.34765	-0.14796
-0.72075	0.10732
-0.9708	0.083916
-0.43999	-0.41547
0.55633	-0.81208
0.77617	-0.41066
1.0406	-1.1458
1.0748	-0.31843
1.3482	-0.60495
1.0294	-0.28482
1.0551	-1.096
-0.15688	-0.85837
-1.3131	0.15231
-0.47632	-0.203
-0.51019	-0.76913
-0.59272	-0.44231
-0.02204	-1.018
-0.56937	-0.49251
0.34384	-0.6356
-0.90784	-0.60305
-0.3223	-2.1544
-0.10997	-4.5808
-0.84761	-5.7548
-0.97546	-3.4564
-0.29648	1.5892
1.7121	3.9692
1.4384	3.7862
-1.799	2.1379
-1.501	-1.8032
-0.77656	-2.3246
-0.35957	-0.44533
-0.1115	1.9165
0.28673	3.1151
-0.40779	1.7028
-0.52906	-0.20554
0.41594	-2.2114
0.17775	-0.73468
2.0773	0.25796
2.8352	1.479
2.5816	0.73788
1.4596	-0.025972
0.84079	-0.79238
-0.72371	-0.76416
-0.050162	-0.052559
1.4278	0.33354
-0.49763	1.2085
0.066532	0.15125
-0.6264	-1.2295
-0.62867	-1.283
-0.55278	-0.7519
0.15198	0.45422
0.079633	1.4458
0.49241	0.17308
-1.0433	-0.21802
-0.094924	-0.73632
0.94287	-0.98301
1.4499	-0.139
1.508	0.59404
2.9506	-0.17595
0.76283	-0.188
1.1011	-1.7234
-0.35979	-0.71248
-0.15496	0.082345
-0.13432	0.038896
-0.47349	0.66919
-0.66434	-0.05512
-1.5805	0.14806
0.20645	-0.95336
-0.11471	-0.28688
1.2609	-0.21176
-0.61976	0.23915
-0.93682	0.2779
-1.1598	-0.12315
0.80256	-1.1752
0.81825	-0.056124
1.6608	0.17585
2.0982	-0.01849
1.6016	0.28666
1.466	-0.8516
0.50025	-0.096126
-0.79085	0.17503
-1.2867	0.70396
-0.90286	-0.029634
-0.3687	-0.67569
0.0090179	-0.70344
-0.80068	-0.68736
0.20576	-0.22514
-0.491	0.26048
-0.53835	0.0050291
-0.88646	0.62548
-0.45901	0.23408
-0.69975	0.19274
-0.69316	0.32312
0.74176	0.18814
0.36048	0.4825
1.1306	0.11598
2.8066	-0.96731
1.1689	-0.83899
-1.2527	-0.00083463
0.021171	-0.11909
-0.71651	-0.026509
-0.88013	-0.21541
-0.57385	-0.391
-0.59273	-0.47467
-1.9061	0.4399
-1.1816	0.077279
-1.7829	0.90951
-1.6372	0.78131
-0.14747	0.0042144
-0.74784	-0.11725
-0.90115	0.046868
-0.41066	-0.10687
1.3585	-0.69102
0.7771	-0.027223
0.59768	0.48265
0.66428	0.47394
0.12894	0.5299
-1.8282	1.1662
-0.88003	0.069573
-1.4417	1.0077
-0.98022	0.64807
-1.5784	0.42565
-1.1294	0.10023
-1.2375	0.12201
-0.71291	0.033467
-1.068	0.4769
-0.3357	0.55728
-0.92497	0.5547
-0.14486	-0.63436
-0.12949	-0.26874
-0.37523	0.42244
-0.14147	0.29959
0.60203	0.15551
1.116	0.5559
-0.37596	1.2897
0.071968	0.24798
-0.83729	-0.0022621
-0.90118	0.19112
-1.7856	0.67368
-1.0539	0.46465
-0.8057	0.25004
-1.2761	-0.056477
-0.71661	0.59081
-0.29767	-0.15685
-0.72201	0.53666
-0.46561	0.54319
-0.12665	0.35357
0.35352	0.17748
0.4158	-0.1631
0.069559	0.7045
1.0061	0.77033
2.0849	0.49339
2.2891	0.69433
1.1182	0.32918
0.5737	-0.53179
0.015243	-0.20784
-1.2769	1.0867
0.71675	0.75067
-1.0469	1.1734
-0.76543	0.594
-0.84202	-0.19182
-0.99863	0.11991
-1.0591	0.68791
0.060267	0.86314
0.3917	0.68044
0.48095	0.7296
0.0056476	0.20613
0.028685	0.57776
1.3719	0.36581
1.4971	0.37977
1.8704	0.58273
1.9243	1.0729
1.7244	0.58943
0.59142	0.11436
0.412	-0.39597
0.72789	-0.56938
-0.61009	0.19605
-0.71503	0.28257
-0.50678	0.17941
-0.3707	-0.081053
-0.90406	-0.76537
-0.81669	-0.36859
-1.0839	-0.19687
-1.0799	-0.040851
-0.34861	-0.85881
1.3621	-1.0267
0.74557	-0.22903
-0.29426	0.46442
0.96787	-0.11171
2.3792	-0.99531
1.3137	-0.12977
1.3297	-0.4468
0.26408	-0.28668
1.2709	-0.67775
0.026899	0.21591
-0.78505	0.29408
-0.30783	-0.27517
0.60689	-0.69806
0.23333	-1.2126
0.39103	-0.46206
-0.68618	-0.11568
-0.74748	-0.29722
-0.59707	0.0096702
-0.49422	-0.24021
0.90328	-1.0926
0.75048	-0.29754
0.96074	-0.47575
1.0204	-0.23227
1.6655	-0.61759
0.69499	-0.35924
0.76147	-1.3232
-0.075187	-0.5966
-1.6693	0.48006
-0.60719	-0.33397
-0.20987	-0.39866
-0.50464	-0.71375
-0.020899	-1.065
-0.21015	-0.5202
0.50908	-1.0251
-1.0019	-0.57534
-0.30807	-2.0396
-0.35083	-4.5663
-0.39584	-5.8089
-0.93007	-3.593
-0.023881	1.5483
0.91062	3.8771
1.585	4.0556
-1.319	2.1205
-1.5327	-1.7575
-0.90917	-2.19
-0.24134	-0.18028
0.3913	2.0343
0.48729	2.8927
-0.31987	1.6436
-0.37221	-0.25653
0.52397	-2.4141
0.018468	-0.85833
1.9244	0.34414
2.4735	1.3908
2.9608	0.91053
1.2714	0.31854
1.0178	-0.63071
-0.49238	-0.57932
0.25561	0.12727
1.3063	0.22499
-0.27035	1.2699
-0.24274	0.36666
-0.88964	-1.2383
-0.28697	-1.0314
-0.61264	-0.62665
0.41206	0.27888
0.29271	1.2706
0.43817	0.12694
-0.65058	0.030691
-0.054146	-0.91912
0.37009	-1.0092
1.6548	-0.39263
1.7621	0.35112
2.7579	-0.22779
0.64109	-0.29754
1.3433	-1.8151
0.11435	-0.77136
-0.26912	0.29596
-0.35173	0.34538
-0.33356	0.73729
-0.44666	-0.23688
-1.995	0.0030824
-0.015736	-0.93554
0.065241	-0.39593
1.2919	0.14519
-0.81598	0.52896
-0.99049	0.62336
-0.75525	-0.2493
0.79539	-0.81637
1.1301	-0.52768
1.0793	0.41118
2.4958	-0.30113
1.5899	-0.24676
1.7521	-0.69066
0.292	0.15279
-0.61542	0.0056831
-0.99686	0.9064
-0.89014	0.81499
-0.012935	-0.51778
-0.307	-0.67884
-0.50019	-0.18179
0.027592	-0.61581
-0.48336	0.60674
-0.27405	0.022358
-1.0681	0.80227
-0.8342	0.19679
-0.52092	0.35121
-0.88568	0.46019
0.54183	0.20629
0.53668	0.13472
1.1136	0.25296
2.4397	-0.8752
0.98475	-0.86407
-1.0331	-0.15862
-0.56943	-0.48311
-0.95979	0.22811
-0.64915	-0.21377
-1.0378	-0.21751
-0.53856	-0.72207
-2.35	0.4686
-1.2561	0.041478
-1.6869	1.1773
-1.7475	0.86053
-0.54786	0.051413
-0.69389	0.032908
-0.84597	-0.022713
-0.52462	-0.34602
1.4049	-0.49581
0.92697	0.42605
0.63116	0.51425
0.61001	0.30095
0.028065	0.50346
-1.8291	1.2876
-0.66643	0.22715
-1.548	0.83393
-0.96324	0.72847
-1.4105	0.34973
-0.96566	-0.2885
-0.8627	-0.11381
-0.63891	0.27675
-1.1439	0.65339
-0.16421	0.31715
-1.1116	0.24439
-0.36646	-0.32584
0.17465	-0.25802
-0.23766	0.55481
0.21752	0.38466
0.65751	0.27986
1.6245	0.32263
-0.6747	1.2556
-0.051632	0.46383
-0.64247	0.16366
-0.4955	0.13222
-1.59	0.56904
-0.79787	0.75009
-0.63358	0.01261
-1.1738	0.1661
-0.79311	0.71343
-0.15651	0.10914
-1.0813	0.68357
-0.69557	0.023733
-0.48931	0.49566
0.31127	0.12435
0.47308	-0.084538
0.092171	0.62003
0.9318	0.67584
1.9125	0.72739
2.46	0.46578
1.0857	0.37307
0.65363	-0.51154
-0.35359	-0.19453
-1.0095	1.295
0.76082	0.99302
-0.85057	1.2715
-0.62896	0.5065
-0.64108	0.030559
-0.98404	0.47744
-0.94096	1.132
-0.2537	0.95656
0.59832	0.52042
0.5554	0.55083
-0.26567	0.34426
0.18794	0.47215
1.4796	0.22775
1.603	0.33389
2.1136	0.613
1.8986	1.1054
1.8086	0.30727
0.42659	0.13505
0.48206	-0.12287
0.24594	-0.86079
-0.351	0.51987
-0.73729	0.55345
-0.65485	0.59503
-0.47775	0.5118
-0.64565	-0.20985
-0.63827	-0.57354
-1.3303	-0.4444
-1.351	-0.17592
-0.17173	-0.81275
1.1965	-0.66945
0.28342	0.058224
-0.43393	0.19869
0.77029	-0.0058342
2.2503	-1.0008
0.8874	-0.08143
1.1317	-0.3393
-0.24162	-0.26499
1.3472	-0.80626
-0.17191	-0.031973
-1.1117	0.22448
-0.39678	-0.28039
0.55435	-0.97269
0.60905	-1.2334
0.56092	-0.41394
-0.45788	-0.31628
-0.27083	0.020525
-0.84554	0.044217
-0.17098	-0.081691
0.35638	-1.3007
0.88676	-0.38357
1.3849	-0.68658
0.96869	-0.46588
1.4463	-0.40336
0.59152	-0.25362
1.0144	-1.1178
-0.03641	-0.62549
-1.5432	0.18215
-0.6928	-0.24629
-0.56254	-0.96958
-0.68602	-0.71488
-0.11035	-1.0102
-0.54179	-0.42209
0.42654	-0.92019
