77.330 93.366 121.202
76.919 93.017 120.631
76.575 92.495 119.587
76.138 92.121 119.190
76.756 92.688 120.064
78.315 94.349 122.391
79.151 95.197 123.315
78.856 95.215 123.405
78.518 94.160 122.358
77.347 93.093 120.806
76.985 93.002 120.591
77.693 93.743 121.556
78.730 94.577 122.552
78.675 94.825 123.010
78.584 94.430 122.463
77.946 93.769 121.552
77.472 93.494 120.843
77.861 93.801 121.456
78.325 94.445 121.994
78.605 94.874 122.551
78.494 94.775 122.378
78.346 94.332 121.919
77.677 93.806 121.355
77.810 93.696 121.420
78.190 94.023 121.701
78.270 94.406 122.081
78.140 94.238 122.293
78.043 94.028 121.847
77.696 93.515 121.126
77.602 93.562 121.268
77.824 93.722 121.415
78.307 94.195 121.925
78.180 94.338 122.335
77.795 94.112 121.986
77.937 93.841 121.681
77.753 93.772 121.441
77.956 93.949 121.509
78.012 94.323 121.914
78.397 94.590 122.230
78.131 94.576 122.028
78.232 94.154 121.749
77.877 93.945 121.339
77.815 93.834 121.537
78.048 94.017 121.827
78.240 94.156 121.986
78.027 94.116 122.122
77.932 93.893 121.673
78.076 93.727 121.648
77.882 93.890 121.540
78.032 94.046 121.764
78.155 94.348 121.990
78.350 94.169 122.046
78.409 94.089 121.957
78.109 93.993 121.846
78.049 93.983 121.482
77.986 94.249 121.921
78.257 94.468 122.121
78.336 94.640 122.188
78.127 94.491 122.161
78.173 94.325 121.836
77.987 94.137 121.934
78.215 94.084 121.930
78.222 94.112 122.136
78.204 94.151 122.100
77.999 94.053 121.801
77.958 93.977 121.674
77.844 93.966 121.857
77.893 94.086 121.860
78.178 94.169 122.106
78.006 94.157 122.030
78.348 94.226 122.226
78.081 94.176 122.111
78.227 94.247 122.158
78.403 94.211 122.096
78.182 94.439 122.255
78.497 94.504 122.208
78.312 94.539 122.221
77.943 94.481 121.915
78.016 94.318 121.900
78.152 94.081 121.990
77.932 94.144 122.008
78.178 94.120 122.072
78.083 94.117 122.007
78.127 94.116 121.979
78.118 94.080 121.837
78.080 93.958 122.125
78.276 94.141 122.079
78.372 94.259 122.415
78.387 94.290 122.392
78.135 94.299 122.186
78.004 94.170 122.119
78.146 94.172 122.106
78.389 94.378 122.189
78.220 94.527 122.148
78.491 94.646 122.366
78.644 94.712 122.476
78.544 94.641 122.419
78.587 94.612 122.443
78.463 94.340 122.521
78.512 94.394 122.281
78.358 94.376 122.496
78.320 94.363 122.340
78.271 94.203 122.238
78.004 94.100 122.045
78.236 94.283 122.232
78.208 94.294 122.286
78.441 94.413 122.411
78.336 94.470 122.408
78.429 94.351 122.288
78.067 94.259 122.097
78.387 94.401 122.147
78.531 94.564 122.433
78.374 94.625 122.533
78.761 94.821 122.561
78.684 94.929 122.593
78.802 94.769 122.778
78.328 94.598 122.556
78.365 94.379 122.298
78.312 94.406 122.326
78.406 94.346 122.478
78.125 94.411 122.535
78.217 94.386 122.334
78.252 94.276 122.270
78.386 94.556 122.614
78.254 94.477 122.344
78.320 94.517 122.578
78.518 94.543 122.473
78.620 94.669 122.576
78.447 94.706 122.555
78.475 94.666 122.437
78.644 94.833 122.732
78.858 95.092 122.884
79.000 95.339 123.063
78.809 95.271 122.935
78.497 94.928 122.761
78.282 94.539 122.256
78.650 94.605 122.389
78.614 94.704 122.841
78.745 94.972 122.858
78.745 94.834 122.975
78.471 94.646 122.680
78.563 94.530 122.394
78.395 94.547 122.619
78.600 94.719 122.822
78.742 94.926 122.876
78.471 94.944 122.896
78.540 94.923 122.822
78.823 94.894 122.723
78.648 94.923 122.826
78.516 95.074 122.885
79.042 95.262 122.960
78.982 95.418 123.081
79.011 95.378 123.117
78.911 95.275 122.944
78.689 94.919 122.720
78.380 94.739 122.513
78.413 94.677 122.391
78.803 94.828 122.759
78.536 94.705 122.719
78.527 94.751 122.748
78.387 94.664 122.602
78.492 94.574 122.419
78.415 94.561 122.408
78.212 94.452 122.463
78.512 94.550 122.523
78.308 94.585 122.437
78.265 94.819 122.475
78.515 94.854 122.609
78.828 94.915 122.806
78.523 94.965 122.786
78.564 95.093 122.548
78.717 95.024 122.750
78.585 94.963 122.624
78.736 94.868 122.614
78.416 94.904 122.527
78.764 94.872 122.738
78.538 94.711 122.740
78.562 94.749 122.583
78.414 94.712 122.373
78.319 94.664 122.334
78.547 94.846 122.571
78.562 94.736 122.594
78.558 94.800 122.708
78.777 94.819 122.683
78.540 94.734 122.607
78.662 94.804 122.409
78.824 95.050 122.696
78.744 95.038 122.610
78.835 95.100 122.792
78.683 95.126 122.750
78.800 95.071 122.765
78.779 94.967 122.543
78.566 94.816 122.609
78.766 94.806 122.850
78.566 94.779 122.705
78.649 94.771 122.604
78.455 94.667 122.531
78.527 94.755 122.463
78.686 94.828 122.662
78.611 94.901 122.582
